1, 286
2, 193
3, 196
4, 510
5, 558
6, 301
7, 188
8, 629
9, 690
10, 270
11, 430
12, 373
13, 281
14, 276
15, 243
16, 482
17, 274
18, 234
19, 241
20, 188
21, 592
22, 342
23, 708
24, 245
25, 355
26, 227
27, 320
28, 298
29, 595
30, 307
31, 1043
32, 342
33, 378
34, 408
35, 224
36, 185
37, 249
38, 1101
39, 596
40, 404
41, 255
42, 920
43, 272
44, 355
45, 306
46, 360
47, 299
48, 453
49, 642
50, 353
51, 333
52, 509
53, 215
54, 417
55, 340
56, 167
57, 278
58, 513
59, 276
60, 302
61, 432
62, 313
63, 850
64, 199
65, 213
66, 233
67, 172
68, 193
69, 481
70, 464
71, 684
72, 371
73, 274
74, 268
75, 219
76, 632
77, 348
78, 313
79, 189
80, 606
81, 280
82, 634
83, 204
84, 229
85, 156
86, 390
87, 802
88, 227
89, 358
90, 272
91, 361
92, 172
93, 204
94, 707
95, 480
96, 426
97, 626
98, 305
99, 195
100, 322
101, 316
102, 1771
103, 370
104, 447
105, 744
106, 154
107, 521
108, 213
109, 880
110, 378
111, 229
112, 251
113, 251
114, 808
115, 521
116, 273
117, 319
118, 609
119, 578
120, 301
121, 281
122, 367
123, 569
124, 219
125, 734
126, 376
127, 175
128, 387
129, 305
130, 630
131, 371
132, 385
133, 232
134, 312
135, 253
136, 218
137, 527
138, 292
139, 907
140, 191
141, 221
142, 429
143, 177
144, 259
145, 279
146, 308
147, 200
148, 402
149, 257
150, 368
