1, 297
2, 315
3, 254
4, 248
5, 681
6, 250
7, 364
8, 290
9, 242
10, 269
11, 267
12, 309
13, 314
14, 299
15, 295
16, 318
17, 265
18, 319
19, 242
20, 261
21, 279
22, 280
23, 398
24, 280
25, 274
26, 267
27, 235
28, 285
29, 284
30, 269
31, 292
32, 658
33, 413
34, 656
35, 250
36, 283
37, 276
38, 284
39, 289
40, 296
41, 263
42, 302
43, 280
44, 251
45, 304
46, 304
47, 244
48, 461
49, 299
50, 586
51, 241
52, 302
53, 314
54, 320
55, 239
56, 565
57, 343
58, 332
59, 474
60, 355
61, 225
62, 238
63, 339
64, 410
65, 274
66, 397
67, 360
68, 308
69, 226
70, 257
71, 358
72, 273
73, 243
74, 335
75, 258
76, 303
77, 291
78, 293
79, 289
80, 291
81, 240
82, 580
83, 272
84, 563
85, 294
86, 259
87, 251
88, 265
89, 290
90, 332
91, 305
92, 325
93, 341
94, 315
95, 378
96, 1739
97, 274
98, 271
99, 299
100, 234
101, 257
102, 198
103, 262
104, 210
105, 548
106, 464
107, 250
108, 245
109, 220
110, 424
111, 338
112, 360
113, 266
114, 256
115, 270
116, 410
117, 559
118, 291
119, 243
120, 323
121, 271
122, 265
123, 249
124, 343
125, 280
126, 261
127, 212
128, 323
129, 263
130, 353
