1, 403
2, 320
3, 289
4, 295
5, 638
6, 208
7, 669
8, 258
9, 262
10, 218
11, 234
12, 181
13, 210
14, 234
15, 100
16, 471
17, 189
18, 552
19, 545
20, 244
21, 180
22, 260
23, 588
24, 168
25, 150
26, 194
27, 244
28, 195
29, 243
30, 145
31, 154
32, 808
33, 415
34, 1268
35, 325
36, 197
37, 147
38, 114
39, 121
40, 340
41, 208
42, 460
43, 469
44, 363
45, 608
46, 503
47, 216
48, 712
49, 230
50, 414
51, 294
52, 251
53, 473
54, 247
55, 296
56, 607
57, 120
58, 101
59, 823
60, 511
61, 255
62, 239
63, 491
64, 479
65, 291
66, 121
67, 324
68, 290
69, 368
70, 223
71, 296
72, 334
73, 188
74, 131
75, 332
76, 181
77, 122
78, 212
79, 461
80, 131
81, 378
82, 900
83, 423
84, 638
85, 155
86, 371
87, 288
88, 222
89, 167
90, 138
91, 158
92, 133
93, 194
94, 229
95, 606
96, 2974
97, 535
98, 410
99, 441
100, 240
101, 387
102, 422
103, 328
104, 245
105, 845
106, 753
107, 323
108, 332
109, 326
110, 650
111, 525
112, 134
113, 90
114, 428
115, 200
116, 553
117, 985
118, 487
119, 281
120, 591
121, 168
122, 488
123, 379
124, 494
125, 441
126, 347
127, 564
128, 315
129, 414
130, 713
