1, 414
2, 316
3, 297
4, 306
5, 364
6, 215
7, 688
8, 267
9, 268
10, 223
11, 242
12, 186
13, 215
14, 240
15, 103
16, 483
17, 196
18, 559
19, 363
20, 252
21, 184
22, 273
23, 595
24, 172
25, 155
26, 200
27, 255
28, 202
29, 243
30, 149
31, 158
32, 831
33, 433
34, 1229
35, 340
36, 204
37, 149
38, 118
39, 126
40, 351
41, 214
42, 485
43, 484
44, 372
45, 621
46, 517
47, 224
48, 727
49, 234
50, 415
51, 318
52, 260
53, 488
54, 250
55, 309
56, 597
57, 125
58, 104
59, 854
60, 525
61, 265
62, 248
63, 506
64, 740
65, 301
66, 124
67, 331
68, 299
69, 380
70, 230
71, 311
72, 344
73, 206
74, 136
75, 345
76, 187
77, 126
78, 216
79, 474
80, 138
81, 387
82, 924
83, 437
84, 657
85, 160
86, 392
87, 298
88, 225
89, 169
90, 140
91, 166
92, 132
93, 202
94, 232
95, 666
96, 3104
97, 549
98, 422
99, 467
100, 245
101, 385
102, 421
103, 337
104, 254
105, 660
106, 784
107, 332
108, 386
109, 340
110, 670
111, 535
112, 137
113, 90
114, 445
115, 208
116, 536
117, 1028
118, 502
119, 288
120, 610
121, 175
122, 514
123, 399
124, 507
125, 439
126, 342
127, 501
128, 328
129, 426
130, 444
