1, 194
2, 204
3, 203
4, 338
5, 332
6, 251
7, 202
8, 281
9, 420
10, 223
11, 285
12, 228
13, 216
14, 221
15, 175
16, 256
17, 295
18, 184
19, 518
20, 187
21, 422
22, 269
23, 388
24, 206
25, 190
26, 208
27, 209
28, 224
29, 444
30, 202
31, 368
32, 231
33, 230
34, 379
35, 205
36, 194
37, 190
38, 414
39, 460
40, 285
41, 191
42, 397
43, 203
44, 229
45, 218
46, 186
47, 221
48, 280
49, 389
50, 376
51, 264
52, 369
53, 203
54, 271
55, 273
56, 211
57, 226
58, 335
59, 234
60, 250
61, 278
62, 278
63, 359
64, 192
65, 205
66, 554
67, 202
68, 210
69, 305
70, 316
71, 347
72, 198
73, 221
74, 228
75, 214
76, 215
77, 237
78, 203
79, 188
80, 352
81, 402
82, 428
83, 182
84, 201
85, 221
86, 219
87, 525
88, 223
89, 213
90, 202
91, 241
92, 213
93, 213
94, 450
95, 197
96, 277
97, 400
98, 207
99, 188
100, 217
101, 411
102, 204
103, 231
104, 299
105, 566
106, 203
107, 210
108, 214
109, 556
110, 228
111, 200
112, 227
113, 198
114, 575
115, 319
116, 434
117, 589
118, 424
119, 292
120, 228
121, 196
122, 268
123, 378
124, 227
125, 450
126, 248
127, 239
128, 275
129, 216
130, 322
131, 218
132, 220
133, 203
134, 218
135, 216
136, 207
137, 379
138, 206
139, 755
140, 207
141, 222
142, 251
143, 235
144, 191
145, 208
146, 300
147, 230
148, 348
149, 202
150, 226
