1, 283
2, 183
3, 189
4, 492
5, 514
6, 317
7, 176
8, 610
9, 655
10, 258
11, 403
12, 361
13, 286
14, 269
15, 242
16, 487
17, 267
18, 224
19, 234
20, 184
21, 564
22, 331
23, 685
24, 236
25, 310
26, 219
27, 300
28, 287
29, 589
30, 305
31, 1017
32, 329
33, 374
34, 398
35, 219
36, 177
37, 240
38, 1064
39, 576
40, 386
41, 243
42, 581
43, 261
44, 346
45, 297
46, 344
47, 287
48, 433
49, 617
50, 283
51, 327
52, 493
53, 209
54, 406
55, 328
56, 160
57, 264
58, 502
59, 273
60, 292
61, 418
62, 303
63, 817
64, 167
65, 198
66, 640
67, 163
68, 188
69, 476
70, 457
71, 700
72, 369
73, 296
74, 260
75, 215
76, 613
77, 334
78, 305
79, 183
80, 452
81, 285
82, 621
83, 197
84, 218
85, 152
86, 381
87, 775
88, 218
89, 345
90, 264
91, 336
92, 168
93, 210
94, 685
95, 464
96, 404
97, 508
98, 310
99, 189
100, 313
101, 306
102, 1711
103, 369
104, 433
105, 917
106, 153
107, 504
108, 207
109, 852
110, 364
111, 221
112, 246
113, 215
114, 778
115, 507
116, 261
117, 636
118, 588
119, 564
120, 290
121, 273
122, 356
123, 551
124, 213
125, 709
126, 363
127, 168
128, 381
129, 294
130, 607
131, 358
132, 314
133, 233
134, 306
135, 244
136, 214
137, 511
138, 282
139, 880
140, 184
141, 212
142, 414
143, 171
144, 254
145, 308
146, 304
147, 194
148, 361
149, 248
150, 353
