1, 423
2, 324
3, 305
4, 317
5, 394
6, 222
7, 708
8, 276
9, 272
10, 230
11, 250
12, 191
13, 220
14, 246
15, 106
16, 497
17, 202
18, 572
19, 356
20, 258
21, 188
22, 279
23, 605
24, 176
25, 158
26, 203
27, 267
28, 214
29, 244
30, 154
31, 162
32, 855
33, 452
34, 1238
35, 357
36, 210
37, 151
38, 125
39, 131
40, 362
41, 218
42, 406
43, 500
44, 379
45, 637
46, 523
47, 233
48, 740
49, 238
50, 407
51, 282
52, 269
53, 503
54, 254
55, 321
56, 600
57, 130
58, 108
59, 884
60, 542
61, 274
62, 257
63, 522
64, 756
65, 314
66, 128
67, 376
68, 309
69, 392
70, 237
71, 325
72, 354
73, 222
74, 142
75, 356
76, 193
77, 130
78, 223
79, 489
80, 144
81, 397
82, 949
83, 451
84, 780
85, 165
86, 407
87, 309
88, 230
89, 172
90, 143
91, 180
92, 134
93, 211
94, 234
95, 723
96, 3188
97, 563
98, 435
99, 545
100, 251
101, 400
102, 331
103, 348
104, 262
105, 550
106, 808
107, 341
108, 541
109, 353
110, 690
111, 539
112, 141
113, 90
114, 461
115, 217
116, 478
117, 1068
118, 520
119, 249
120, 629
121, 181
122, 532
123, 421
124, 521
125, 447
126, 338
127, 982
128, 348
129, 437
130, 614
