1, 289
2, 207
3, 209
4, 543
5, 581
6, 317
7, 203
8, 551
9, 638
10, 285
11, 437
12, 409
13, 464
14, 279
15, 247
16, 505
17, 287
18, 248
19, 253
20, 196
21, 380
22, 443
23, 790
24, 210
25, 324
26, 241
27, 402
28, 321
29, 625
30, 352
31, 559
32, 370
33, 360
34, 433
35, 236
36, 196
37, 269
38, 1166
39, 639
40, 441
41, 271
42, 1394
43, 281
44, 371
45, 325
46, 387
47, 320
48, 489
49, 652
50, 579
51, 335
52, 536
53, 227
54, 553
55, 364
56, 177
57, 364
58, 586
59, 294
60, 326
61, 459
62, 335
63, 908
64, 221
65, 247
66, 261
67, 190
68, 206
69, 509
70, 489
71, 653
72, 381
73, 310
74, 290
75, 237
76, 668
77, 380
78, 333
79, 200
80, 645
81, 269
82, 883
83, 218
84, 244
85, 165
86, 419
87, 858
88, 240
89, 390
90, 285
91, 418
92, 181
93, 215
94, 745
95, 512
96, 2049
97, 391
98, 287
99, 211
100, 315
101, 344
102, 1891
103, 475
104, 458
105, 461
106, 157
107, 555
108, 221
109, 933
110, 440
111, 259
112, 255
113, 393
114, 868
115, 510
116, 266
117, 331
118, 650
119, 383
120, 314
121, 298
122, 408
123, 603
124, 232
125, 781
126, 399
127, 192
128, 395
129, 327
130, 676
131, 396
132, 413
133, 214
134, 329
135, 270
136, 237
137, 307
138, 313
139, 722
140, 210
141, 248
142, 459
143, 189
144, 282
145, 292
146, 357
147, 210
148, 448
149, 274
150, 404
