1, 230
2, 142
3, 148
4, 398
5, 403
6, 268
7, 125
8, 341
9, 527
10, 198
11, 287
12, 377
13, 303
14, 201
15, 197
16, 780
17, 224
18, 176
19, 548
20, 156
21, 463
22, 277
23, 554
24, 177
25, 353
26, 173
27, 239
28, 1097
29, 480
30, 235
31, 482
32, 266
33, 292
34, 373
35, 180
36, 153
37, 190
38, 824
39, 490
40, 319
41, 156
42, 466
43, 191
44, 283
45, 236
46, 260
47, 233
48, 348
49, 510
50, 324
51, 312
52, 408
53, 169
54, 320
55, 289
56, 126
57, 198
58, 389
59, 217
60, 205
61, 341
62, 294
63, 437
64, 134
65, 155
66, 454
67, 134
68, 149
69, 406
70, 374
71, 351
72, 138
73, 250
74, 194
75, 179
76, 441
77, 258
78, 247
79, 138
80, 460
81, 195
82, 528
83, 151
84, 162
85, 129
86, 311
87, 627
88, 172
89, 168
90, 201
91, 298
92, 138
93, 200
94, 572
95, 369
96, 315
97, 267
98, 311
99, 156
100, 256
101, 256
102, 1364
103, 372
104, 352
105, 341
106, 149
107, 195
108, 180
109, 673
110, 296
111, 172
112, 256
113, 165
114, 576
115, 390
116, 432
117, 749
118, 477
119, 238
120, 512
121, 170
122, 314
123, 452
124, 219
125, 539
126, 275
127, 144
128, 336
129, 231
130, 393
131, 289
132, 250
133, 193
134, 237
135, 194
136, 185
137, 416
138, 242
139, 753
140, 161
141, 175
142, 260
143, 150
144, 212
145, 181
146, 326
147, 142
148, 231
149, 209
150, 230
