1, 389
2, 313
3, 282
4, 284
5, 598
6, 202
7, 649
8, 249
9, 255
10, 213
11, 227
12, 175
13, 206
14, 227
15, 100
16, 458
17, 182
18, 547
19, 515
20, 235
21, 177
22, 257
23, 587
24, 164
25, 144
26, 188
27, 230
28, 188
29, 239
30, 141
31, 149
32, 791
33, 401
34, 1314
35, 313
36, 190
37, 145
38, 112
39, 116
40, 331
41, 203
42, 438
43, 454
44, 351
45, 597
46, 485
47, 208
48, 681
49, 225
50, 414
51, 275
52, 243
53, 457
54, 244
55, 283
56, 667
57, 116
58, 100
59, 797
60, 495
61, 242
62, 229
63, 478
64, 510
65, 283
66, 118
67, 355
68, 280
69, 355
70, 216
71, 335
72, 324
73, 184
74, 127
75, 321
76, 175
77, 119
78, 205
79, 453
80, 124
81, 367
82, 878
83, 409
84, 631
85, 151
86, 350
87, 278
88, 215
89, 165
90, 135
91, 153
92, 135
93, 185
94, 226
95, 587
96, 2876
97, 528
98, 398
99, 420
100, 235
101, 357
102, 498
103, 319
104, 236
105, 852
106, 726
107, 315
108, 318
109, 314
110, 631
111, 501
112, 130
113, 92
114, 407
115, 192
116, 557
117, 942
118, 473
119, 300
120, 573
121, 162
122, 466
123, 361
124, 481
125, 453
126, 351
127, 359
128, 303
129, 402
130, 694
