1, 361
2, 285
3, 269
4, 263
5, 581
6, 181
7, 606
8, 235
9, 240
10, 204
11, 212
12, 167
13, 199
14, 214
15, 112
16, 434
17, 169
18, 517
19, 465
20, 216
21, 174
22, 237
23, 627
24, 155
25, 135
26, 169
27, 212
28, 174
29, 227
30, 133
31, 141
32, 843
33, 371
34, 1251
35, 290
36, 177
37, 140
38, 111
39, 109
40, 364
41, 192
42, 357
43, 423
44, 330
45, 564
46, 452
47, 193
48, 639
49, 215
50, 270
51, 254
52, 227
53, 427
54, 237
55, 264
56, 534
57, 111
58, 106
59, 740
60, 471
61, 221
62, 204
63, 458
64, 518
65, 271
66, 122
67, 383
68, 262
69, 332
70, 201
71, 538
72, 305
73, 201
74, 120
75, 299
76, 163
77, 116
78, 202
79, 441
80, 109
81, 352
82, 830
83, 382
84, 602
85, 142
86, 336
87, 258
88, 203
89, 161
90, 131
91, 143
92, 130
93, 171
94, 216
95, 535
96, 2699
97, 522
98, 374
99, 380
100, 226
101, 240
102, 279
103, 298
104, 217
105, 808
106, 668
107, 299
108, 290
109, 290
110, 594
111, 450
112, 124
113, 101
114, 371
115, 177
116, 536
117, 868
118, 446
119, 287
120, 512
121, 149
122, 412
123, 331
124, 456
125, 426
126, 392
127, 294
128, 279
129, 382
130, 653
