1, 238
2, 164
3, 169
4, 443
5, 441
6, 296
7, 147
8, 379
9, 585
10, 202
11, 324
12, 316
13, 318
14, 237
15, 291
16, 871
17, 245
18, 197
19, 215
20, 169
21, 518
22, 302
23, 580
24, 190
25, 1065
26, 195
27, 255
28, 1234
29, 537
30, 267
31, 448
32, 295
33, 395
34, 421
35, 200
36, 152
37, 215
38, 951
39, 521
40, 347
41, 204
42, 496
43, 211
44, 315
45, 269
46, 296
47, 258
48, 395
49, 569
50, 319
51, 306
52, 449
53, 189
54, 358
55, 293
56, 141
57, 210
58, 443
59, 248
60, 257
61, 379
62, 388
63, 630
64, 160
65, 201
66, 181
67, 142
68, 171
69, 336
70, 421
71, 626
72, 147
73, 271
74, 203
75, 197
76, 549
77, 292
78, 275
79, 163
80, 519
81, 221
82, 583
83, 172
84, 177
85, 136
86, 344
87, 698
88, 204
89, 191
90, 238
91, 283
92, 153
93, 216
94, 666
95, 418
96, 360
97, 371
98, 312
99, 183
100, 285
101, 280
102, 1534
103, 404
104, 392
105, 1069
106, 151
107, 441
108, 191
109, 757
110, 332
111, 197
112, 255
113, 176
114, 642
115, 443
116, 238
117, 826
118, 530
119, 260
120, 282
121, 232
122, 341
123, 500
124, 196
125, 623
126, 267
127, 144
128, 355
129, 260
130, 548
131, 322
132, 176
133, 221
134, 273
135, 220
136, 183
137, 472
138, 259
139, 815
140, 166
141, 189
142, 369
143, 162
144, 226
145, 217
146, 288
147, 169
148, 424
149, 227
150, 376
