1, 216
2, 157
3, 162
4, 428
5, 423
6, 286
7, 138
8, 363
9, 566
10, 198
11, 319
12, 301
13, 314
14, 226
15, 285
16, 847
17, 236
18, 209
19, 211
20, 167
21, 532
22, 293
23, 561
24, 185
25, 1124
26, 187
27, 257
28, 1183
29, 517
30, 255
31, 423
32, 285
33, 337
34, 404
35, 193
36, 150
37, 207
38, 904
39, 516
40, 337
41, 167
42, 483
43, 200
44, 304
45, 260
46, 284
47, 250
48, 381
49, 549
50, 325
51, 325
52, 434
53, 182
54, 343
55, 282
56, 136
57, 314
58, 445
59, 239
60, 238
61, 366
62, 332
63, 505
64, 156
65, 226
66, 175
67, 137
68, 164
69, 326
70, 404
71, 474
72, 145
73, 261
74, 206
75, 191
76, 491
77, 280
78, 267
79, 155
80, 498
81, 212
82, 565
83, 163
84, 163
85, 131
86, 333
87, 674
88, 178
89, 184
90, 228
91, 294
92, 148
93, 210
94, 641
95, 403
96, 344
97, 371
98, 312
99, 186
100, 275
101, 269
102, 1476
103, 394
104, 378
105, 1037
106, 155
107, 425
108, 187
109, 727
110, 321
111, 189
112, 257
113, 174
114, 621
115, 422
116, 239
117, 795
118, 512
119, 281
120, 277
121, 222
122, 319
123, 484
124, 190
125, 592
126, 255
127, 136
128, 347
129, 249
130, 531
131, 310
132, 223
133, 213
134, 261
135, 211
136, 175
137, 450
138, 255
139, 788
140, 162
141, 183
142, 282
143, 159
144, 223
145, 203
146, 279
147, 158
148, 419
149, 222
150, 363
