1, 202
2, 154
3, 170
4, 365
5, 363
6, 244
7, 158
8, 230
9, 464
10, 198
11, 271
12, 238
13, 216
14, 218
15, 148
16, 277
17, 246
18, 157
19, 551
20, 160
21, 452
22, 289
23, 429
24, 169
25, 252
26, 171
27, 201
28, 1012
29, 438
30, 210
31, 421
32, 238
33, 252
34, 377
35, 170
36, 160
37, 166
38, 660
39, 495
40, 299
41, 166
42, 415
43, 192
44, 248
45, 212
46, 156
47, 211
48, 301
49, 390
50, 328
51, 283
52, 378
53, 160
54, 288
55, 288
56, 162
57, 338
58, 339
59, 236
60, 251
61, 307
62, 275
63, 373
64, 158
65, 167
66, 321
67, 161
68, 167
69, 346
70, 338
71, 432
72, 160
73, 274
74, 185
75, 200
76, 221
77, 236
78, 215
79, 162
80, 276
81, 171
82, 470
83, 148
84, 167
85, 168
86, 281
87, 562
88, 186
89, 162
90, 201
91, 268
92, 169
93, 190
94, 485
95, 215
96, 354
97, 707
98, 251
99, 160
100, 229
101, 1851
102, 197
103, 223
104, 313
105, 949
106, 172
107, 180
108, 182
109, 598
110, 254
111, 164
112, 220
113, 166
114, 496
115, 343
116, 461
117, 634
118, 428
119, 201
120, 224
121, 190
122, 277
123, 409
124, 205
125, 483
126, 265
127, 181
128, 303
129, 210
130, 346
131, 244
132, 228
133, 176
134, 203
135, 173
136, 175
137, 316
138, 190
139, 701
140, 184
141, 248
142, 277
143, 185
144, 197
145, 168
146, 305
147, 174
148, 231
149, 206
150, 204
