1, 259
2, 266
3, 222
4, 214
5, 705
6, 215
7, 383
8, 244
9, 216
10, 238
11, 233
12, 255
13, 260
14, 251
15, 254
16, 326
17, 231
18, 339
19, 274
20, 226
21, 240
22, 236
23, 424
24, 231
25, 241
26, 225
27, 209
28, 238
29, 250
30, 217
31, 239
32, 682
33, 351
34, 739
35, 219
36, 233
37, 238
38, 234
39, 243
40, 294
41, 225
42, 282
43, 315
44, 245
45, 540
46, 309
47, 211
48, 457
49, 254
50, 285
51, 210
52, 258
53, 315
54, 262
55, 205
56, 588
57, 280
58, 276
59, 489
60, 327
61, 201
62, 201
63, 352
64, 438
65, 242
66, 322
67, 348
68, 251
69, 231
70, 217
71, 373
72, 238
73, 200
74, 269
75, 226
76, 252
77, 260
78, 269
79, 275
80, 247
81, 243
82, 605
83, 272
84, 607
85, 242
86, 259
87, 216
88, 228
89, 244
90, 276
91, 244
92, 270
93, 283
94, 271
95, 345
96, 1853
97, 286
98, 272
99, 247
100, 229
101, 213
102, 204
103, 232
104, 181
105, 554
106, 479
107, 232
108, 224
109, 195
110, 433
111, 312
112, 290
113, 228
114, 245
115, 231
116, 395
117, 562
118, 309
119, 233
120, 337
121, 229
122, 275
123, 225
124, 341
125, 260
126, 240
127, 195
128, 295
129, 275
130, 305
