1, 240
2, 230
3, 230
4, 208
5, 796
6, 160
7, 439
8, 198
9, 191
10, 185
11, 176
12, 167
13, 181
14, 191
15, 177
16, 363
17, 161
18, 403
19, 407
20, 165
21, 175
22, 194
23, 492
24, 163
25, 175
26, 164
27, 166
28, 157
29, 172
30, 148
31, 161
32, 760
33, 317
34, 939
35, 223
36, 161
37, 167
38, 158
39, 171
40, 325
41, 166
42, 253
43, 342
44, 274
45, 531
46, 360
47, 168
48, 533
49, 192
50, 266
51, 229
52, 206
53, 348
54, 206
55, 186
56, 410
57, 182
58, 178
59, 566
60, 326
61, 176
62, 166
63, 392
64, 502
65, 234
66, 207
67, 353
68, 211
69, 265
70, 167
71, 426
72, 251
73, 169
74, 168
75, 226
76, 167
77, 188
78, 393
79, 334
80, 172
81, 279
82, 679
83, 304
84, 825
85, 178
86, 287
87, 203
88, 176
89, 170
90, 187
91, 166
92, 179
93, 191
94, 201
95, 419
96, 2161
97, 390
98, 302
99, 283
100, 234
101, 192
102, 222
103, 225
104, 171
105, 556
106, 534
107, 251
108, 235
109, 224
110, 477
111, 340
112, 180
113, 158
114, 264
115, 161
116, 441
117, 635
118, 359
119, 249
120, 369
121, 167
122, 317
123, 315
124, 375
125, 278
126, 265
127, 265
128, 246
129, 315
130, 504
