1, 213
2, 138
3, 158
4, 373
5, 380
6, 251
7, 144
8, 256
9, 485
10, 200
11, 282
12, 247
13, 278
14, 198
15, 158
16, 747
17, 235
18, 158
19, 570
20, 152
21, 445
22, 302
23, 453
24, 170
25, 372
26, 166
27, 209
28, 1027
29, 446
30, 217
31, 379
32, 247
33, 263
34, 389
35, 167
36, 149
37, 174
38, 747
39, 514
40, 306
41, 159
42, 425
43, 190
44, 259
45, 220
46, 159
47, 217
48, 317
49, 464
50, 323
51, 294
52, 386
53, 156
54, 298
55, 300
56, 143
57, 366
58, 374
59, 226
60, 197
61, 318
62, 276
63, 387
64, 143
65, 163
66, 316
67, 147
68, 153
69, 368
70, 350
71, 421
72, 146
73, 331
74, 183
75, 174
76, 246
77, 241
78, 225
79, 153
80, 421
81, 178
82, 490
83, 143
84, 164
85, 151
86, 291
87, 583
88, 174
89, 158
90, 196
91, 280
92, 153
93, 192
94, 507
95, 200
96, 297
97, 364
98, 274
99, 160
100, 238
101, 246
102, 199
103, 232
104, 325
105, 920
106, 156
107, 180
108, 178
109, 623
110, 269
111, 159
112, 237
113, 158
114, 512
115, 358
116, 468
117, 656
118, 442
119, 210
120, 229
121, 176
122, 288
123, 426
124, 206
125, 502
126, 274
127, 164
128, 316
129, 216
130, 359
131, 260
132, 202
133, 181
134, 214
135, 179
136, 170
137, 315
138, 201
139, 706
140, 173
141, 257
142, 293
143, 166
144, 188
145, 164
146, 312
147, 156
148, 229
149, 203
150, 211
