1, 239
2, 169
3, 176
4, 458
5, 469
6, 305
7, 155
8, 394
9, 605
10, 228
11, 334
12, 339
13, 303
14, 249
15, 301
16, 885
17, 253
18, 203
19, 221
20, 174
21, 526
22, 311
23, 610
24, 195
25, 303
26, 203
27, 264
28, 1295
29, 555
30, 291
31, 947
32, 305
33, 415
34, 380
35, 207
36, 160
37, 223
38, 990
39, 538
40, 357
41, 414
42, 512
43, 232
44, 325
45, 278
46, 309
47, 267
48, 407
49, 584
50, 306
51, 313
52, 462
53, 196
54, 375
55, 304
56, 147
57, 209
58, 455
59, 255
60, 271
61, 392
62, 402
63, 755
64, 163
65, 157
66, 201
67, 149
68, 177
69, 350
70, 436
71, 656
72, 148
73, 396
74, 245
75, 202
76, 572
77, 304
78, 284
79, 170
80, 545
81, 239
82, 600
83, 180
84, 185
85, 141
86, 356
87, 722
88, 207
89, 197
90, 247
91, 297
92, 158
93, 219
94, 688
95, 433
96, 375
97, 406
98, 313
99, 181
100, 295
101, 289
102, 1592
103, 305
104, 405
105, 1102
106, 144
107, 478
108, 195
109, 791
110, 344
111, 205
112, 253
113, 172
114, 662
115, 462
116, 244
117, 878
118, 548
119, 576
120, 287
121, 255
122, 349
123, 516
124, 201
125, 654
126, 282
127, 152
128, 365
129, 270
130, 567
131, 334
132, 193
133, 230
134, 286
135, 228
136, 193
137, 487
138, 265
139, 837
140, 171
141, 196
142, 385
143, 164
144, 283
145, 244
146, 302
147, 178
148, 416
149, 231
150, 391
