1, 235
2, 235
3, 211
4, 202
5, 735
6, 192
7, 402
8, 210
9, 194
10, 215
11, 206
12, 217
13, 225
14, 217
15, 223
16, 338
17, 203
18, 365
19, 378
20, 198
21, 212
22, 204
23, 448
24, 200
25, 216
26, 200
27, 186
28, 203
29, 214
30, 184
31, 205
32, 707
33, 326
34, 816
35, 205
36, 201
37, 209
38, 201
39, 208
40, 303
41, 198
42, 288
43, 322
44, 253
45, 517
46, 327
47, 186
48, 481
49, 223
50, 274
51, 194
52, 226
53, 326
54, 222
55, 180
56, 574
57, 237
58, 236
59, 512
60, 322
61, 183
62, 180
63, 366
64, 463
65, 226
66, 272
67, 350
68, 213
69, 242
70, 191
71, 391
72, 238
73, 175
74, 224
75, 206
76, 215
77, 231
78, 282
79, 283
80, 215
81, 255
82, 629
83, 281
84, 708
85, 212
86, 268
87, 192
88, 202
89, 211
90, 238
91, 205
92, 232
93, 243
94, 237
95, 336
96, 1959
97, 308
98, 281
99, 251
100, 234
101, 207
102, 226
103, 219
104, 167
105, 558
106, 497
107, 233
108, 223
109, 197
110, 445
111, 308
112, 242
113, 199
114, 240
115, 204
116, 410
117, 579
118, 325
119, 237
120, 352
121, 201
122, 287
123, 212
124, 351
125, 260
126, 241
127, 228
128, 274
129, 288
130, 510
