1, 194
2, 225
3, 221
4, 203
5, 768
6, 175
7, 421
8, 196
9, 186
10, 192
11, 186
12, 188
13, 201
14, 195
15, 197
16, 350
17, 180
18, 385
19, 382
20, 170
21, 190
22, 192
23, 470
24, 180
25, 194
26, 180
27, 174
28, 176
29, 217
30, 163
31, 181
32, 733
33, 318
34, 887
35, 213
36, 178
37, 186
38, 177
39, 185
40, 314
41, 178
42, 286
43, 332
44, 263
45, 518
46, 348
47, 170
48, 508
49, 206
50, 269
51, 200
52, 199
53, 337
54, 204
55, 176
56, 519
57, 206
58, 204
59, 539
60, 321
61, 176
62, 164
63, 379
64, 483
65, 228
66, 236
67, 351
68, 203
69, 253
70, 174
71, 408
72, 245
73, 165
74, 192
75, 211
76, 188
77, 208
78, 294
79, 295
80, 191
81, 267
82, 654
83, 292
84, 763
85, 193
86, 277
87, 194
88, 185
89, 188
90, 209
91, 185
92, 203
93, 215
94, 212
95, 345
96, 2061
97, 350
98, 291
99, 266
100, 239
101, 235
102, 228
103, 220
104, 165
105, 558
106, 515
107, 241
108, 229
109, 211
110, 460
111, 336
112, 206
113, 176
114, 250
115, 181
116, 425
117, 602
118, 342
119, 242
120, 362
121, 182
122, 302
123, 306
124, 363
125, 269
126, 252
127, 247
128, 260
129, 301
130, 488
