1, 262
2, 175
3, 182
4, 475
5, 492
6, 313
7, 165
8, 592
9, 631
10, 242
11, 387
12, 380
13, 297
14, 260
15, 319
16, 449
17, 261
18, 212
19, 227
20, 179
21, 549
22, 320
23, 654
24, 211
25, 314
26, 212
27, 278
28, 278
29, 573
30, 300
31, 980
32, 316
33, 388
34, 388
35, 213
36, 168
37, 232
38, 1028
39, 557
40, 373
41, 245
42, 543
43, 250
44, 335
45, 288
46, 325
47, 277
48, 418
49, 599
50, 266
51, 320
52, 477
53, 202
54, 392
55, 316
56, 153
57, 250
58, 477
59, 263
60, 281
61, 405
62, 290
63, 779
64, 163
65, 180
66, 316
67, 156
68, 183
69, 361
70, 450
71, 682
72, 147
73, 320
74, 251
75, 208
76, 593
77, 319
78, 295
79, 177
80, 438
81, 295
82, 610
83, 189
84, 201
85, 147
86, 368
87, 747
88, 211
89, 189
90, 256
91, 316
92, 163
93, 219
94, 708
95, 448
96, 388
97, 433
98, 314
99, 184
100, 304
101, 297
102, 1652
103, 318
104, 419
105, 905
106, 151
107, 492
108, 201
109, 822
110, 350
111, 213
112, 249
113, 180
114, 638
115, 481
116, 251
117, 647
118, 568
119, 576
120, 284
121, 264
122, 347
123, 533
124, 207
125, 681
126, 400
127, 160
128, 373
129, 281
130, 587
131, 346
132, 244
133, 234
134, 298
135, 236
136, 206
137, 499
138, 273
139, 859
140, 177
141, 204
142, 399
143, 167
144, 268
145, 259
146, 305
147, 187
148, 326
149, 237
150, 345
