1, 422
2, 340
3, 313
4, 328
5, 343
6, 230
7, 726
8, 284
9, 276
10, 237
11, 259
12, 195
13, 226
14, 253
15, 110
16, 510
17, 209
18, 592
19, 361
20, 236
21, 194
22, 286
23, 618
24, 180
25, 161
26, 208
27, 276
28, 227
29, 250
30, 160
31, 167
32, 882
33, 469
34, 1274
35, 375
36, 216
37, 156
38, 130
39, 135
40, 374
41, 222
42, 413
43, 517
44, 384
45, 656
46, 542
47, 241
48, 759
49, 241
50, 418
51, 267
52, 279
53, 519
54, 259
55, 333
56, 570
57, 133
58, 115
59, 913
60, 559
61, 283
62, 267
63, 538
64, 789
65, 280
66, 132
67, 413
68, 319
69, 404
70, 244
71, 338
72, 365
73, 236
74, 148
75, 366
76, 199
77, 133
78, 235
79, 505
80, 150
81, 407
82, 974
83, 465
84, 829
85, 169
86, 420
87, 319
88, 235
89, 174
90, 145
91, 186
92, 136
93, 220
94, 234
95, 767
96, 3270
97, 582
98, 448
99, 720
100, 259
101, 454
102, 358
103, 359
104, 271
105, 563
106, 831
107, 350
108, 559
109, 366
110, 711
111, 537
112, 144
113, 92
114, 477
115, 226
116, 510
117, 1104
118, 536
119, 278
120, 651
121, 188
122, 549
123, 447
124, 536
125, 457
126, 675
127, 959
128, 367
129, 448
130, 426
