1, 240
2, 150
3, 155
4, 412
5, 413
6, 277
7, 129
8, 351
9, 547
10, 196
11, 303
12, 393
13, 311
14, 215
15, 279
16, 826
17, 229
18, 186
19, 213
20, 162
21, 492
22, 285
23, 551
24, 181
25, 416
26, 179
27, 248
28, 1139
29, 499
30, 245
31, 556
32, 275
33, 312
34, 382
35, 187
36, 148
37, 198
38, 859
39, 504
40, 328
41, 162
42, 474
43, 194
44, 294
45, 253
46, 271
47, 241
48, 367
49, 528
50, 329
51, 321
52, 419
53, 176
54, 330
55, 272
56, 130
57, 306
58, 427
59, 230
60, 220
61, 353
62, 304
63, 464
64, 142
65, 167
66, 186
67, 134
68, 157
69, 323
70, 387
71, 404
72, 142
73, 254
74, 200
75, 185
76, 465
77, 270
78, 258
79, 142
80, 478
81, 203
82, 547
83, 156
84, 149
85, 127
86, 322
87, 650
88, 174
89, 176
90, 216
91, 301
92, 143
93, 205
94, 616
95, 387
96, 327
97, 329
98, 308
99, 160
100, 266
101, 262
102, 1418
103, 383
104, 365
105, 1020
106, 157
107, 402
108, 183
109, 700
110, 309
111, 180
112, 260
113, 170
114, 598
115, 405
116, 663
117, 452
118, 494
119, 263
120, 273
121, 208
122, 330
123, 468
124, 225
125, 564
126, 366
127, 137
128, 343
129, 240
130, 415
131, 300
132, 244
133, 202
134, 248
135, 203
136, 192
137, 428
138, 253
139, 766
140, 161
141, 178
142, 271
143, 151
144, 217
145, 191
146, 324
147, 149
148, 235
149, 216
150, 355
