1, 291
2, 201
3, 202
4, 526
5, 566
6, 308
7, 197
8, 647
9, 680
10, 279
11, 572
12, 391
13, 294
14, 281
15, 243
16, 493
17, 280
18, 242
19, 248
20, 192
21, 363
22, 430
23, 738
24, 253
25, 330
26, 234
27, 340
28, 310
29, 611
30, 338
31, 537
32, 359
33, 381
34, 419
35, 229
36, 192
37, 259
38, 1134
39, 618
40, 425
41, 263
42, 946
43, 280
44, 364
45, 315
46, 373
47, 310
48, 472
49, 362
50, 409
51, 330
52, 525
53, 221
54, 519
55, 352
56, 173
57, 312
58, 538
59, 285
60, 313
61, 446
62, 324
63, 882
64, 211
65, 232
66, 243
67, 181
68, 199
69, 495
70, 476
71, 650
72, 373
73, 304
74, 279
75, 228
76, 650
77, 363
78, 323
79, 195
80, 625
81, 275
82, 271
83, 211
84, 238
85, 160
86, 404
87, 830
88, 234
89, 375
90, 278
91, 388
92, 177
93, 197
94, 728
95, 496
96, 596
97, 391
98, 284
99, 204
100, 329
101, 339
102, 1830
103, 462
104, 459
105, 439
106, 155
107, 539
108, 233
109, 906
110, 398
111, 241
112, 254
113, 371
114, 837
115, 502
116, 281
117, 319
118, 629
119, 595
120, 308
121, 290
122, 388
123, 585
124, 226
125, 759
126, 388
127, 181
128, 394
129, 316
130, 653
131, 383
132, 398
133, 215
134, 321
135, 261
136, 227
137, 533
138, 302
139, 870
140, 198
141, 232
142, 444
143, 183
144, 268
145, 295
146, 325
147, 205
148, 429
149, 265
150, 383
