1, 273
2, 289
3, 269
4, 394
5, 357
6, 528
7, 289
8, 287
9, 371
10, 277
11, 328
12, 333
13, 298
14, 382
15, 382
16, 295
17, 384
18, 342
19, 510
20, 253
21, 346
22, 303
23, 368
24, 300
25, 242
26, 295
27, 310
28, 311
29, 484
30, 233
31, 366
32, 323
33, 249
34, 535
35, 296
36, 262
37, 259
38, 343
39, 529
40, 428
41, 462
42, 464
43, 276
44, 279
45, 279
46, 271
47, 325
48, 288
49, 345
50, 405
51, 347
52, 407
53, 291
54, 433
55, 330
56, 286
57, 397
58, 491
59, 322
60, 304
61, 274
62, 292
63, 358
64, 237
65, 269
66, 751
67, 271
68, 293
69, 291
70, 298
71, 427
72, 318
73, 318
74, 334
75, 255
76, 263
77, 327
78, 251
79, 245
80, 331
81, 341
82, 328
83, 229
84, 404
85, 332
86, 290
87, 515
88, 411
89, 296
90, 250
91, 267
92, 299
93, 409
94, 421
95, 348
96, 436
97, 271
98, 221
99, 329
100, 245
101, 394
102, 346
103, 283
104, 331
105, 268
106, 260
107, 275
108, 251
109, 555
110, 403
111, 257
112, 320
113, 256
114, 594
115, 291
116, 390
117, 346
118, 635
119, 497
120, 281
121, 301
122, 319
123, 386
124, 310
125, 418
126, 290
127, 350
128, 261
129, 259
130, 274
131, 249
132, 271
133, 271
134, 267
135, 307
136, 289
137, 595
138, 282
139, 1129
140, 253
141, 262
142, 358
143, 306
144, 260
145, 286
146, 328
147, 336
148, 585
149, 261
150, 393
