1, 349
2, 273
3, 261
4, 253
5, 1210
6, 177
7, 584
8, 229
9, 231
10, 201
11, 205
12, 163
13, 195
14, 208
15, 120
16, 422
17, 161
18, 499
19, 447
20, 206
21, 172
22, 223
23, 601
24, 151
25, 131
26, 163
27, 203
28, 167
29, 221
30, 128
31, 137
32, 850
33, 357
34, 1267
35, 279
36, 171
37, 138
38, 111
39, 116
40, 356
41, 187
42, 329
43, 408
44, 320
45, 547
46, 436
47, 187
48, 623
49, 210
50, 273
51, 245
52, 221
53, 412
54, 233
55, 251
56, 483
57, 117
58, 113
59, 710
60, 390
61, 212
62, 185
63, 448
64, 549
65, 266
66, 130
67, 382
68, 254
69, 321
70, 193
71, 519
72, 305
73, 199
74, 118
75, 288
76, 158
77, 123
78, 258
79, 405
80, 115
81, 341
82, 805
83, 369
84, 624
85, 138
86, 333
87, 248
88, 198
89, 157
90, 130
91, 140
92, 128
93, 168
94, 212
95, 516
96, 2619
97, 511
98, 362
99, 363
100, 221
101, 226
102, 262
103, 287
104, 208
105, 786
106, 644
107, 298
108, 275
109, 279
110, 576
111, 463
112, 125
113, 107
114, 355
115, 171
116, 522
117, 831
118, 432
119, 282
120, 489
121, 144
122, 397
123, 394
124, 442
125, 410
126, 378
127, 392
128, 270
129, 388
130, 635
