1, 293
2, 247
3, 243
4, 223
5, 918
6, 155
7, 516
8, 211
9, 207
10, 192
11, 184
12, 153
13, 181
14, 194
15, 148
16, 387
17, 136
18, 445
19, 508
20, 176
21, 166
22, 203
23, 533
24, 140
25, 149
26, 150
27, 177
28, 147
29, 191
30, 127
31, 133
32, 809
33, 326
34, 1056
35, 245
36, 152
37, 141
38, 130
39, 146
40, 344
41, 172
42, 280
43, 368
44, 293
45, 564
46, 389
47, 181
48, 577
49, 192
50, 264
51, 220
52, 210
53, 372
54, 217
55, 208
56, 408
57, 148
58, 143
59, 623
60, 350
61, 180
62, 181
63, 416
64, 544
65, 248
66, 166
67, 366
68, 228
69, 288
70, 169
71, 463
72, 268
73, 183
74, 139
75, 253
76, 143
77, 155
78, 412
79, 350
80, 143
81, 305
82, 729
83, 329
84, 1023
85, 154
86, 305
87, 219
88, 183
89, 150
90, 154
91, 147
92, 144
93, 164
94, 203
95, 395
96, 2356
97, 449
98, 325
99, 318
100, 224
101, 202
102, 249
103, 236
104, 184
105, 714
106, 576
107, 286
108, 245
109, 247
110, 515
111, 344
112, 145
113, 132
114, 298
115, 156
116, 475
117, 717
118, 389
119, 262
120, 446
121, 141
122, 349
123, 341
124, 400
125, 335
126, 292
127, 299
128, 247
129, 349
130, 565
