1, 194
2, 175
3, 184
4, 352
5, 346
6, 241
7, 176
8, 289
9, 443
10, 205
11, 257
12, 231
13, 209
14, 214
15, 160
16, 265
17, 270
18, 169
19, 533
20, 169
21, 463
22, 276
23, 414
24, 184
25, 205
26, 184
27, 197
28, 1057
29, 438
30, 204
31, 378
32, 229
33, 241
34, 372
35, 185
36, 175
37, 173
38, 537
39, 477
40, 291
41, 172
42, 405
43, 187
44, 238
45, 204
46, 180
47, 210
48, 287
49, 420
50, 347
51, 271
52, 372
53, 179
54, 277
55, 278
56, 186
57, 316
58, 331
59, 234
60, 256
61, 299
62, 284
63, 365
64, 174
65, 183
66, 282
67, 180
68, 186
69, 320
70, 326
71, 379
72, 186
73, 238
74, 199
75, 203
76, 197
77, 236
78, 206
79, 172
80, 287
81, 166
82, 450
83, 163
84, 180
85, 190
86, 271
87, 542
88, 196
89, 181
90, 201
91, 255
92, 189
93, 196
94, 466
95, 190
96, 300
97, 711
98, 229
99, 170
100, 222
101, 634
102, 193
103, 216
104, 303
105, 825
106, 188
107, 189
108, 195
109, 576
110, 239
111, 180
112, 204
113, 181
114, 575
115, 331
116, 452
117, 607
118, 419
119, 292
120, 224
121, 186
122, 268
123, 392
124, 214
125, 465
126, 256
127, 206
128, 290
129, 207
130, 335
131, 230
132, 222
133, 182
134, 202
135, 187
136, 187
137, 318
138, 187
139, 713
140, 195
141, 231
142, 263
143, 207
144, 207
145, 184
146, 300
147, 200
148, 251
149, 204
150, 210
