1, 424
2, 391
3, 307
4, 300
5, 665
6, 301
7, 346
8, 372
9, 273
10, 322
11, 330
12, 392
13, 402
14, 378
15, 351
16, 369
17, 314
18, 321
19, 374
20, 305
21, 339
22, 341
23, 372
24, 339
25, 342
26, 335
27, 274
28, 356
29, 394
30, 349
31, 382
32, 634
33, 573
34, 566
35, 294
36, 359
37, 327
38, 370
39, 349
40, 327
41, 314
42, 377
43, 359
44, 301
45, 321
46, 368
47, 293
48, 494
49, 374
50, 384
51, 296
52, 436
53, 354
54, 448
55, 289
56, 589
57, 448
58, 419
59, 524
60, 433
61, 255
62, 272
63, 358
64, 379
65, 333
66, 519
67, 470
68, 397
69, 249
70, 311
71, 394
72, 333
73, 308
74, 422
75, 326
76, 369
77, 324
78, 422
79, 355
80, 359
81, 275
82, 553
83, 328
84, 543
85, 393
86, 304
87, 313
88, 322
89, 353
90, 411
91, 409
92, 409
93, 420
94, 381
95, 527
96, 1605
97, 278
98, 336
99, 380
100, 279
101, 305
102, 234
103, 307
104, 251
105, 541
106, 455
107, 291
108, 294
109, 270
110, 428
111, 440
112, 492
113, 321
114, 295
115, 328
116, 552
117, 623
118, 317
119, 280
120, 319
121, 345
122, 297
123, 263
124, 375
125, 299
126, 308
127, 242
128, 507
129, 274
130, 358
