1, 289
2, 163
3, 177
4, 285
5, 203
6, 169
7, 166
8, 184
9, 152
10, 169
11, 169
12, 228
13, 525
14, 240
15, 234
16, 401
17, 169
18, 243
19, 155
20, 291
21, 201
22, 277
23, 218
24, 563
25, 200
26, 160
27, 156
28, 189
29, 218
30, 192
31, 232
32, 213
33, 389
34, 281
35, 171
36, 188
37, 160
38, 315
39, 214
40, 183
41, 257
42, 296
43, 441
44, 178
45, 185
46, 179
47, 257
48, 167
49, 306
50, 151
51, 228
52, 285
53, 157
54, 161
55, 171
56, 184
57, 313
58, 198
59, 153
60, 228
61, 221
62, 221
63, 394
64, 244
65, 176
66, 160
67, 225
68, 408
69, 233
70, 188
71, 268
72, 416
73, 156
74, 212
75, 202
76, 285
77, 232
78, 169
79, 236
80, 2641
81, 245
82, 155
83, 158
84, 198
85, 166
86, 254
87, 522
88, 154
89, 187
90, 162
91, 165
92, 167
93, 152
94, 241
95, 222
96, 216
97, 153
98, 171
99, 385
100, 358
