1, 199
2, 189
3, 191
4, 218
5, 213
6, 233
7, 178
8, 264
9, 177
10, 182
11, 196
12, 203
13, 450
14, 249
15, 183
16, 280
17, 207
18, 320
19, 185
20, 208
21, 269
22, 256
23, 218
24, 450
25, 206
26, 193
27, 181
28, 195
29, 236
30, 204
31, 297
32, 204
33, 327
34, 262
35, 193
36, 193
37, 186
38, 304
39, 225
40, 184
41, 183
42, 181
43, 586
44, 184
45, 194
46, 189
47, 212
48, 189
49, 238
50, 178
51, 210
52, 191
53, 180
54, 183
55, 185
56, 184
57, 287
58, 211
59, 180
60, 226
61, 189
62, 227
63, 298
64, 223
65, 194
66, 186
67, 210
68, 428
69, 249
70, 204
71, 267
72, 198
73, 178
74, 211
75, 199
76, 278
77, 237
78, 185
79, 264
80, 2186
81, 255
82, 183
83, 181
84, 252
85, 242
86, 184
87, 524
88, 180
89, 197
90, 181
91, 206
92, 187
93, 179
94, 234
95, 211
96, 206
97, 178
98, 190
99, 196
100, 329
