1, 295
2, 302
3, 294
4, 333
5, 305
6, 297
7, 294
8, 294
9, 292
10, 309
11, 306
12, 302
13, 329
14, 303
15, 295
16, 319
17, 307
18, 434
19, 295
20, 310
21, 303
22, 296
23, 302
24, 359
25, 302
26, 297
27, 296
28, 297
29, 376
30, 309
31, 313
32, 311
33, 299
34, 329
35, 300
36, 298
37, 304
38, 313
39, 349
40, 331
41, 299
42, 328
43, 328
44, 297
45, 296
46, 299
47, 297
48, 300
49, 298
50, 295
51, 304
52, 322
53, 298
54, 294
55, 295
56, 293
57, 306
58, 303
59, 295
60, 300
61, 293
62, 294
63, 308
64, 295
65, 301
66, 297
67, 295
68, 419
69, 320
70, 308
71, 327
72, 306
73, 293
74, 300
75, 295
76, 294
77, 313
78, 296
79, 326
80, 295
81, 310
82, 298
83, 295
84, 336
85, 296
86, 296
87, 380
88, 295
89, 297
90, 294
91, 298
92, 298
93, 295
94, 302
95, 297
96, 297
97, 295
98, 294
99, 297
100, 347
