1, 1
2, 1
3, 183
4, 254
5, 207
6, 190
7, 164
8, 228
9, 163
10, 171
11, 180
12, 197
13, 487
14, 242
15, 208
16, 337
17, 181
18, 238
19, 170
20, 216
21, 215
22, 265
23, 210
24, 482
25, 196
26, 169
27, 167
28, 186
29, 221
30, 201
31, 258
32, 198
33, 194
34, 266
35, 175
36, 185
37, 171
38, 310
39, 223
40, 175
41, 169
42, 289
43, 221
44, 191
45, 178
46, 177
47, 235
48, 175
49, 271
50, 163
51, 204
52, 272
53, 166
54, 169
55, 175
56, 179
57, 301
58, 200
59, 165
60, 226
61, 193
62, 429
63, 337
64, 236
65, 205
66, 172
67, 219
68, 451
69, 243
70, 194
71, 264
72, 175
73, 166
74, 215
75, 193
76, 289
77, 230
78, 175
79, 258
80, 2404
81, 251
82, 169
83, 167
84, 206
85, 172
86, 236
87, 568
88, 166
89, 195
90, 169
91, 297
92, 176
93, 164
94, 237
95, 214
96, 195
97, 163
98, 179
99, 367
100, 340
