1, 149
2, 151
3, 174
4, 310
5, 200
6, 164
7, 186
8, 166
9, 144
10, 169
11, 163
12, 223
13, 562
14, 245
15, 257
16, 430
17, 154
18, 296
19, 147
20, 300
21, 244
22, 307
23, 260
24, 228
25, 224
26, 184
27, 149
28, 219
29, 230
30, 201
31, 292
32, 204
33, 258
34, 298
35, 158
36, 230
37, 148
38, 267
39, 177
40, 185
41, 274
42, 270
43, 190
44, 217
45, 168
46, 181
47, 278
48, 149
49, 337
50, 140
51, 236
52, 285
53, 152
54, 153
55, 163
56, 216
57, 327
58, 192
59, 143
60, 233
61, 166
62, 189
63, 547
64, 250
65, 224
66, 154
67, 228
68, 425
69, 232
70, 189
71, 316
72, 165
73, 157
74, 594
75, 203
76, 306
77, 231
78, 162
79, 244
80, 2877
81, 247
82, 144
83, 153
84, 199
85, 168
86, 281
87, 571
88, 145
89, 184
90, 175
91, 160
92, 160
93, 141
94, 273
95, 236
96, 242
97, 144
98, 166
99, 395
100, 385
