1, 191
2, 189
3, 224
4, 219
5, 191
6, 191
7, 227
8, 344
9, 197
10, 292
11, 225
12, 195
13, 193
14, 231
15, 228
16, 300
17, 221
18, 306
19, 328
20, 241
21, 183
22, 235
23, 199
24, 191
25, 192
26, 207
27, 212
28, 413
29, 201
30, 254
31, 276
32, 190
33, 564
34, 187
35, 189
36, 220
37, 266
38, 817
39, 269
40, 183
41, 190
42, 214
43, 298
44, 371
45, 209
46, 188
47, 203
48, 211
49, 188
50, 224
51, 397
52, 204
53, 280
54, 202
55, 280
56, 189
57, 189
58, 192
59, 194
60, 194
61, 210
62, 190
63, 443
64, 189
65, 282
66, 191
67, 197
68, 206
69, 233
70, 215
71, 400
72, 196
73, 363
74, 205
75, 267
76, 243
77, 255
78, 214
79, 224
80, 216
81, 201
82, 190
83, 257
84, 188
85, 196
86, 215
87, 243
88, 223
89, 190
90, 189
91, 200
92, 204
93, 315
94, 190
95, 189
96, 191
97, 194
98, 297
99, 273
100, 231
101, 294
102, 508
103, 230
104, 192
105, 351
106, 291
107, 391
108, 219
109, 190
110, 193
111, 297
112, 225
113, 331
114, 195
115, 197
116, 189
117, 191
118, 194
119, 192
120, 193
121, 206
122, 225
123, 191
124, 216
125, 190
126, 217
127, 191
128, 191
129, 197
130, 219
131, 194
132, 220
133, 511
134, 189
135, 429
136, 224
137, 201
138, 187
139, 190
140, 206
141, 193
142, 188
143, 230
144, 216
145, 364
146, 186
147, 202
148, 194
149, 196
150, 190
151, 233
152, 282
153, 276
154, 190
155, 261
156, 352
157, 326
158, 233
159, 374
160, 229
161, 243
162, 364
163, 197
164, 192
165, 211
166, 267
167, 222
168, 189
169, 187
170, 261
171, 205
172, 857
173, 197
174, 187
175, 450
176, 213
177, 246
178, 194
179, 224
180, 215
181, 184
182, 1307
183, 237
184, 190
185, 212
186, 218
187, 187
188, 212
189, 194
190, 188
191, 203
192, 212
193, 206
194, 240
195, 539
196, 420
197, 225
198, 211
199, 233
200, 189
