1, 155
2, 130
3, 264
4, 177
5, 133
6, 131
7, 178
8, 302
9, 149
10, 309
11, 206
12, 194
13, 135
14, 207
15, 260
16, 369
17, 249
18, 293
19, 352
20, 178
21, 167
22, 228
23, 190
24, 198
25, 154
26, 183
27, 217
28, 390
29, 148
30, 269
31, 273
32, 165
33, 214
34, 166
35, 127
36, 202
37, 261
38, 1207
39, 320
40, 140
41, 563
42, 169
43, 559
44, 316
45, 160
46, 129
47, 179
48, 224
49, 240
50, 367
51, 315
52, 160
53, 232
54, 156
55, 306
56, 181
57, 153
58, 169
59, 140
60, 131
61, 170
62, 133
63, 688
64, 184
65, 308
66, 176
67, 261
68, 172
69, 206
70, 340
71, 259
72, 153
73, 541
74, 218
75, 254
76, 267
77, 222
78, 167
79, 227
80, 215
81, 130
82, 175
83, 237
84, 132
85, 145
86, 168
87, 265
88, 193
89, 153
90, 128
91, 238
92, 182
93, 303
94, 161
95, 131
96, 136
97, 158
98, 295
99, 325
100, 198
101, 392
102, 598
103, 201
104, 154
105, 408
106, 286
107, 301
108, 174
109, 180
110, 140
111, 401
112, 193
113, 405
114, 147
115, 160
116, 129
117, 129
118, 136
119, 131
120, 140
121, 157
122, 161
123, 138
124, 368
125, 129
126, 138
127, 132
128, 132
129, 142
130, 369
131, 174
132, 175
133, 205
134, 149
135, 665
136, 199
137, 309
138, 129
139, 160
140, 153
141, 187
142, 148
143, 191
144, 201
145, 362
146, 221
147, 255
148, 165
149, 144
150, 168
151, 169
152, 547
153, 220
154, 169
155, 214
156, 254
157, 275
158, 196
159, 423
160, 199
161, 235
162, 315
163, 139
164, 144
165, 141
166, 380
167, 219
168, 133
169, 141
170, 325
171, 259
172, 985
173, 258
174, 159
175, 688
176, 413
177, 177
178, 133
179, 178
180, 182
181, 127
182, 1547
183, 190
184, 198
185, 173
186, 190
187, 131
188, 180
189, 183
190, 152
191, 168
192, 183
193, 165
194, 286
195, 714
196, 407
197, 215
198, 285
199, 202
200, 130
