1, 165
2, 159
3, 232
4, 194
5, 160
6, 160
7, 201
8, 316
9, 170
10, 291
11, 202
12, 179
13, 167
14, 217
15, 216
16, 294
17, 205
18, 291
19, 324
20, 206
21, 156
22, 222
23, 173
24, 186
25, 167
26, 185
27, 201
28, 405
29, 173
30, 259
31, 252
32, 164
33, 216
34, 173
35, 158
36, 204
37, 232
38, 978
39, 270
40, 156
41, 458
42, 192
43, 413
44, 333
45, 184
46, 158
47, 184
48, 212
49, 184
50, 270
51, 349
52, 179
53, 308
54, 173
55, 279
56, 173
57, 163
58, 174
59, 163
60, 162
61, 190
62, 161
63, 545
64, 169
65, 292
66, 165
67, 237
68, 177
69, 215
70, 198
71, 378
72, 172
73, 441
74, 192
75, 252
76, 212
77, 234
78, 188
79, 209
80, 209
81, 213
82, 175
83, 237
84, 157
85, 167
86, 188
87, 228
88, 205
89, 166
90, 158
91, 176
92, 190
93, 293
94, 162
95, 161
96, 163
97, 166
98, 285
99, 273
100, 223
101, 303
102, 504
103, 208
104, 170
105, 367
106, 294
107, 383
108, 188
109, 168
110, 165
111, 341
112, 203
113, 348
114, 169
115, 175
116, 159
117, 160
118, 164
119, 161
120, 165
121, 180
122, 197
123, 162
124, 284
125, 160
126, 168
127, 161
128, 160
129, 168
130, 283
131, 164
132, 196
133, 491
134, 159
135, 520
136, 200
137, 229
138, 158
139, 167
140, 177
141, 181
142, 160
143, 209
144, 207
145, 355
146, 158
147, 225
148, 175
149, 170
150, 165
151, 179
152, 443
153, 246
154, 172
155, 238
156, 261
157, 297
158, 222
159, 190
160, 212
161, 219
162, 338
163, 166
164, 162
165, 170
166, 318
167, 202
168, 160
169, 158
170, 289
171, 220
172, 883
173, 178
174, 160
175, 224
176, 203
177, 233
178, 163
179, 199
180, 195
181, 155
182, 1382
183, 212
184, 191
185, 188
186, 201
187, 158
188, 191
189, 185
190, 165
191, 186
192, 192
193, 183
194, 266
195, 691
196, 378
197, 210
198, 216
199, 214
200, 159
