1, 195
2, 119
3, 310
4, 173
5, 126
6, 120
7, 167
8, 310
9, 141
10, 328
11, 203
12, 216
13, 151
14, 211
15, 290
16, 424
17, 298
18, 665
19, 414
20, 167
21, 297
22, 233
23, 192
24, 209
25, 152
26, 194
27, 247
28, 405
29, 138
30, 264
31, 286
32, 176
33, 227
34, 198
35, 113
36, 203
37, 238
38, 1356
39, 370
40, 149
41, 272
42, 166
43, 656
44, 360
45, 153
46, 116
47, 185
48, 234
49, 277
50, 416
51, 254
52, 159
53, 236
54, 154
55, 324
56, 185
57, 154
58, 172
59, 135
60, 117
61, 187
62, 127
63, 777
64, 211
65, 338
66, 190
67, 296
68, 190
69, 201
70, 221
71, 311
72, 147
73, 601
74, 236
75, 269
76, 271
77, 218
78, 158
79, 248
80, 215
81, 145
82, 185
83, 232
84, 131
85, 137
86, 166
87, 280
88, 191
89, 149
90, 114
91, 280
92, 180
93, 297
94, 175
95, 116
96, 129
97, 167
98, 293
99, 386
100, 211
101, 448
102, 650
103, 207
104, 179
105, 445
106, 308
107, 330
108, 175
109, 215
110, 133
111, 440
112, 191
113, 454
114, 142
115, 155
116, 115
117, 116
118, 123
119, 118
120, 129
121, 148
122, 149
123, 131
124, 422
125, 134
126, 148
127, 124
128, 119
129, 133
130, 424
131, 184
132, 167
133, 218
134, 155
135, 763
136, 211
137, 2478
138, 125
139, 176
140, 144
141, 196
142, 153
143, 187
144, 200
145, 391
146, 257
147, 306
148, 168
149, 135
150, 185
151, 184
152, 615
153, 210
154, 181
155, 209
156, 261
157, 275
158, 189
159, 412
160, 172
161, 275
162, 307
163, 135
164, 157
165, 146
166, 428
167, 237
168, 136
169, 145
170, 355
171, 289
172, 1065
173, 294
174, 141
175, 761
176, 450
177, 175
178, 121
179, 171
180, 196
181, 115
182, 1676
183, 180
184, 311
185, 189
186, 192
187, 119
188, 182
189, 183
190, 150
191, 183
192, 186
193, 161
194, 341
195, 781
196, 191
197, 224
198, 134
199, 199
200, 126
