1, 178
2, 124
3, 287
4, 174
5, 129
6, 124
7, 172
8, 306
9, 144
10, 315
11, 195
12, 207
13, 141
14, 198
15, 284
16, 396
17, 274
18, 293
19, 382
20, 171
21, 274
22, 230
23, 192
24, 203
25, 152
26, 189
27, 243
28, 398
29, 142
30, 268
31, 273
32, 169
33, 221
34, 179
35, 120
36, 204
37, 227
38, 1282
39, 345
40, 135
41, 595
42, 162
43, 609
44, 338
45, 156
46, 122
47, 182
48, 227
49, 259
50, 393
51, 277
52, 156
53, 232
54, 155
55, 317
56, 184
57, 152
58, 170
59, 140
60, 124
61, 174
62, 129
63, 732
64, 193
65, 323
66, 183
67, 274
68, 180
69, 206
70, 197
71, 289
72, 150
73, 571
74, 226
75, 265
76, 265
77, 216
78, 162
79, 237
80, 213
81, 134
82, 179
83, 236
84, 130
85, 141
86, 165
87, 274
88, 191
89, 149
90, 120
91, 259
92, 181
93, 288
94, 167
95, 123
96, 130
97, 162
98, 292
99, 348
100, 199
101, 420
102, 622
103, 204
104, 164
105, 426
106, 291
107, 320
108, 173
109, 197
110, 134
111, 420
112, 193
113, 426
114, 144
115, 157
116, 121
117, 122
118, 129
119, 124
120, 134
121, 152
122, 155
123, 134
124, 395
125, 127
126, 145
127, 126
128, 125
129, 137
130, 396
131, 180
132, 171
133, 213
134, 152
135, 714
136, 205
137, 2342
138, 123
139, 168
140, 147
141, 189
142, 150
143, 188
144, 192
145, 376
146, 240
147, 282
148, 166
149, 139
150, 177
151, 177
152, 582
153, 214
154, 174
155, 207
156, 262
157, 274
158, 194
159, 426
160, 186
161, 255
162, 308
163, 134
164, 151
165, 138
166, 405
167, 217
168, 130
169, 142
170, 340
171, 274
172, 1028
173, 276
174, 163
175, 719
176, 433
177, 173
178, 126
179, 174
180, 190
181, 120
182, 1610
183, 185
184, 293
185, 188
186, 192
187, 124
188, 180
189, 182
190, 148
191, 175
192, 183
193, 162
194, 313
195, 747
196, 212
197, 213
198, 310
199, 201
200, 125
