003, 13.33198, 0.222199666667, 0.00370332777778
004, 12.12776, 0.202129333333, 0.00336882222222
005, 11.877508, 0.197958466667, 0.00329930777778
006, 18.433843, 0.307230716667, 0.00512051194444
007, 12.362335, 0.206038916667, 0.00343398194444
008, 13.188065, 0.219801083333, 0.00366335138889
009, 12.238373, 0.203972883333, 0.00339954805556
010, 12.087309, 0.20145515, 0.00335758583333
011, 22.930634, 0.382177233333, 0.00636962055556
012, 12.258725, 0.204312083333, 0.00340520138889
013, 15.242984, 0.254049733333, 0.00423416222222
014, 14.313463, 0.238557716667, 0.00397596194444
015, 14.413114, 0.240218566667, 0.00400364277778
016, 15.768559, 0.262809316667, 0.00438015527778
017, 20.988653, 0.349810883333, 0.00583018138889
018, 14.375801, 0.239596683333, 0.00399327805556
019, 51.966987, 0.86611645, 0.0144352741667
020, 20.669991, 0.34449985, 0.00574166416667
021, 22.531796, 0.375529933333, 0.00625883222222
022, 13.072218, 0.2178703, 0.00363117166667
023, 23.850817, 0.397513616667, 0.00662522694444
024, 18.576255, 0.30960425, 0.00516007083333
025, 14.629646, 0.243827433333, 0.00406379055556
026, 14.81684, 0.246947333333, 0.00411578888889
027, 13.655405, 0.227590083333, 0.00379316805556
028, 14.45602, 0.240933666667, 0.00401556111111
029, 14.666104, 0.244435066667, 0.00407391777778
030, 34.920809, 0.582013483333, 0.00970022472222
031, 13.822879, 0.230381316667, 0.00383968861111
032, 13.596582, 0.2266097, 0.00377682833333
033, 12.5574, 0.20929, 0.00348816666667
034, 13.259805, 0.22099675, 0.00368327916667
035, 12.315912, 0.2052652, 0.00342108666667
036, 11.968099, 0.199468316667, 0.00332447194444
037, 12.261354, 0.2043559, 0.00340593166667
038, 12.340542, 0.2056757, 0.00342792833333
039, 12.82256, 0.213709333333, 0.00356182222222
040, 46.958274, 0.7826379, 0.013043965
041, 13.055941, 0.217599016667, 0.00362665027778
042, 18.635361, 0.31058935, 0.00517648916667
043, 13.280854, 0.221347566667, 0.00368912611111
044, 29.166197, 0.486103283333, 0.00810172138889
045, 13.501413, 0.22502355, 0.0037503925
046, 12.88061, 0.214676833333, 0.00357794722222
047, 13.481774, 0.224696233333, 0.00374493722222
048, 11.989839, 0.19983065, 0.00333051083333
049, 12.436192, 0.207269866667, 0.00345449777778
050, 11.864832, 0.1977472, 0.00329578666667
051, 50.969408, 0.849490133333, 0.0141581688889
052, 18.699486, 0.3116581, 0.00519430166667
053, 13.660749, 0.22767915, 0.0037946525
054, 16.140198, 0.2690033, 0.00448338833333
055, 14.885536, 0.248092266667, 0.00413487111111
056, 52.440665, 0.874011083333, 0.0145668513889
057, 14.06328, 0.234388, 0.00390646666667
058, 16.089617, 0.268160283333, 0.00446933805556
059, 15.986224, 0.266437066667, 0.00444061777778
060, 15.776382, 0.2629397, 0.00438232833333
061, 33.808168, 0.563469466667, 0.00939115777778
062, 30.912634, 0.515210566667, 0.00858684277778
063, 36.884156, 0.614735933333, 0.0102455988889
064, 16.636289, 0.277271483333, 0.00462119138889
065, 37.614061, 0.626901016667, 0.0104483502778
066, 33.766978, 0.562782966667, 0.00937971611111
067, 13.733, 0.228883333333, 0.00381472222222
068, 14.023081, 0.233718016667, 0.00389530027778
069, 17.118444, 0.2853074, 0.00475512333333
070, 14.85631, 0.247605166667, 0.00412675277778
071, 14.048624, 0.234143733333, 0.00390239555556
072, 12.842054, 0.214034233333, 0.00356723722222
073, 18.357359, 0.305955983333, 0.00509926638889
074, 17.444003, 0.290733383333, 0.00484555638889
075, 37.310099, 0.621834983333, 0.0103639163889
076, 18.945466, 0.315757766667, 0.00526262944444
077, 23.254646, 0.387577433333, 0.00645962388889
078, 28.538813, 0.475646883333, 0.00792744805556
079, 17.708172, 0.2951362, 0.00491893666667
080, 15.421869, 0.25703115, 0.0042838525
081, 15.431909, 0.257198483333, 0.00428664138889
082, 15.027411, 0.25045685, 0.00417428083333
083, 15.880736, 0.264678933333, 0.00441131555556
084, 17.117756, 0.285295933333, 0.00475493222222
085, 15.20343, 0.2533905, 0.004223175
086, 15.276495, 0.25460825, 0.00424347083333
087, 15.995352, 0.2665892, 0.00444315333333
088, 15.361448, 0.256024133333, 0.00426706888889
089, 16.091591, 0.268193183333, 0.00446988638889
090, 15.450051, 0.25750085, 0.00429168083333
091, 24.111566, 0.401859433333, 0.00669765722222
092, 33.04479, 0.5507465, 0.00917910833333
093, 25.953534, 0.4325589, 0.007209315
094, 22.886968, 0.381449466667, 0.00635749111111
095, 15.47937, 0.2579895, 0.004299825
096, 50.984076, 0.8497346, 0.0141622433333
097, 16.131357, 0.26885595, 0.0044809325
098, 18.124955, 0.302082583333, 0.00503470972222
099, 25.566986, 0.426116433333, 0.00710194055556
100, 16.190638, 0.269843966667, 0.00449739944444
101, 16.649274, 0.2774879, 0.00462479833333
102, 28.182725, 0.469712083333, 0.00782853472222
103, 16.394981, 0.273249683333, 0.00455416138889
104, 14.524111, 0.242068516667, 0.00403447527778
105, 22.248147, 0.37080245, 0.00618004083333
106, 13.839307, 0.230655116667, 0.00384425194444
107, 16.560251, 0.276004183333, 0.00460006972222
108, 14.108324, 0.235138733333, 0.00391897888889
109, 17.26816, 0.287802666667, 0.00479671111111
110, 14.245091, 0.237418183333, 0.00395696972222
111, 14.833024, 0.247217066667, 0.00412028444444
112, 15.379948, 0.256332466667, 0.00427220777778
113, 14.490623, 0.241510383333, 0.00402517305556
114, 13.954126, 0.232568766667, 0.00387614611111
115, 15.044839, 0.250747316667, 0.00417912194444
116, 17.915509, 0.298591816667, 0.00497653027778
117, 16.645827, 0.27743045, 0.00462384083333
118, 16.230878, 0.270514633333, 0.00450857722222
119, 15.120597, 0.25200995, 0.00420016583333
120, 16.40596, 0.273432666667, 0.00455721111111
121, 16.273482, 0.2712247, 0.00452041166667
122, 29.435723, 0.490595383333, 0.00817658972222
123, 23.790438, 0.3965073, 0.006608455
124, 16.213356, 0.2702226, 0.00450371
125, 17.245975, 0.287432916667, 0.00479054861111
126, 41.800976, 0.696682933333, 0.0116113822222
127, 18.346746, 0.3057791, 0.00509631833333
128, 22.402111, 0.373368516667, 0.00622280861111
129, 16.304973, 0.27174955, 0.00452915916667
130, 21.055071, 0.35091785, 0.00584863083333
131, 41.658967, 0.694316116667, 0.0115719352778
132, 38.254688, 0.637578133333, 0.0106263022222
133, 21.891827, 0.364863783333, 0.00608106305556
134, 15.151374, 0.2525229, 0.004208715
135, 14.943699, 0.24906165, 0.0041510275
136, 14.94354, 0.249059, 0.00415098333333
137, 14.885824, 0.248097066667, 0.00413495111111
138, 11.885449, 0.198090816667, 0.00330151361111
139, 18.696407, 0.311606783333, 0.00519344638889
140, 12.948326, 0.215805433333, 0.00359675722222
141, 12.071657, 0.201194283333, 0.00335323805556
142, 11.353443, 0.18922405, 0.00315373416667
143, 12.840136, 0.214002266667, 0.00356670444444
144, 11.277232, 0.187953866667, 0.00313256444444
145, 12.440768, 0.207346133333, 0.00345576888889
146, 16.348077, 0.27246795, 0.0045411325
147, 14.48302, 0.241383666667, 0.00402306111111
148, 14.244374, 0.237406233333, 0.00395677055556
149, 17.395075, 0.289917916667, 0.00483196527778
150, 12.650013, 0.21083355, 0.0035138925
151, 22.349443, 0.372490716667, 0.00620817861111
152, 36.119073, 0.60198455, 0.0100330758333
153, 16.620123, 0.27700205, 0.00461670083333
154, 18.453497, 0.307558283333, 0.00512597138889
155, 12.133545, 0.20222575, 0.00337042916667
156, 12.324518, 0.205408633333, 0.00342347722222
157, 13.155257, 0.219254283333, 0.00365423805556
158, 13.733322, 0.2288887, 0.00381481166667
159, 25.223116, 0.420385266667, 0.00700642111111
160, 13.166404, 0.219440066667, 0.00365733444444
161, 16.517493, 0.27529155, 0.0045881925
162, 17.45226, 0.290871, 0.00484785
163, 12.366389, 0.206106483333, 0.00343510805556
164, 14.478182, 0.241303033333, 0.00402171722222
165, 16.209945, 0.27016575, 0.0045027625
166, 14.933971, 0.248899516667, 0.00414832527778
167, 12.87844, 0.214640666667, 0.00357734444444
168, 13.86897, 0.2311495, 0.00385249166667
169, 13.524153, 0.22540255, 0.00375670916667
170, 18.422302, 0.307038366667, 0.00511730611111
171, 13.176226, 0.219603766667, 0.00366006277778
172, 18.110216, 0.301836933333, 0.00503061555556
173, 13.693613, 0.228226883333, 0.00380378138889
174, 13.934231, 0.232237183333, 0.00387061972222
175, 13.126324, 0.218772066667, 0.00364620111111
176, 20.36184, 0.339364, 0.00565606666667
177, 13.002935, 0.216715583333, 0.00361192638889
178, 12.557007, 0.20928345, 0.0034880575
179, 13.700674, 0.228344566667, 0.00380574277778
180, 12.787597, 0.213126616667, 0.00355211027778
181, 13.079146, 0.217985766667, 0.00363309611111
182, 24.703679, 0.411727983333, 0.00686213305556
183, 37.09037, 0.618172833333, 0.0103028805556
184, 11.902316, 0.198371933333, 0.00330619888889
185, 60.358018, 1.00596696667, 0.0167661161111
186, 18.142019, 0.302366983333, 0.00503944972222
187, 10.780274, 0.179671233333, 0.00299452055556
188, 11.205997, 0.186766616667, 0.00311277694444
189, 11.053845, 0.18423075, 0.0030705125
190, 11.028252, 0.1838042, 0.00306340333333
191, 20.150854, 0.335847566667, 0.00559745944444
192, 14.482969, 0.241382816667, 0.00402304694444
193, 10.656092, 0.177601533333, 0.00296002555556
194, 10.354308, 0.1725718, 0.00287619666667
195, 36.477854, 0.607964233333, 0.0101327372222
196, 12.148605, 0.20247675, 0.0033746125
197, 10.498992, 0.1749832, 0.00291638666667
198, 10.671662, 0.177861033333, 0.00296435055556
199, 10.766883, 0.17944805, 0.00299080083333
200, 21.0451, 0.350751666667, 0.00584586111111
201, 18.772036, 0.312867266667, 0.00521445444444
202, 18.890262, 0.3148377, 0.005247295
203, 13.664194, 0.227736566667, 0.00379560944444
204, 15.350726, 0.255845433333, 0.00426409055556
205, 13.558825, 0.225980416667, 0.00376634027778
206, 12.79059, 0.2131765, 0.00355294166667
207, 13.699596, 0.2283266, 0.00380544333333
208, 12.785582, 0.213093033333, 0.00355155055556
209, 12.370412, 0.206173533333, 0.00343622555556
210, 12.328442, 0.205474033333, 0.00342456722222
211, 13.743513, 0.22905855, 0.0038176425
212, 12.470113, 0.207835216667, 0.00346392027778
213, 12.584235, 0.20973725, 0.00349562083333
214, 13.311895, 0.221864916667, 0.00369774861111
215, 17.831073, 0.29718455, 0.00495307583333
216, 12.932481, 0.21554135, 0.00359235583333
217, 12.138118, 0.202301966667, 0.00337169944444
218, 39.360493, 0.656008216667, 0.0109334702778
219, 21.118489, 0.351974816667, 0.00586624694444
220, 12.933488, 0.215558133333, 0.00359263555556
221, 13.073196, 0.2178866, 0.00363144333333
222, 14.857184, 0.247619733333, 0.00412699555556
223, 21.137518, 0.352291966667, 0.00587153277778
224, 13.921074, 0.2320179, 0.003866965
225, 23.160841, 0.386014016667, 0.00643356694444
226, 12.573686, 0.209561433333, 0.00349269055556
227, 13.908244, 0.231804066667, 0.00386340111111
228, 20.711002, 0.345183366667, 0.00575305611111
229, 13.819582, 0.230326366667, 0.00383877277778
230, 13.011129, 0.21685215, 0.0036142025
231, 13.808963, 0.230149383333, 0.00383582305556
232, 25.01231, 0.416871833333, 0.00694786388889
233, 19.101372, 0.3183562, 0.00530593666667
234, 14.164247, 0.236070783333, 0.00393451305556
235, 12.379325, 0.206322083333, 0.00343870138889
236, 12.583696, 0.209728266667, 0.00349547111111
237, 23.759791, 0.395996516667, 0.00659994194444
238, 13.030607, 0.217176783333, 0.00361961305556
239, 12.683129, 0.211385483333, 0.00352309138889
240, 15.620293, 0.260338216667, 0.00433897027778
241, 12.906417, 0.21510695, 0.00358511583333
242, 14.57143, 0.242857166667, 0.00404761944444
243, 13.690116, 0.2281686, 0.00380281
244, 19.330559, 0.322175983333, 0.00536959972222
245, 33.790899, 0.56318165, 0.00938636083333
246, 12.94677, 0.2157795, 0.003596325
247, 13.504001, 0.225066683333, 0.00375111138889
248, 12.825204, 0.2137534, 0.00356255666667
249, 16.929363, 0.28215605, 0.00470260083333
250, 14.588907, 0.24314845, 0.00405247416667
251, 17.686476, 0.2947746, 0.00491291
252, 16.628909, 0.277148483333, 0.00461914138889
253, 69.576339, 1.15960565, 0.0193267608333
254, 13.936554, 0.2322759, 0.003871265
255, 45.252679, 0.754211316667, 0.0125701886111
256, 12.776331, 0.21293885, 0.00354898083333
257, 16.431511, 0.273858516667, 0.00456430861111
258, 15.013317, 0.25022195, 0.00417036583333
259, 13.190003, 0.219833383333, 0.00366388972222
260, 13.070291, 0.217838183333, 0.00363063638889
261, 29.249899, 0.487498316667, 0.00812497194444
262, 12.861007, 0.214350116667, 0.00357250194444
263, 13.709281, 0.228488016667, 0.00380813361111
264, 40.724587, 0.678743116667, 0.0113123852778
265, 17.886454, 0.298107566667, 0.00496845944444
266, 18.796177, 0.313269616667, 0.00522116027778
267, 12.857574, 0.2142929, 0.00357154833333
268, 12.857947, 0.214299116667, 0.00357165194444
269, 13.253727, 0.22089545, 0.00368159083333
270, 16.801066, 0.280017766667, 0.00466696277778
271, 18.02996, 0.300499333333, 0.00500832222222
272, 14.503544, 0.241725733333, 0.00402876222222
273, 18.000405, 0.30000675, 0.0050001125
274, 15.290572, 0.254842866667, 0.00424738111111
275, 17.417082, 0.2902847, 0.00483807833333
276, 12.92733, 0.2154555, 0.003590925
277, 18.447126, 0.3074521, 0.00512420166667
278, 44.081584, 0.734693066667, 0.0122448844444
279, 28.152432, 0.4692072, 0.00782012
280, 27.829505, 0.463825083333, 0.00773041805556
281, 13.170975, 0.21951625, 0.00365860416667
282, 24.951837, 0.41586395, 0.00693106583333
283, 12.768549, 0.21280915, 0.00354681916667
284, 16.387302, 0.2731217, 0.00455202833333
285, 47.305082, 0.788418033333, 0.0131403005556
286, 12.593816, 0.209896933333, 0.00349828222222
287, 13.2765, 0.221275, 0.00368791666667
288, 13.674255, 0.22790425, 0.00379840416667
289, 13.040838, 0.2173473, 0.003622455
290, 13.633581, 0.22722635, 0.00378710583333
291, 14.137521, 0.23562535, 0.00392708916667
292, 15.240311, 0.254005183333, 0.00423341972222
293, 25.025778, 0.4170963, 0.006951605
294, 13.203349, 0.220055816667, 0.00366759694444
295, 38.363325, 0.63938875, 0.0106564791667
296, 18.318487, 0.305308116667, 0.00508846861111
297, 20.512263, 0.34187105, 0.00569785083333
298, 12.587851, 0.209797516667, 0.00349662527778
299, 20.427133, 0.340452216667, 0.00567420361111
300, 15.116487, 0.25194145, 0.00419902416667
