1, 219
2, 163
3, 156
4, 200
5, 206
6, 205
7, 538
8, 281
9, 287
10, 153
11, 155
12, 154
13, 187
14, 183
15, 369
16, 273
17, 154
18, 153
19, 153
20, 174
21, 160
22, 169
23, 155
24, 154
25, 220
26, 227
27, 154
28, 184
29, 157
30, 154
31, 177
32, 224
33, 438
34, 293
35, 154
36, 154
37, 187
38, 294
39, 187
40, 179
41, 153
42, 153
43, 161
44, 207
45, 190
46, 282
47, 254
48, 239
49, 191
50, 155
51, 154
52, 225
53, 172
54, 605
55, 489
56, 180
57, 261
58, 153
59, 261
60, 178
61, 158
62, 154
63, 154
64, 169
65, 230
66, 154
67, 204
68, 154
69, 177
70, 208
71, 415
72, 286
73, 154
74, 163
75, 166
76, 220
77, 853
78, 331
79, 187
80, 161
81, 219
82, 156
83, 153
84, 185
85, 196
86, 223
87, 293
88, 242
89, 190
90, 318
91, 160
92, 405
93, 317
94, 234
95, 193
96, 270
97, 156
98, 233
99, 789
100, 227
101, 547
102, 223
103, 279
104, 158
105, 219
106, 154
107, 154
108, 258
109, 165
110, 161
111, 155
112, 153
113, 154
114, 538
115, 153
116, 233
117, 164
118, 204
119, 225
120, 172
121, 155
122, 344
123, 168
124, 279
125, 220
126, 213
127, 336
128, 321
129, 864
130, 170
131, 234
132, 214
133, 366
134, 271
135, 175
136, 212
137, 171
138, 358
139, 202
140, 322
141, 226
142, 171
143, 155
144, 153
145, 154
146, 181
147, 203
148, 163
149, 411
150, 178
151, 275
152, 595
153, 1923
154, 316
155, 191
156, 231
157, 181
158, 590
159, 390
160, 172
161, 172
162, 171
163, 228
164, 155
165, 156
166, 257
167, 281
168, 226
169, 223
170, 199
171, 159
172, 259
173, 261
174, 381
175, 169
176, 179
177, 254
178, 154
179, 256
180, 188
181, 254
182, 204
183, 198
184, 155
185, 155
186, 156
187, 240
188, 221
189, 453
190, 288
191, 260
192, 156
193, 154
194, 196
195, 185
196, 256
197, 169
198, 369
199, 154
200, 155
