003, 11.044845, 0.18408075, 0.0030680125
004, 13.919225, 0.231987083333, 0.00386645138889
005, 10.929406, 0.182156766667, 0.00303594611111
006, 19.50287, 0.325047833333, 0.00541746388889
007, 10.738547, 0.178975783333, 0.00298292972222
008, 10.370639, 0.172843983333, 0.00288073305556
009, 15.029572, 0.250492866667, 0.00417488111111
010, 11.213555, 0.186892583333, 0.00311487638889
011, 16.619342, 0.276989033333, 0.00461648388889
012, 17.734628, 0.295577133333, 0.00492628555556
013, 12.774331, 0.212905516667, 0.00354842527778
014, 14.92892, 0.248815333333, 0.00414692222222
015, 11.551017, 0.19251695, 0.00320861583333
016, 12.168383, 0.202806383333, 0.00338010638889
017, 21.342606, 0.3557101, 0.00592850166667
018, 9.601774, 0.160029566667, 0.00266715944444
019, 12.628269, 0.21047115, 0.0035078525
020, 42.936993, 0.71561655, 0.0119269425
021, 22.345425, 0.37242375, 0.0062070625
022, 23.095763, 0.384929383333, 0.00641548972222
023, 9.985066, 0.166417766667, 0.00277362944444
024, 16.977558, 0.2829593, 0.00471598833333
025, 12.470631, 0.20784385, 0.00346406416667
026, 8.85808, 0.147634666667, 0.00246057777778
027, 10.475845, 0.174597416667, 0.00290995694444
028, 14.049371, 0.234156183333, 0.00390260305556
029, 8.960584, 0.149343066667, 0.00248905111111
030, 18.466859, 0.307780983333, 0.00512968305556
031, 8.790399, 0.14650665, 0.0024417775
032, 9.314976, 0.1552496, 0.00258749333333
033, 9.152924, 0.152548733333, 0.00254247888889
034, 8.807054, 0.146784233333, 0.00244640388889
035, 8.973935, 0.149565583333, 0.00249275972222
036, 8.688219, 0.14480365, 0.00241339416667
037, 8.687862, 0.1447977, 0.002413295
038, 8.758069, 0.145967816667, 0.00243279694444
039, 9.129496, 0.152158266667, 0.00253597111111
040, 11.603018, 0.193383633333, 0.00322306055556
041, 8.68283, 0.144713833333, 0.00241189722222
042, 10.678044, 0.1779674, 0.00296612333333
043, 8.822552, 0.147042533333, 0.00245070888889
044, 19.58758, 0.326459666667, 0.00544099444444
045, 9.394158, 0.1565693, 0.00260948833333
046, 8.723191, 0.145386516667, 0.00242310861111
047, 10.055803, 0.167596716667, 0.00279327861111
048, 9.72964, 0.162160666667, 0.00270267777778
049, 9.160648, 0.152677466667, 0.00254462444444
050, 9.83142, 0.163857, 0.00273095
051, 17.935804, 0.298930066667, 0.00498216777778
052, 14.863957, 0.247732616667, 0.00412887694444
053, 11.907947, 0.198465783333, 0.00330776305556
054, 8.767211, 0.146120183333, 0.00243533638889
055, 8.640992, 0.144016533333, 0.00240027555556
056, 27.26023, 0.454337166667, 0.00757228611111
057, 8.868665, 0.147811083333, 0.00246351805556
058, 8.867968, 0.147799466667, 0.00246332444444
059, 10.749588, 0.1791598, 0.00298599666667
060, 8.677302, 0.1446217, 0.00241036166667
061, 24.338982, 0.4056497, 0.00676082833333
062, 11.484972, 0.1914162, 0.00319027
063, 20.616887, 0.343614783333, 0.00572691305556
064, 11.062985, 0.184383083333, 0.00307305138889
065, 11.408497, 0.190141616667, 0.00316902694444
066, 14.278452, 0.2379742, 0.00396623666667
067, 8.829763, 0.147162716667, 0.00245271194444
068, 8.731689, 0.14552815, 0.00242546916667
069, 21.10734, 0.351789, 0.00586315
070, 8.840543, 0.147342383333, 0.00245570638889
071, 8.780066, 0.146334433333, 0.00243890722222
072, 9.674859, 0.16124765, 0.00268746083333
073, 8.915125, 0.148585416667, 0.00247642361111
074, 11.176989, 0.18628315, 0.00310471916667
075, 20.31008, 0.338501333333, 0.00564168888889
076, 9.957095, 0.165951583333, 0.00276585972222
077, 9.698461, 0.161641016667, 0.00269401694444
078, 20.117603, 0.335293383333, 0.00558822305556
079, 15.569202, 0.2594867, 0.00432477833333
080, 8.849953, 0.147499216667, 0.00245832027778
081, 8.780201, 0.146336683333, 0.00243894472222
082, 8.706505, 0.145108416667, 0.00241847361111
083, 11.269319, 0.187821983333, 0.00313036638889
084, 11.112335, 0.185205583333, 0.00308675972222
085, 9.5359, 0.158931666667, 0.00264886111111
086, 8.738748, 0.1456458, 0.00242743
087, 8.714399, 0.145239983333, 0.00242066638889
088, 9.066851, 0.151114183333, 0.00251856972222
089, 9.527692, 0.158794866667, 0.00264658111111
090, 8.982757, 0.149712616667, 0.00249521027778
091, 8.748876, 0.1458146, 0.00243024333333
092, 14.332948, 0.238882466667, 0.00398137444444
093, 13.516948, 0.225282466667, 0.00375470777778
094, 10.723053, 0.17871755, 0.00297862583333
095, 8.731625, 0.145527083333, 0.00242545138889
096, 13.055238, 0.2175873, 0.003626455
097, 8.641046, 0.144017433333, 0.00240029055556
098, 11.081646, 0.1846941, 0.003078235
099, 16.43637, 0.2739395, 0.00456565833333
100, 10.905662, 0.181761033333, 0.00302935055556
101, 8.791164, 0.1465194, 0.00244199
102, 9.364845, 0.15608075, 0.00260134583333
103, 9.144552, 0.1524092, 0.00254015333333
104, 9.824031, 0.16373385, 0.0027288975
105, 8.791245, 0.14652075, 0.0024420125
106, 8.766912, 0.1461152, 0.00243525333333
107, 11.039716, 0.183995266667, 0.00306658777778
108, 8.68994, 0.144832333333, 0.00241387222222
109, 9.887736, 0.1647956, 0.00274659333333
110, 11.88407, 0.198067833333, 0.00330113055556
111, 8.627968, 0.143799466667, 0.00239665777778
112, 8.701111, 0.145018516667, 0.00241697527778
113, 8.759033, 0.145983883333, 0.00243306472222
114, 20.139303, 0.33565505, 0.00559425083333
115, 8.93188, 0.148864666667, 0.00248107777778
116, 10.749571, 0.179159516667, 0.00298599194444
117, 20.340353, 0.339005883333, 0.00565009805556
118, 8.846767, 0.147446116667, 0.00245743527778
119, 9.513496, 0.158558266667, 0.00264263777778
120, 10.711805, 0.178530083333, 0.00297550138889
121, 8.697568, 0.144959466667, 0.00241599111111
122, 15.053818, 0.250896966667, 0.00418161611111
123, 10.358545, 0.172642416667, 0.00287737361111
124, 13.580403, 0.22634005, 0.00377233416667
125, 8.690055, 0.14483425, 0.00241390416667
126, 27.565267, 0.459421116667, 0.00765701861111
127, 9.073529, 0.151225483333, 0.00252042472222
128, 13.131742, 0.218862366667, 0.00364770611111
129, 8.878069, 0.147967816667, 0.00246613027778
130, 20.679999, 0.34466665, 0.00574444416667
131, 29.575125, 0.49291875, 0.0082153125
132, 21.982216, 0.366370266667, 0.00610617111111
133, 13.7477, 0.229128333333, 0.00381880555556
134, 10.610408, 0.176840133333, 0.00294733555556
135, 19.89397, 0.331566166667, 0.00552610277778
136, 17.260042, 0.287667366667, 0.00479445611111
137, 12.219987, 0.20366645, 0.00339444083333
138, 8.655719, 0.144261983333, 0.00240436638889
139, 10.055111, 0.167585183333, 0.00279308638889
140, 9.654637, 0.160910616667, 0.00268184361111
141, 8.680067, 0.144667783333, 0.00241112972222
142, 8.677342, 0.144622366667, 0.00241037277778
143, 8.866603, 0.147776716667, 0.00246294527778
144, 8.801354, 0.146689233333, 0.00244482055556
145, 8.652493, 0.144208216667, 0.00240347027778
146, 9.090351, 0.15150585, 0.0025250975
147, 11.142297, 0.18570495, 0.0030950825
148, 11.834743, 0.197245716667, 0.00328742861111
149, 11.820515, 0.197008583333, 0.00328347638889
150, 15.262605, 0.25437675, 0.0042396125
151, 16.969805, 0.282830083333, 0.00471383472222
152, 42.303927, 0.70506545, 0.0117510908333
153, 12.218645, 0.203644083333, 0.00339406805556
154, 13.99746, 0.233291, 0.00388818333333
155, 8.723363, 0.145389383333, 0.00242315638889
156, 8.942106, 0.1490351, 0.00248391833333
157, 8.718627, 0.14531045, 0.00242184083333
158, 9.2099, 0.153498333333, 0.00255830555556
159, 9.19252, 0.153208666667, 0.00255347777778
160, 8.909372, 0.148489533333, 0.00247482555556
161, 11.046177, 0.18410295, 0.0030683825
162, 10.613166, 0.1768861, 0.00294810166667
163, 8.678448, 0.1446408, 0.00241068
164, 9.6593, 0.160988333333, 0.00268313888889
165, 11.674392, 0.1945732, 0.00324288666667
166, 8.79006, 0.146501, 0.00244168333333
167, 8.733657, 0.14556095, 0.00242601583333
168, 8.66645, 0.144440833333, 0.00240734722222
169, 9.454533, 0.15757555, 0.00262625916667
170, 11.205858, 0.1867643, 0.00311273833333
171, 8.769924, 0.1461654, 0.00243609
172, 8.855716, 0.147595266667, 0.00245992111111
173, 8.671159, 0.144519316667, 0.00240865527778
174, 8.742641, 0.145710683333, 0.00242851138889
175, 8.812827, 0.14688045, 0.0024480075
176, 13.229114, 0.220485233333, 0.00367475388889
177, 8.662996, 0.144383266667, 0.00240638777778
178, 8.674235, 0.144570583333, 0.00240950972222
179, 10.974396, 0.1829066, 0.00304844333333
180, 8.665416, 0.1444236, 0.00240706
181, 8.7032, 0.145053333333, 0.00241755555556
182, 25.384092, 0.4230682, 0.00705113666667
183, 13.40092, 0.223348666667, 0.00372247777778
184, 9.293046, 0.1548841, 0.00258140166667
185, 12.000151, 0.200002516667, 0.00333337527778
186, 13.434939, 0.22391565, 0.0037319275
187, 9.295855, 0.154930916667, 0.00258218194444
188, 8.702184, 0.1450364, 0.00241727333333
189, 8.675938, 0.144598966667, 0.00240998277778
190, 8.678149, 0.144635816667, 0.00241059694444
191, 18.163523, 0.302725383333, 0.00504542305556
192, 14.175191, 0.236253183333, 0.00393755305556
193, 9.339989, 0.155666483333, 0.00259444138889
194, 8.669681, 0.144494683333, 0.00240824472222
195, 8.941401, 0.14902335, 0.0024837225
196, 8.906751, 0.14844585, 0.0024740975
197, 9.179727, 0.15299545, 0.00254992416667
198, 8.728397, 0.145473283333, 0.00242455472222
199, 14.918039, 0.248633983333, 0.00414389972222
200, 16.531393, 0.275523216667, 0.00459205361111
201, 29.322669, 0.48871115, 0.00814518583333
202, 44.546175, 0.74243625, 0.0123739375
203, 11.034792, 0.1839132, 0.00306522
204, 8.811408, 0.1468568, 0.00244761333333
205, 8.959714, 0.149328566667, 0.00248880944444
206, 8.780188, 0.146336466667, 0.00243894111111
207, 9.341297, 0.155688283333, 0.00259480472222
208, 8.671264, 0.144521066667, 0.00240868444444
209, 8.665329, 0.14442215, 0.00240703583333
210, 15.504699, 0.25841165, 0.00430686083333
211, 10.60496, 0.176749333333, 0.00294582222222
212, 8.748189, 0.14580315, 0.0024300525
213, 69.200953, 1.15334921667, 0.0192224869444
214, 8.65649, 0.144274833333, 0.00240458055556
215, 14.707692, 0.2451282, 0.00408547
216, 12.852117, 0.21420195, 0.0035700325
217, 8.67379, 0.144563166667, 0.00240938611111
218, 36.265521, 0.60442535, 0.0100737558333
219, 20.457715, 0.340961916667, 0.00568269861111
220, 8.706648, 0.1451108, 0.00241851333333
221, 8.729573, 0.145492883333, 0.00242488138889
222, 11.138921, 0.185648683333, 0.00309414472222
223, 8.814962, 0.146916033333, 0.00244860055556
224, 8.737958, 0.145632633333, 0.00242721055556
225, 14.943804, 0.2490634, 0.00415105666667
226, 8.733235, 0.145553916667, 0.00242589861111
227, 8.640997, 0.144016616667, 0.00240027694444
228, 9.893895, 0.16489825, 0.00274830416667
229, 8.82453, 0.1470755, 0.00245125833333
230, 8.748493, 0.145808216667, 0.00243013694444
231, 8.750835, 0.14584725, 0.0024307875
232, 9.530103, 0.15883505, 0.00264725083333
233, 14.139333, 0.23565555, 0.0039275925
234, 10.064386, 0.167739766667, 0.00279566277778
235, 8.754091, 0.145901516667, 0.00243169194444
236, 8.811268, 0.146854466667, 0.00244757444444
237, 14.243212, 0.237386866667, 0.00395644777778
238, 9.052611, 0.15087685, 0.00251461416667
239, 9.006441, 0.15010735, 0.00250178916667
240, 52.451674, 0.874194566667, 0.0145699094444
241, 8.639292, 0.1439882, 0.00239980333333
242, 10.345902, 0.1724317, 0.00287386166667
243, 8.738287, 0.145638116667, 0.00242730194444
244, 12.196372, 0.203272866667, 0.00338788111111
245, 22.609764, 0.3768294, 0.00628049
246, 8.642239, 0.144037316667, 0.00240062194444
247, 8.716784, 0.145279733333, 0.00242132888889
248, 8.918832, 0.1486472, 0.00247745333333
249, 11.880037, 0.198000616667, 0.00330001027778
250, 8.710018, 0.145166966667, 0.00241944944444
251, 8.90255, 0.148375833333, 0.00247293055556
252, 10.262, 0.171033333333, 0.00285055555556
253, 10.472656, 0.174544266667, 0.00290907111111
254, 10.465669, 0.174427816667, 0.00290713027778
255, 43.467066, 0.7244511, 0.012074185
256, 8.67092, 0.144515333333, 0.00240858888889
257, 11.888984, 0.198149733333, 0.00330249555556
258, 10.737926, 0.178965433333, 0.00298275722222
259, 8.724971, 0.145416183333, 0.00242360305556
260, 8.820226, 0.147003766667, 0.00245006277778
261, 20.595876, 0.3432646, 0.00572107666667
262, 10.383788, 0.173063133333, 0.00288438555556
263, 8.664819, 0.14441365, 0.00240689416667
264, 11.242104, 0.1873684, 0.00312280666667
265, 12.556351, 0.209272516667, 0.00348787527778
266, 12.425777, 0.207096283333, 0.00345160472222
267, 9.677127, 0.16128545, 0.00268809083333
268, 8.639418, 0.1439903, 0.00239983833333
269, 8.656149, 0.14426915, 0.00240448583333
270, 13.646642, 0.227444033333, 0.00379073388889
271, 12.525853, 0.208764216667, 0.00347940361111
272, 8.9518, 0.149196666667, 0.00248661111111
273, 17.454093, 0.29090155, 0.00484835916667
274, 13.03394, 0.217232333333, 0.00362053888889
275, 9.994135, 0.166568916667, 0.00277614861111
276, 9.3248, 0.155413333333, 0.00259022222222
277, 13.055147, 0.217585783333, 0.00362642972222
278, 26.533421, 0.442223683333, 0.00737039472222
279, 9.999898, 0.166664966667, 0.00277774944444
280, 21.213863, 0.353564383333, 0.00589273972222
281, 10.034148, 0.1672358, 0.00278726333333
282, 14.644348, 0.244072466667, 0.00406787444444
283, 8.658599, 0.144309983333, 0.00240516638889
284, 12.568656, 0.2094776, 0.00349129333333
285, 11.549692, 0.192494866667, 0.00320824777778
286, 8.997583, 0.149959716667, 0.00249932861111
287, 10.046, 0.167433333333, 0.00279055555556
288, 9.988111, 0.166468516667, 0.00277447527778
289, 8.974431, 0.14957385, 0.0024928975
290, 8.787571, 0.146459516667, 0.00244099194444
291, 10.598222, 0.176637033333, 0.00294395055556
292, 15.972984, 0.2662164, 0.00443694
293, 11.325554, 0.188759233333, 0.00314598722222
294, 9.867166, 0.164452766667, 0.00274087944444
295, 20.673548, 0.344559133333, 0.00574265222222
296, 11.942051, 0.199034183333, 0.00331723638889
297, 12.928108, 0.215468466667, 0.00359114111111
298, 8.898638, 0.148310633333, 0.00247184388889
299, 14.19415, 0.236569166667, 0.00394281944444
300, 17.171547, 0.28619245, 0.00476987416667
