003, 8.417881, 0.140298016667, 0.00233830027778
004, 7.330463, 0.122174383333, 0.00203623972222
005, 6.771876, 0.1128646, 0.00188107666667
006, 23.810565, 0.39684275, 0.00661404583333
007, 7.037163, 0.11728605, 0.0019547675
008, 6.633814, 0.110563566667, 0.00184272611111
009, 10.425622, 0.173760366667, 0.00289600611111
010, 7.332286, 0.122204766667, 0.00203674611111
011, 18.786397, 0.313106616667, 0.00521844361111
012, 18.42473, 0.307078833333, 0.00511798055556
013, 7.316404, 0.121940066667, 0.00203233444444
014, 11.783516, 0.196391933333, 0.00327319888889
015, 8.775551, 0.146259183333, 0.00243765305556
016, 12.563385, 0.20938975, 0.00348982916667
017, 19.775349, 0.32958915, 0.0054931525
018, 9.68344, 0.161390666667, 0.00268984444444
019, 31.214572, 0.520242866667, 0.00867071444444
020, 14.043024, 0.2340504, 0.00390084
021, 13.055461, 0.217591016667, 0.00362651694444
022, 9.813904, 0.163565066667, 0.00272608444444
023, 6.548108, 0.109135133333, 0.00181891888889
024, 12.66029, 0.211004833333, 0.00351674722222
025, 9.67683, 0.1612805, 0.00268800833333
026, 7.648579, 0.127476316667, 0.00212460527778
027, 8.975333, 0.149588883333, 0.00249314805556
028, 10.751999, 0.179199983333, 0.00298666638889
029, 8.517238, 0.141953966667, 0.00236589944444
030, 29.660028, 0.4943338, 0.00823889666667
031, 7.199949, 0.11999915, 0.00199998583333
032, 9.442181, 0.157369683333, 0.00262282805556
033, 8.67988, 0.144664666667, 0.00241107777778
034, 6.629988, 0.1104998, 0.00184166333333
035, 6.541273, 0.109021216667, 0.00181702027778
036, 6.610232, 0.110170533333, 0.00183617555556
037, 6.450982, 0.107516366667, 0.00179193944444
038, 9.110559, 0.15184265, 0.00253071083333
039, 7.93849, 0.132308166667, 0.00220513611111
040, 24.736639, 0.412277316667, 0.00687128861111
041, 6.537356, 0.108955933333, 0.00181593222222
042, 9.519644, 0.158660733333, 0.00264434555556
043, 6.627153, 0.11045255, 0.00184087583333
044, 24.676152, 0.4112692, 0.00685448666667
045, 9.68819, 0.161469833333, 0.00269116388889
046, 17.534656, 0.292244266667, 0.00487073777778
047, 8.632117, 0.143868616667, 0.00239781027778
048, 9.227681, 0.153794683333, 0.00256324472222
049, 10.01196, 0.166866, 0.0027811
050, 7.802897, 0.130048283333, 0.00216747138889
051, 12.440608, 0.207343466667, 0.00345572444444
052, 12.191932, 0.203198866667, 0.00338664777778
053, 8.654763, 0.14424605, 0.00240410083333
054, 14.777228, 0.246287133333, 0.00410478555556
055, 7.10274, 0.118379, 0.00197298333333
056, 26.969066, 0.449484433333, 0.00749140722222
057, 7.429291, 0.123821516667, 0.00206369194444
058, 7.933572, 0.1322262, 0.00220377
059, 10.085899, 0.168098316667, 0.00280163861111
060, 6.793946, 0.113232433333, 0.00188720722222
061, 21.894412, 0.364906866667, 0.00608178111111
062, 11.634787, 0.193913116667, 0.00323188527778
063, 16.942322, 0.282372033333, 0.00470620055556
064, 10.510068, 0.1751678, 0.00291946333333
065, 9.615654, 0.1602609, 0.002671015
066, 15.076507, 0.251275116667, 0.00418791861111
067, 7.032679, 0.117211316667, 0.00195352194444
068, 7.035498, 0.1172583, 0.001954305
069, 8.635037, 0.143917283333, 0.00239862138889
070, 11.663737, 0.194395616667, 0.00323992694444
071, 7.676468, 0.127941133333, 0.00213235222222
072, 7.53287, 0.125547833333, 0.00209246388889
073, 6.614562, 0.1102427, 0.00183737833333
074, 10.402779, 0.17337965, 0.00288966083333
075, 9.581673, 0.15969455, 0.00266157583333
076, 16.709123, 0.278485383333, 0.00464142305556
077, 11.797302, 0.1966217, 0.00327702833333
078, 20.69741, 0.344956833333, 0.00574928055556
079, 11.004213, 0.18340355, 0.00305672583333
080, 6.84151, 0.114025166667, 0.00190041944444
081, 6.888495, 0.11480825, 0.00191347083333
082, 6.751244, 0.112520733333, 0.00187534555556
083, 12.248461, 0.204141016667, 0.00340235027778
084, 8.489152, 0.141485866667, 0.00235809777778
085, 14.073017, 0.234550283333, 0.00390917138889
086, 8.227202, 0.137120033333, 0.00228533388889
087, 7.499703, 0.12499505, 0.00208325083333
088, 7.79695, 0.129949166667, 0.00216581944444
089, 7.474283, 0.124571383333, 0.00207618972222
090, 7.128792, 0.1188132, 0.00198022
091, 6.930415, 0.115506916667, 0.00192511527778
092, 52.525122, 0.8754187, 0.0145903116667
093, 17.698912, 0.294981866667, 0.00491636444444
094, 12.486841, 0.208114016667, 0.00346856694444
095, 6.748383, 0.11247305, 0.00187455083333
096, 10.418288, 0.173638133333, 0.00289396888889
097, 6.708736, 0.111812266667, 0.00186353777778
098, 10.976677, 0.182944616667, 0.00304907694444
099, 13.007603, 0.216793383333, 0.00361322305556
100, 13.709348, 0.228489133333, 0.00380815222222
101, 7.187737, 0.119795616667, 0.00199659361111
102, 7.476079, 0.124601316667, 0.00207668861111
103, 7.580946, 0.1263491, 0.00210581833333
104, 7.964056, 0.132734266667, 0.00221223777778
105, 6.836075, 0.113934583333, 0.00189890972222
106, 7.223765, 0.120396083333, 0.00200660138889
107, 12.469497, 0.20782495, 0.00346374916667
108, 10.361168, 0.172686133333, 0.00287810222222
109, 12.195051, 0.20325085, 0.00338751416667
110, 8.827261, 0.147121016667, 0.00245201694444
111, 8.011979, 0.133532983333, 0.00222554972222
112, 8.962334, 0.149372233333, 0.00248953722222
113, 9.455587, 0.157593116667, 0.00262655194444
114, 30.567081, 0.50945135, 0.00849085583333
115, 8.951412, 0.1491902, 0.00248650333333
116, 10.630721, 0.177178683333, 0.00295297805556
117, 16.957682, 0.282628033333, 0.00471046722222
118, 9.40654, 0.156775666667, 0.00261292777778
119, 15.305801, 0.255096683333, 0.00425161138889
120, 10.874382, 0.1812397, 0.00302066166667
121, 8.873902, 0.147898366667, 0.00246497277778
122, 17.891617, 0.298193616667, 0.00496989361111
123, 9.145716, 0.1524286, 0.00254047666667
124, 13.62695, 0.227115833333, 0.00378526388889
125, 7.823893, 0.130398216667, 0.00217330361111
126, 12.644773, 0.210746216667, 0.00351243694444
127, 8.045843, 0.134097383333, 0.00223495638889
128, 12.36613, 0.206102166667, 0.00343503611111
129, 12.480117, 0.20800195, 0.00346669916667
130, 23.03023, 0.383837166667, 0.00639728611111
131, 9.606066, 0.1601011, 0.00266835166667
132, 13.890669, 0.23151115, 0.00385851916667
133, 19.100721, 0.31834535, 0.00530575583333
134, 16.786933, 0.279782216667, 0.00466303694444
135, 16.677951, 0.27796585, 0.00463276416667
136, 23.097108, 0.3849518, 0.00641586333333
137, 15.445671, 0.25742785, 0.00429046416667
138, 10.327407, 0.17212345, 0.00286872416667
139, 15.657179, 0.260952983333, 0.00434921638889
140, 12.009202, 0.200153366667, 0.00333588944444
141, 9.661737, 0.16102895, 0.00268381583333
142, 10.030012, 0.167166866667, 0.00278611444444
143, 10.78312, 0.179718666667, 0.00299531111111
144, 9.645338, 0.160755633333, 0.00267926055556
145, 8.123763, 0.13539605, 0.00225660083333
146, 14.373153, 0.23955255, 0.0039925425
147, 12.421202, 0.207020033333, 0.00345033388889
148, 19.453683, 0.32422805, 0.00540380083333
149, 60.339679, 1.00566131667, 0.0167610219444
150, 20.554618, 0.342576966667, 0.00570961611111
151, 10.886436, 0.1814406, 0.00302401
152, 24.067295, 0.401121583333, 0.00668535972222
153, 83.674039, 1.39456731667, 0.0232427886111
154, 22.528773, 0.37547955, 0.0062579925
155, 7.588901, 0.126481683333, 0.00210802805556
156, 8.615626, 0.143593766667, 0.00239322944444
157, 8.466603, 0.14111005, 0.00235183416667
158, 11.009108, 0.183485133333, 0.00305808555556
159, 39.742313, 0.662371883333, 0.0110395313889
160, 13.459149, 0.22431915, 0.0037386525
161, 13.827245, 0.230454083333, 0.00384090138889
162, 11.950371, 0.19917285, 0.0033195475
163, 9.672785, 0.161213083333, 0.00268688472222
164, 11.82606, 0.197101, 0.00328501666667
165, 12.541688, 0.209028133333, 0.00348380222222
166, 11.267058, 0.1877843, 0.00312973833333
167, 9.294439, 0.154907316667, 0.00258178861111
168, 10.471183, 0.174519716667, 0.00290866194444
169, 14.750841, 0.24584735, 0.00409745583333
170, 15.264763, 0.254412716667, 0.00424021194444
171, 8.131033, 0.135517216667, 0.00225862027778
172, 28.271673, 0.47119455, 0.0078532425
173, 8.105481, 0.13509135, 0.0022515225
174, 8.487143, 0.141452383333, 0.00235753972222
175, 10.4958, 0.17493, 0.0029155
176, 15.503249, 0.258387483333, 0.00430645805556
177, 9.016094, 0.150268233333, 0.00250447055556
178, 9.64722, 0.160787, 0.00267978333333
179, 11.552245, 0.192537416667, 0.00320895694444
180, 9.983311, 0.166388516667, 0.00277314194444
181, 8.304747, 0.13841245, 0.00230687416667
182, 13.145726, 0.219095433333, 0.00365159055556
183, 17.36813, 0.289468833333, 0.00482448055556
184, 10.651326, 0.1775221, 0.00295870166667
185, 14.923857, 0.24873095, 0.00414551583333
186, 8.201607, 0.13669345, 0.00227822416667
187, 15.112242, 0.2518707, 0.004197845
188, 11.366539, 0.189442316667, 0.00315737194444
189, 7.728913, 0.128815216667, 0.00214692027778
190, 8.446461, 0.14077435, 0.00234623916667
191, 28.706726, 0.478445433333, 0.00797409055556
192, 18.535137, 0.30891895, 0.00514864916667
193, 9.431938, 0.157198966667, 0.00261998277778
194, 8.87777, 0.147962833333, 0.00246604722222
195, 12.921593, 0.215359883333, 0.00358933138889
196, 10.731466, 0.178857766667, 0.00298096277778
197, 10.156626, 0.1692771, 0.002821285
198, 9.146612, 0.152443533333, 0.00254072555556
199, 10.925575, 0.182092916667, 0.00303488194444
200, 22.890807, 0.38151345, 0.0063585575
201, 17.305617, 0.28842695, 0.00480711583333
202, 21.240406, 0.354006766667, 0.00590011277778
203, 10.083026, 0.168050433333, 0.00280084055556
204, 11.99371, 0.199895166667, 0.00333158611111
205, 12.478203, 0.20797005, 0.0034661675
206, 8.702872, 0.145047866667, 0.00241746444444
207, 9.82265, 0.163710833333, 0.00272851388889
208, 8.687089, 0.144784816667, 0.00241308027778
209, 13.351556, 0.222525933333, 0.00370876555556
210, 10.56444, 0.176074, 0.00293456666667
211, 16.676743, 0.277945716667, 0.00463242861111
212, 17.929567, 0.298826116667, 0.00498043527778
213, 20.888002, 0.348133366667, 0.00580222277778
214, 8.416904, 0.140281733333, 0.00233802888889
215, 16.151582, 0.269193033333, 0.00448655055556
216, 12.098422, 0.201640366667, 0.00336067277778
217, 9.157993, 0.152633216667, 0.00254388694444
218, 75.449357, 1.25748928333, 0.0209581547222
219, 22.085531, 0.368092183333, 0.00613486972222
220, 8.959888, 0.149331466667, 0.00248885777778
221, 8.326699, 0.138778316667, 0.00231297194444
222, 13.701009, 0.22835015, 0.00380583583333
223, 16.620696, 0.2770116, 0.00461686
224, 9.961293, 0.16602155, 0.00276702583333
225, 10.113298, 0.168554966667, 0.00280924944444
226, 9.563257, 0.159387616667, 0.00265646027778
227, 13.89885, 0.2316475, 0.00386079166667
228, 13.610588, 0.226843133333, 0.00378071888889
229, 9.600773, 0.160012883333, 0.00266688138889
230, 10.853879, 0.180897983333, 0.00301496638889
231, 7.959793, 0.132663216667, 0.00221105361111
232, 13.310388, 0.2218398, 0.00369733
233, 11.559718, 0.192661966667, 0.00321103277778
234, 14.943751, 0.249062516667, 0.00415104194444
235, 8.82941, 0.147156833333, 0.00245261388889
236, 10.074682, 0.167911366667, 0.00279852277778
237, 16.268822, 0.271147033333, 0.00451911722222
238, 15.44176, 0.257362666667, 0.00428937777778
239, 8.169202, 0.136153366667, 0.00226922277778
240, 9.439498, 0.157324966667, 0.00262208277778
241, 8.343318, 0.1390553, 0.00231758833333
242, 10.841828, 0.180697133333, 0.00301161888889
243, 13.308245, 0.221804083333, 0.00369673472222
244, 25.205473, 0.420091216667, 0.00700152027778
245, 29.512902, 0.4918817, 0.00819802833333
246, 14.433261, 0.24055435, 0.00400923916667
247, 9.073986, 0.1512331, 0.00252055166667
248, 15.245795, 0.254096583333, 0.00423494305556
249, 14.407554, 0.2401259, 0.00400209833333
250, 10.656034, 0.177600566667, 0.00296000944444
251, 10.076662, 0.167944366667, 0.00279907277778
252, 11.825944, 0.197099066667, 0.00328498444444
253, 12.009088, 0.200151466667, 0.00333585777778
254, 11.622112, 0.193701866667, 0.00322836444444
255, 35.30956, 0.588492666667, 0.00980821111111
256, 9.27789, 0.1546315, 0.00257719166667
257, 12.797909, 0.213298483333, 0.00355497472222
258, 10.32533, 0.172088833333, 0.00286814722222
259, 7.768405, 0.129473416667, 0.00215789027778
260, 12.01543, 0.200257166667, 0.00333761944444
261, 15.291394, 0.254856566667, 0.00424760944444
262, 12.049191, 0.20081985, 0.0033469975
263, 12.223769, 0.203729483333, 0.00339549138889
264, 29.794027, 0.496567116667, 0.00827611861111
265, 22.253527, 0.370892116667, 0.00618153527778
266, 18.066937, 0.301115616667, 0.00501859361111
267, 9.021139, 0.150352316667, 0.00250587194444
268, 8.817139, 0.146952316667, 0.00244920527778
269, 10.900849, 0.181680816667, 0.00302801361111
270, 28.699189, 0.478319816667, 0.00797199694444
271, 12.966997, 0.216116616667, 0.00360194361111
272, 10.21937, 0.170322833333, 0.00283871388889
273, 21.495256, 0.358254266667, 0.00597090444444
274, 151.654929, 2.52758215, 0.0421263691667
275, 14.917542, 0.2486257, 0.00414376166667
276, 9.008319, 0.15013865, 0.00250231083333
277, 15.413261, 0.256887683333, 0.00428146138889
278, 59.819411, 0.996990183333, 0.0166165030556
279, 18.097799, 0.301629983333, 0.00502716638889
280, 10.725004, 0.178750066667, 0.00297916777778
281, 12.53622, 0.208937, 0.00348228333333
282, 22.223586, 0.3703931, 0.00617321833333
283, 8.796469, 0.146607816667, 0.00244346361111
284, 20.667984, 0.3444664, 0.00574110666667
285, 16.622952, 0.2770492, 0.00461748666667
286, 12.471316, 0.207855266667, 0.00346425444444
287, 16.62341, 0.277056833333, 0.00461761388889
288, 12.087747, 0.20146245, 0.0033577075
289, 9.439326, 0.1573221, 0.002622035
290, 11.794088, 0.196568133333, 0.00327613555556
291, 10.561277, 0.176021283333, 0.00293368805556
292, 24.18243, 0.4030405, 0.00671734166667
293, 14.158943, 0.235982383333, 0.00393303972222
294, 8.407907, 0.140131783333, 0.00233552972222
295, 24.010243, 0.400170716667, 0.00666951194444
296, 13.692521, 0.228208683333, 0.00380347805556
297, 12.878694, 0.2146449, 0.003577415
298, 8.237252, 0.137287533333, 0.00228812555556
299, 11.164965, 0.18608275, 0.00310137916667
300, 9.693471, 0.16155785, 0.00269263083333
