001, 0.071557, 0.00119261666667, 1.98769444444e-05
002, 0.107331, 0.00178885, 2.98141666667e-05
003, 8.381442, 0.1396907, 0.00232817833333
004, 6.825766, 0.113762766667, 0.00189604611111
005, 6.626842, 0.110447366667, 0.00184078944444
006, 12.15009, 0.2025015, 0.003375025
007, 7.674225, 0.12790375, 0.00213172916667
008, 7.058692, 0.117644866667, 0.00196074777778
009, 8.392564, 0.139876066667, 0.00233126777778
010, 7.478832, 0.1246472, 0.00207745333333
011, 8.791443, 0.14652405, 0.0024420675
012, 8.077347, 0.13462245, 0.0022437075
013, 7.671678, 0.1278613, 0.00213102166667
014, 7.455492, 0.1242582, 0.00207097
015, 9.703503, 0.16172505, 0.0026954175
016, 9.499791, 0.15832985, 0.00263883083333
017, 13.424979, 0.22374965, 0.00372916083333
018, 6.825217, 0.113753616667, 0.00189589361111
019, 22.681786, 0.378029766667, 0.00630049611111
020, 19.895643, 0.33159405, 0.0055265675
021, 13.72866, 0.228811, 0.00381351666667
022, 8.696201, 0.144936683333, 0.00241561138889
023, 6.699274, 0.111654566667, 0.00186090944444
024, 44.358005, 0.739300083333, 0.0123216680556
025, 7.793092, 0.129884866667, 0.00216474777778
026, 8.517604, 0.141960066667, 0.00236600111111
027, 8.610904, 0.143515066667, 0.00239191777778
028, 8.228498, 0.137141633333, 0.00228569388889
029, 6.138895, 0.102314916667, 0.00170524861111
030, 11.682487, 0.194708116667, 0.00324513527778
031, 6.579969, 0.10966615, 0.00182776916667
032, 8.471291, 0.141188183333, 0.00235313638889
033, 6.554946, 0.1092491, 0.00182081833333
034, 8.817852, 0.1469642, 0.00244940333333
035, 7.911276, 0.1318546, 0.00219757666667
036, 6.917008, 0.115283466667, 0.00192139111111
037, 8.180374, 0.136339566667, 0.00227232611111
038, 7.457652, 0.1242942, 0.00207157
039, 6.239926, 0.103998766667, 0.00173331277778
040, 7.153017, 0.11921695, 0.00198694916667
041, 7.78581, 0.1297635, 0.002162725
042, 8.258868, 0.1376478, 0.00229413
043, 8.262761, 0.137712683333, 0.00229521138889
044, 18.164557, 0.302742616667, 0.00504571027778
045, 7.281655, 0.121360916667, 0.00202268194444
046, 9.881519, 0.164691983333, 0.00274486638889
047, 6.983901, 0.11639835, 0.0019399725
048, 7.938814, 0.132313566667, 0.00220522611111
049, 8.181309, 0.13635515, 0.00227258583333
050, 8.060504, 0.134341733333, 0.00223902888889
051, 10.051287, 0.16752145, 0.00279202416667
052, 17.239124, 0.287318733333, 0.00478864555556
053, 16.169919, 0.26949865, 0.00449164416667
054, 6.693169, 0.111552816667, 0.00185921361111
055, 7.478819, 0.124646983333, 0.00207744972222
056, 22.612182, 0.3768697, 0.00628116166667
057, 8.775905, 0.146265083333, 0.00243775138889
058, 8.040609, 0.13401015, 0.0022335025
059, 8.209953, 0.13683255, 0.0022805425
060, 8.394427, 0.139907116667, 0.00233178527778
061, 15.172483, 0.252874716667, 0.00421457861111
062, 7.37578, 0.122929666667, 0.00204882777778
063, 18.290005, 0.304833416667, 0.00508055694444
064, 9.442065, 0.15736775, 0.00262279583333
065, 14.386826, 0.239780433333, 0.00399634055556
066, 7.569593, 0.126159883333, 0.00210266472222
067, 7.510413, 0.12517355, 0.00208622583333
068, 6.721191, 0.11201985, 0.0018669975
069, 7.906575, 0.13177625, 0.00219627083333
070, 7.505141, 0.125085683333, 0.00208476138889
071, 7.286865, 0.12144775, 0.00202412916667
072, 7.49544, 0.124924, 0.00208206666667
073, 6.483348, 0.1080558, 0.00180093
074, 10.265036, 0.171083933333, 0.00285139888889
075, 10.875831, 0.18126385, 0.00302106416667
076, 10.707207, 0.17845345, 0.00297422416667
077, 6.253872, 0.1042312, 0.00173718666667
078, 8.211423, 0.13685705, 0.00228095083333
079, 10.707137, 0.178452283333, 0.00297420472222
080, 6.261294, 0.1043549, 0.00173924833333
081, 8.277326, 0.137955433333, 0.00229925722222
082, 7.168258, 0.119470966667, 0.00199118277778
083, 7.076513, 0.117941883333, 0.00196569805556
084, 6.738082, 0.112301366667, 0.00187168944444
085, 9.775203, 0.16292005, 0.00271533416667
086, 7.666969, 0.127782816667, 0.00212971361111
087, 7.202357, 0.120039283333, 0.00200065472222
088, 7.724692, 0.128744866667, 0.00214574777778
089, 7.636219, 0.127270316667, 0.00212117194444
090, 7.505376, 0.1250896, 0.00208482666667
091, 7.726052, 0.128767533333, 0.00214612555556
092, 30.360882, 0.5060147, 0.00843357833333
093, 9.043656, 0.1507276, 0.00251212666667
094, 8.380645, 0.139677416667, 0.00232795694444
095, 7.498148, 0.124969133333, 0.00208281888889
096, 12.610658, 0.210177633333, 0.00350296055556
097, 7.469314, 0.124488566667, 0.00207480944444
098, 7.244927, 0.120748783333, 0.00201247972222
099, 7.585676, 0.126427933333, 0.00210713222222
100, 6.825075, 0.11375125, 0.00189585416667
101, 7.32652, 0.122108666667, 0.00203514444444
102, 7.846311, 0.13077185, 0.00217953083333
103, 8.345021, 0.139083683333, 0.00231806138889
104, 7.771409, 0.129523483333, 0.00215872472222
105, 8.266122, 0.1377687, 0.002296145
106, 7.299539, 0.121658983333, 0.00202764972222
107, 7.691517, 0.12819195, 0.0021365325
108, 8.246059, 0.137434316667, 0.00229057194444
109, 9.674797, 0.161246616667, 0.00268744361111
110, 8.515619, 0.141926983333, 0.00236544972222
111, 8.244774, 0.1374129, 0.002290215
112, 7.489088, 0.124818133333, 0.00208030222222
113, 8.017228, 0.133620466667, 0.00222700777778
114, 7.289767, 0.121496116667, 0.00202493527778
115, 7.116653, 0.118610883333, 0.00197684805556
116, 6.841161, 0.11401935, 0.0019003225
117, 6.224269, 0.103737816667, 0.00172896361111
118, 7.261414, 0.121023566667, 0.00201705944444
119, 7.775881, 0.129598016667, 0.00215996694444
120, 7.649001, 0.12748335, 0.0021247225
121, 8.78024, 0.146337333333, 0.00243895555556
122, 11.270972, 0.187849533333, 0.00313082555556
123, 8.648982, 0.1441497, 0.002402495
124, 11.139658, 0.185660966667, 0.00309434944444
125, 7.724354, 0.128739233333, 0.00214565388889
126, 17.979138, 0.2996523, 0.004994205
127, 6.17759, 0.102959833333, 0.00171599722222
128, 13.546968, 0.2257828, 0.00376304666667
129, 12.352512, 0.2058752, 0.00343125333333
130, 11.023168, 0.183719466667, 0.00306199111111
131, 18.29018, 0.304836333333, 0.00508060555556
132, 7.252508, 0.120875133333, 0.00201458555556
133, 9.847518, 0.1641253, 0.00273542166667
134, 8.453799, 0.14089665, 0.0023482775
135, 16.245235, 0.270753916667, 0.00451256527778
136, 7.692508, 0.128208466667, 0.00213680777778
137, 7.518697, 0.125311616667, 0.00208852694444
138, 6.690915, 0.11151525, 0.0018585875
139, 11.101756, 0.185029266667, 0.00308382111111
140, 8.128964, 0.135482733333, 0.00225804555556
141, 7.425763, 0.123762716667, 0.00206271194444
142, 7.641444, 0.1273574, 0.00212262333333
143, 8.278364, 0.137972733333, 0.00229954555556
144, 6.957316, 0.115955266667, 0.00193258777778
145, 8.364482, 0.139408033333, 0.00232346722222
146, 9.346888, 0.155781466667, 0.00259635777778
147, 7.69223, 0.128203833333, 0.00213673055556
148, 14.801994, 0.2466999, 0.004111665
149, 7.458486, 0.1243081, 0.00207180166667
150, 9.621099, 0.16035165, 0.0026725275
151, 7.675346, 0.127922433333, 0.00213204055556
152, 25.764726, 0.4294121, 0.00715686833333
153, 27.936857, 0.465614283333, 0.00776023805556
154, 11.748117, 0.19580195, 0.00326336583333
155, 7.675234, 0.127920566667, 0.00213200944444
156, 7.501795, 0.125029916667, 0.00208383194444
157, 8.372084, 0.139534733333, 0.00232557888889
158, 6.924137, 0.115402283333, 0.00192337138889
159, 15.070076, 0.251167933333, 0.00418613222222
160, 7.12855, 0.118809166667, 0.00198015277778
161, 7.925138, 0.132085633333, 0.00220142722222
162, 7.6566, 0.12761, 0.00212683333333
163, 7.446301, 0.124105016667, 0.00206841694444
164, 6.473591, 0.107893183333, 0.00179821972222
165, 6.723494, 0.112058233333, 0.00186763722222
166, 8.572032, 0.1428672, 0.00238112
167, 8.497302, 0.1416217, 0.00236036166667
168, 8.547088, 0.142451466667, 0.00237419111111
169, 7.383283, 0.123054716667, 0.00205091194444
170, 8.435437, 0.140590616667, 0.00234317694444
171, 8.471455, 0.141190916667, 0.00235318194444
172, 15.83518, 0.263919666667, 0.00439866111111
173, 7.92614, 0.132102333333, 0.00220170555556
174, 6.962839, 0.116047316667, 0.00193412194444
175, 8.092617, 0.13487695, 0.00224794916667
176, 8.319234, 0.1386539, 0.00231089833333
177, 8.251316, 0.137521933333, 0.00229203222222
178, 7.554686, 0.125911433333, 0.00209852388889
179, 9.153691, 0.152561516667, 0.00254269194444
180, 8.432705, 0.140545083333, 0.00234241805556
181, 7.44424, 0.124070666667, 0.00206784444444
182, 6.832791, 0.11387985, 0.0018979975
183, 12.786895, 0.213114916667, 0.00355191527778
184, 9.596774, 0.159946233333, 0.00266577055556
185, 8.25743, 0.137623833333, 0.00229373055556
186, 10.117977, 0.16863295, 0.00281054916667
187, 7.417464, 0.1236244, 0.00206040666667
188, 9.557193, 0.15928655, 0.00265477583333
189, 8.064059, 0.134400983333, 0.00224001638889
190, 8.595462, 0.1432577, 0.00238762833333
191, 16.083055, 0.268050916667, 0.00446751527778
192, 14.346839, 0.239113983333, 0.00398523305556
193, 8.606575, 0.143442916667, 0.00239071527778
194, 8.210883, 0.13684805, 0.00228080083333
195, 15.788179, 0.263136316667, 0.00438560527778
196, 6.563535, 0.10939225, 0.00182320416667
197, 7.608942, 0.1268157, 0.002113595
198, 13.579568, 0.226326133333, 0.00377210222222
199, 6.500092, 0.108334866667, 0.00180558111111
200, 20.266564, 0.337776066667, 0.00562960111111
201, 20.324455, 0.338740916667, 0.00564568194444
202, 32.021021, 0.533683683333, 0.00889472805556
203, 7.36594, 0.122765666667, 0.00204609444444
204, 7.426092, 0.1237682, 0.00206280333333
205, 13.159287, 0.21932145, 0.0036553575
206, 7.278714, 0.1213119, 0.002021865
207, 7.861749, 0.13102915, 0.00218381916667
208, 7.563495, 0.12605825, 0.00210097083333
209, 7.128555, 0.11880925, 0.00198015416667
210, 8.037692, 0.133961533333, 0.00223269222222
211, 6.603148, 0.110052466667, 0.00183420777778
212, 6.763776, 0.1127296, 0.00187882666667
213, 7.308879, 0.12181465, 0.00203024416667
214, 6.929209, 0.115486816667, 0.00192478027778
215, 9.158157, 0.15263595, 0.0025439325
216, 7.28067, 0.1213445, 0.00202240833333
217, 6.072731, 0.101212183333, 0.00168686972222
218, 14.678502, 0.2446417, 0.00407736166667
219, 12.962837, 0.216047283333, 0.00360078805556
220, 6.87674, 0.114612333333, 0.00191020555556
221, 9.182503, 0.153041716667, 0.00255069527778
222, 8.602747, 0.143379116667, 0.00238965194444
223, 5.701065, 0.09501775, 0.00158362916667
224, 7.559549, 0.125992483333, 0.00209987472222
225, 12.386191, 0.206436516667, 0.00344060861111
226, 7.349578, 0.122492966667, 0.00204154944444
227, 7.492501, 0.124875016667, 0.00208125027778
228, 7.056478, 0.117607966667, 0.00196013277778
229, 8.014609, 0.133576816667, 0.00222628027778
230, 7.064948, 0.117749133333, 0.00196248555556
231, 7.684729, 0.128078816667, 0.00213464694444
232, 10.834011, 0.18056685, 0.0030094475
233, 7.077473, 0.117957883333, 0.00196596472222
234, 7.308104, 0.121801733333, 0.00203002888889
235, 7.717292, 0.128621533333, 0.00214369222222
236, 8.177881, 0.136298016667, 0.00227163361111
237, 9.61012, 0.160168666667, 0.00266947777778
238, 10.46532, 0.174422, 0.00290703333333
239, 7.232349, 0.12053915, 0.00200898583333
240, 6.673573, 0.111226216667, 0.00185377027778
241, 7.253163, 0.12088605, 0.0020147675
242, 6.73396, 0.112232666667, 0.00187054444444
243, 7.238785, 0.120646416667, 0.00201077361111
244, 10.827884, 0.180464733333, 0.00300774555556
245, 17.63295, 0.2938825, 0.00489804166667
246, 8.117563, 0.135292716667, 0.00225487861111
247, 8.348786, 0.139146433333, 0.00231910722222
248, 7.44709, 0.124118166667, 0.00206863611111
249, 7.328756, 0.122145933333, 0.00203576555556
250, 16.317864, 0.2719644, 0.00453274
251, 6.861293, 0.114354883333, 0.00190591472222
252, 11.55941, 0.192656833333, 0.00321094722222
253, 6.912675, 0.11521125, 0.0019201875
254, 7.271863, 0.121197716667, 0.00201996194444
255, 16.719272, 0.278654533333, 0.00464424222222
256, 7.678737, 0.12797895, 0.0021329825
257, 7.342605, 0.12237675, 0.0020396125
258, 7.639902, 0.1273317, 0.002122195
259, 7.274503, 0.121241716667, 0.00202069527778
260, 6.684822, 0.1114137, 0.001856895
261, 11.924932, 0.198748866667, 0.00331248111111
262, 7.479101, 0.124651683333, 0.00207752805556
263, 9.533734, 0.158895566667, 0.00264825944444
264, 19.563851, 0.326064183333, 0.00543440305556
265, 7.26777, 0.1211295, 0.002018825
266, 9.43979, 0.157329833333, 0.00262216388889
267, 7.302323, 0.121705383333, 0.00202842305556
268, 7.181631, 0.11969385, 0.0019948975
269, 6.639132, 0.1106522, 0.00184420333333
270, 9.696376, 0.161606266667, 0.00269343777778
271, 8.404032, 0.1400672, 0.00233445333333
272, 7.100421, 0.11834035, 0.00197233916667
273, 11.159588, 0.185993133333, 0.00309988555556
274, 6.848104, 0.114135066667, 0.00190225111111
275, 8.441125, 0.140685416667, 0.00234475694444
276, 6.922104, 0.1153684, 0.00192280666667
277, 9.152332, 0.152538866667, 0.00254231444444
278, 39.183768, 0.6530628, 0.01088438
279, 12.158756, 0.202645933333, 0.00337743222222
280, 7.044467, 0.117407783333, 0.00195679638889
281, 7.759447, 0.129324116667, 0.00215540194444
282, 8.687233, 0.144787216667, 0.00241312027778
283, 7.109896, 0.118498266667, 0.00197497111111
284, 7.18219, 0.119703166667, 0.00199505277778
285, 11.977497, 0.19962495, 0.0033270825
286, 7.838749, 0.130645816667, 0.00217743027778
287, 12.059733, 0.20099555, 0.00334992583333
288, 7.494126, 0.1249021, 0.00208170166667
289, 8.157941, 0.135965683333, 0.00226609472222
290, 7.314099, 0.12190165, 0.00203169416667
291, 6.988765, 0.116479416667, 0.00194132361111
292, 10.409984, 0.173499733333, 0.00289166222222
293, 19.727507, 0.328791783333, 0.00547986305556
294, 8.084954, 0.134749233333, 0.00224582055556
295, 16.421826, 0.2736971, 0.00456161833333
296, 8.126754, 0.1354459, 0.00225743166667
297, 7.629976, 0.127166266667, 0.00211943777778
298, 7.026027, 0.11710045, 0.00195167416667
299, 10.604284, 0.176738066667, 0.00294563444444
300, 7.834129, 0.130568816667, 0.00217614694444
