001, 1.081542, 0.0180257, 0.000300428333333
002, 0.369457, 0.00615761666667, 0.000102626944444
003, 0.516479, 0.00860798333333, 0.000143466388889
004, 0.324656, 0.00541093333333, 9.01822222222e-05
005, 0.499096, 0.00831826666667, 0.000138637777778
006, 1.224656, 0.0204109333333, 0.000340182222222
007, 0.393816, 0.0065636, 0.000109393333333
008, 0.339333, 0.00565555, 9.42591666667e-05
009, 0.338196, 0.0056366, 9.39433333333e-05
010, 0.327275, 0.00545458333333, 9.09097222222e-05
011, 0.676048, 0.0112674666667, 0.000187791111111
012, 0.312261, 0.00520435, 8.67391666667e-05
013, 0.464271, 0.00773785, 0.000128964166667
014, 0.371049, 0.00618415, 0.000103069166667
015, 0.704575, 0.0117429166667, 0.000195715277778
016, 0.717946, 0.0119657666667, 0.000199429444444
017, 2.541409, 0.0423568166667, 0.000705946944444
018, 0.430737, 0.00717895, 0.000119649166667
019, 0.339564, 0.0056594, 9.43233333333e-05
020, 0.380723, 0.00634538333333, 0.000105756388889
021, 0.514383, 0.00857305, 0.000142884166667
022, 0.379728, 0.0063288, 0.00010548
023, 0.460358, 0.00767263333333, 0.000127877222222
024, 0.499081, 0.00831801666667, 0.000138633611111
025, 1.231683, 0.02052805, 0.000342134166667
026, 0.532419, 0.00887365, 0.000147894166667
027, 0.44132, 0.00735533333333, 0.000122588888889
028, 0.576301, 0.00960501666667, 0.000160083611111
029, 0.582596, 0.00970993333333, 0.000161832222222
030, 0.34327, 0.00572116666667, 9.53527777778e-05
031, 0.397598, 0.00662663333333, 0.000110443888889
032, 0.307345, 0.00512241666667, 8.53736111111e-05
033, 0.473631, 0.00789385, 0.000131564166667
034, 0.407521, 0.00679201666667, 0.000113200277778
035, 0.313698, 0.0052283, 8.71383333333e-05
036, 1.418911, 0.0236485166667, 0.000394141944444
037, 0.344462, 0.00574103333333, 9.56838888889e-05
038, 0.377568, 0.0062928, 0.00010488
039, 0.385015, 0.00641691666667, 0.000106948611111
040, 0.359133, 0.00598555, 9.97591666667e-05
041, 0.438388, 0.00730646666667, 0.000121774444444
042, 0.303464, 0.00505773333333, 8.42955555556e-05
043, 0.382622, 0.00637703333333, 0.000106283888889
044, 0.385213, 0.00642021666667, 0.000107003611111
045, 0.307378, 0.00512296666667, 8.53827777778e-05
046, 0.359369, 0.00598948333333, 9.98247222222e-05
047, 0.353082, 0.0058847, 9.80783333333e-05
048, 0.378595, 0.00630991666667, 0.000105165277778
049, 0.816327, 0.01360545, 0.0002267575
050, 1.052665, 0.0175444166667, 0.000292406944444
051, 0.332928, 0.0055488, 9.248e-05
052, 0.881346, 0.0146891, 0.000244818333333
053, 0.352059, 0.00586765, 9.77941666667e-05
054, 0.430067, 0.00716778333333, 0.000119463055556
055, 0.394882, 0.00658136666667, 0.000109689444444
056, 0.312357, 0.00520595, 8.67658333333e-05
057, 0.329505, 0.00549175, 9.15291666667e-05
058, 2.051992, 0.0341998666667, 0.000569997777778
059, 0.329327, 0.00548878333333, 9.14797222222e-05
060, 0.316144, 0.00526906666667, 8.78177777778e-05
061, 0.341222, 0.00568703333333, 9.47838888889e-05
062, 0.449478, 0.0074913, 0.000124855
063, 0.391981, 0.00653301666667, 0.000108883611111
064, 0.385777, 0.00642961666667, 0.000107160277778
065, 0.382003, 0.00636671666667, 0.000106111944444
066, 0.332061, 0.00553435, 9.22391666667e-05
067, 0.33682, 0.00561366666667, 9.35611111111e-05
068, 0.354855, 0.00591425, 9.85708333333e-05
069, 0.391554, 0.0065259, 0.000108765
070, 0.355603, 0.00592671666667, 9.87786111111e-05
071, 0.579669, 0.00966115, 0.000161019166667
072, 0.35357, 0.00589283333333, 9.82138888889e-05
073, 0.329741, 0.00549568333333, 9.15947222222e-05
074, 0.396035, 0.00660058333333, 0.000110009722222
075, 0.498706, 0.00831176666667, 0.000138529444444
076, 0.481601, 0.00802668333333, 0.000133778055556
077, 0.488164, 0.00813606666667, 0.000135601111111
078, 0.61866, 0.010311, 0.00017185
079, 0.626008, 0.0104334666667, 0.000173891111111
080, 0.393933, 0.00656555, 0.000109425833333
081, 2.093155, 0.0348859166667, 0.000581431944444
082, 0.370688, 0.00617813333333, 0.000102968888889
083, 0.544288, 0.00907146666667, 0.000151191111111
084, 0.340124, 0.00566873333333, 9.44788888889e-05
085, 0.39007, 0.00650116666667, 0.000108352777778
086, 0.364648, 0.00607746666667, 0.000101291111111
087, 0.423586, 0.00705976666667, 0.000117662777778
088, 0.805469, 0.0134244833333, 0.000223741388889
089, 0.377267, 0.00628778333333, 0.000104796388889
090, 1.324144, 0.0220690666667, 0.000367817777778
091, 0.524659, 0.00874431666667, 0.000145738611111
092, 1.875698, 0.0312616333333, 0.000521027222222
093, 0.554115, 0.00923525, 0.000153920833333
094, 0.338456, 0.00564093333333, 9.40155555556e-05
095, 0.370711, 0.00617851666667, 0.000102975277778
096, 0.97419, 0.0162365, 0.000270608333333
097, 0.330408, 0.0055068, 9.178e-05
098, 0.400743, 0.00667905, 0.0001113175
099, 0.32591, 0.00543183333333, 9.05305555556e-05
100, 0.643767, 0.01072945, 0.000178824166667
101, 0.339912, 0.0056652, 9.442e-05
102, 0.333462, 0.0055577, 9.26283333333e-05
103, 0.335149, 0.00558581666667, 9.30969444444e-05
104, 0.340964, 0.00568273333333, 9.47122222222e-05
105, 0.353967, 0.00589945, 9.83241666667e-05
106, 0.338014, 0.00563356666667, 9.38927777778e-05
107, 0.404614, 0.00674356666667, 0.000112392777778
108, 0.365688, 0.0060948, 0.00010158
109, 0.386647, 0.00644411666667, 0.000107401944444
110, 0.335313, 0.00558855, 9.31425e-05
111, 0.318718, 0.00531196666667, 8.85327777778e-05
112, 0.378623, 0.00631038333333, 0.000105173055556
113, 0.368538, 0.0061423, 0.000102371666667
114, 0.544978, 0.00908296666667, 0.000151382777778
115, 0.431883, 0.00719805, 0.0001199675
116, 0.456838, 0.00761396666667, 0.000126899444444
117, 0.783778, 0.0130629666667, 0.000217716111111
118, 0.348396, 0.0058066, 9.67766666667e-05
119, 0.367589, 0.00612648333333, 0.000102108055556
120, 0.318268, 0.00530446666667, 8.84077777778e-05
121, 0.313036, 0.00521726666667, 8.69544444444e-05
122, 0.631978, 0.0105329666667, 0.000175549444444
123, 0.340173, 0.00566955, 9.44925e-05
124, 0.333837, 0.00556395, 9.27325e-05
125, 0.331407, 0.00552345, 9.20575e-05
126, 0.454919, 0.00758198333333, 0.000126366388889
127, 0.375403, 0.00625671666667, 0.000104278611111
128, 0.334794, 0.0055799, 9.29983333333e-05
129, 0.357368, 0.00595613333333, 9.92688888889e-05
130, 0.318113, 0.00530188333333, 8.83647222222e-05
131, 0.322701, 0.00537835, 8.96391666667e-05
132, 0.326065, 0.00543441666667, 9.05736111111e-05
133, 0.3331, 0.00555166666667, 9.25277777778e-05
134, 0.279805, 0.00466341666667, 7.77236111111e-05
135, 0.892121, 0.0148686833333, 0.000247811388889
136, 0.480728, 0.00801213333333, 0.000133535555556
137, 1.008149, 0.0168024833333, 0.000280041388889
138, 0.513715, 0.00856191666667, 0.000142698611111
139, 0.575983, 0.00959971666667, 0.000159995277778
140, 0.325266, 0.0054211, 9.03516666667e-05
141, 0.35065, 0.00584416666667, 9.74027777778e-05
142, 0.34956, 0.005826, 9.71e-05
143, 0.29898, 0.004983, 8.305e-05
144, 0.347995, 0.00579991666667, 9.66652777778e-05
145, 0.523471, 0.00872451666667, 0.000145408611111
146, 0.394605, 0.00657675, 0.0001096125
147, 0.477313, 0.00795521666667, 0.000132586944444
148, 0.520095, 0.00866825, 0.000144470833333
149, 0.508176, 0.0084696, 0.00014116
150, 0.326553, 0.00544255, 9.07091666667e-05
151, 0.320465, 0.00534108333333, 8.90180555556e-05
152, 0.346879, 0.00578131666667, 9.63552777778e-05
153, 0.446147, 0.00743578333333, 0.000123929722222
154, 0.330971, 0.00551618333333, 9.19363888889e-05
155, 0.324403, 0.00540671666667, 9.01119444444e-05
156, 0.322209, 0.00537015, 8.95025e-05
157, 0.30641, 0.00510683333333, 8.51138888889e-05
158, 0.686305, 0.0114384166667, 0.000190640277778
159, 0.550316, 0.00917193333333, 0.000152865555556
160, 0.549278, 0.00915463333333, 0.000152577222222
161, 0.428949, 0.00714915, 0.0001191525
162, 0.3536, 0.00589333333333, 9.82222222222e-05
163, 0.458942, 0.00764903333333, 0.000127483888889
164, 0.488471, 0.00814118333333, 0.000135686388889
165, 1.40971, 0.0234951666667, 0.000391586111111
166, 0.323618, 0.00539363333333, 8.98938888889e-05
167, 0.339082, 0.00565136666667, 9.41894444444e-05
168, 0.321897, 0.00536495, 8.94158333333e-05
169, 1.226411, 0.0204401833333, 0.000340669722222
170, 0.340455, 0.00567425, 9.45708333333e-05
171, 0.313081, 0.00521801666667, 8.69669444444e-05
172, 0.908391, 0.01513985, 0.000252330833333
173, 0.405529, 0.00675881666667, 0.000112646944444
174, 0.406201, 0.00677001666667, 0.000112833611111
175, 0.487522, 0.00812536666667, 0.000135422777778
176, 0.377566, 0.00629276666667, 0.000104879444444
177, 1.011101, 0.0168516833333, 0.000280861388889
178, 0.325591, 0.00542651666667, 9.04419444444e-05
179, 0.325244, 0.00542073333333, 9.03455555556e-05
180, 0.389664, 0.0064944, 0.00010824
181, 0.959033, 0.0159838833333, 0.000266398055556
182, 0.383869, 0.00639781666667, 0.000106630277778
183, 0.439518, 0.0073253, 0.000122088333333
184, 0.349049, 0.00581748333333, 9.69580555556e-05
185, 0.991613, 0.0165268833333, 0.000275448055556
186, 0.878984, 0.0146497333333, 0.000244162222222
187, 0.642776, 0.0107129333333, 0.000178548888889
188, 0.364403, 0.00607338333333, 0.000101223055556
189, 1.14889, 0.0191481666667, 0.000319136111111
190, 1.048778, 0.0174796333333, 0.000291327222222
191, 0.817907, 0.0136317833333, 0.000227196388889
192, 0.440487, 0.00734145, 0.0001223575
193, 0.314843, 0.00524738333333, 8.74563888889e-05
194, 0.367093, 0.00611821666667, 0.000101970277778
195, 0.292462, 0.00487436666667, 8.12394444444e-05
196, 0.330255, 0.00550425, 9.17375e-05
197, 0.31361, 0.00522683333333, 8.71138888889e-05
198, 0.304064, 0.00506773333333, 8.44622222222e-05
199, 0.399331, 0.00665551666667, 0.000110925277778
200, 0.481373, 0.00802288333333, 0.000133714722222
201, 0.316915, 0.00528191666667, 8.80319444444e-05
202, 0.282742, 0.00471236666667, 7.85394444444e-05
203, 0.379486, 0.00632476666667, 0.000105412777778
204, 0.293228, 0.00488713333333, 8.14522222222e-05
205, 0.286203, 0.00477005, 7.95008333333e-05
206, 0.29793, 0.0049655, 8.27583333333e-05
207, 0.308963, 0.00514938333333, 8.58230555556e-05
208, 0.485114, 0.00808523333333, 0.000134753888889
209, 0.570285, 0.00950475, 0.0001584125
210, 0.422031, 0.00703385, 0.000117230833333
211, 0.457554, 0.0076259, 0.000127098333333
212, 0.318818, 0.00531363333333, 8.85605555556e-05
213, 0.333471, 0.00555785, 9.26308333333e-05
214, 0.371015, 0.00618358333333, 0.000103059722222
215, 0.350215, 0.00583691666667, 9.72819444444e-05
216, 0.487472, 0.00812453333333, 0.000135408888889
217, 0.350552, 0.00584253333333, 9.73755555556e-05
218, 0.361988, 0.00603313333333, 0.000100552222222
219, 0.876712, 0.0146118666667, 0.000243531111111
220, 0.328798, 0.00547996666667, 9.13327777778e-05
221, 0.300587, 0.00500978333333, 8.34963888889e-05
222, 0.326698, 0.00544496666667, 9.07494444444e-05
223, 0.360794, 0.00601323333333, 0.000100220555556
224, 0.375988, 0.00626646666667, 0.000104441111111
225, 0.387562, 0.00645936666667, 0.000107656111111
226, 0.314967, 0.00524945, 8.74908333333e-05
227, 0.328789, 0.00547981666667, 9.13302777778e-05
228, 0.482804, 0.00804673333333, 0.000134112222222
229, 0.424356, 0.0070726, 0.000117876666667
230, 3.571404, 0.0595234, 0.000992056666667
231, 0.435413, 0.00725688333333, 0.000120948055556
232, 0.428283, 0.00713805, 0.0001189675
233, 0.580913, 0.00968188333333, 0.000161364722222
234, 0.433997, 0.00723328333333, 0.000120554722222
235, 0.402447, 0.00670745, 0.000111790833333
236, 0.726218, 0.0121036333333, 0.000201727222222
237, 0.405316, 0.00675526666667, 0.000112587777778
238, 0.650593, 0.0108432166667, 0.000180720277778
239, 4.725353, 0.0787558833333, 0.00131259805556
240, 0.730452, 0.0121742, 0.000202903333333
241, 0.446478, 0.0074413, 0.000124021666667
242, 0.433685, 0.00722808333333, 0.000120468055556
243, 0.551085, 0.00918475, 0.000153079166667
244, 0.382974, 0.0063829, 0.000106381666667
245, 0.407038, 0.00678396666667, 0.000113066111111
246, 0.381625, 0.00636041666667, 0.000106006944444
247, 0.36409, 0.00606816666667, 0.000101136111111
248, 0.414896, 0.00691493333333, 0.000115248888889
249, 0.348315, 0.00580525, 9.67541666667e-05
250, 0.87249, 0.0145415, 0.000242358333333
251, 0.387703, 0.00646171666667, 0.000107695277778
252, 0.639571, 0.0106595166667, 0.000177658611111
253, 1.003927, 0.0167321166667, 0.000278868611111
254, 0.423148, 0.00705246666667, 0.000117541111111
255, 0.773499, 0.01289165, 0.000214860833333
256, 1.137185, 0.0189530833333, 0.000315884722222
257, 0.402758, 0.00671263333333, 0.000111877222222
258, 0.442049, 0.00736748333333, 0.000122791388889
259, 0.40827, 0.0068045, 0.000113408333333
260, 0.828197, 0.0138032833333, 0.000230054722222
261, 0.362081, 0.00603468333333, 0.000100578055556
262, 0.39934, 0.00665566666667, 0.000110927777778
263, 0.384037, 0.00640061666667, 0.000106676944444
264, 0.353068, 0.00588446666667, 9.80744444444e-05
265, 1.190109, 0.01983515, 0.000330585833333
266, 0.356619, 0.00594365, 9.90608333333e-05
267, 0.357194, 0.00595323333333, 9.92205555556e-05
268, 2.647948, 0.0441324666667, 0.000735541111111
269, 0.353077, 0.00588461666667, 9.80769444444e-05
270, 0.348833, 0.00581388333333, 9.68980555556e-05
271, 0.371506, 0.00619176666667, 0.000103196111111
272, 0.340197, 0.00566995, 9.44991666667e-05
273, 0.393469, 0.00655781666667, 0.000109296944444
274, 0.501413, 0.00835688333333, 0.000139281388889
275, 0.328407, 0.00547345, 9.12241666667e-05
276, 2.161947, 0.03603245, 0.000600540833333
277, 0.440888, 0.00734813333333, 0.000122468888889
278, 0.341311, 0.00568851666667, 9.48086111111e-05
279, 0.370703, 0.00617838333333, 0.000102973055556
280, 0.478652, 0.00797753333333, 0.000132958888889
281, 1.020641, 0.0170106833333, 0.000283511388889
282, 0.373261, 0.00622101666667, 0.000103683611111
283, 0.386801, 0.00644668333333, 0.000107444722222
284, 0.577983, 0.00963305, 0.000160550833333
285, 0.673515, 0.01122525, 0.0001870875
286, 0.488943, 0.00814905, 0.0001358175
287, 0.409971, 0.00683285, 0.000113880833333
288, 0.385655, 0.00642758333333, 0.000107126388889
289, 0.368552, 0.00614253333333, 0.000102375555556
290, 0.49462, 0.00824366666667, 0.000137394444444
291, 0.370228, 0.00617046666667, 0.000102841111111
292, 0.501334, 0.00835556666667, 0.000139259444444
293, 0.379051, 0.00631751666667, 0.000105291944444
294, 0.357753, 0.00596255, 9.93758333333e-05
295, 0.623146, 0.0103857666667, 0.000173096111111
296, 0.709458, 0.0118243, 0.000197071666667
297, 0.381537, 0.00635895, 0.0001059825
298, 0.916461, 0.01527435, 0.0002545725
299, 0.425924, 0.00709873333333, 0.000118312222222
300, 0.403211, 0.00672018333333, 0.000112003055556
301, 0.419185, 0.00698641666667, 0.000116440277778
302, 1.365857, 0.0227642833333, 0.000379404722222
303, 0.480553, 0.00800921666667, 0.000133486944444
304, 0.358091, 0.00596818333333, 9.94697222222e-05
305, 0.848737, 0.0141456166667, 0.000235760277778
306, 0.360354, 0.0060059, 0.000100098333333
307, 0.374929, 0.00624881666667, 0.000104146944444
308, 0.37075, 0.00617916666667, 0.000102986111111
309, 0.596217, 0.00993695, 0.000165615833333
310, 0.359195, 0.00598658333333, 9.97763888889e-05
311, 0.441681, 0.00736135, 0.000122689166667
312, 1.185252, 0.0197542, 0.000329236666667
313, 0.447253, 0.00745421666667, 0.000124236944444
314, 0.459071, 0.00765118333333, 0.000127519722222
315, 0.492996, 0.0082166, 0.000136943333333
316, 0.346002, 0.0057667, 9.61116666667e-05
317, 0.350933, 0.00584888333333, 9.74813888889e-05
318, 2.061953, 0.0343658833333, 0.000572764722222
319, 0.395127, 0.00658545, 0.0001097575
320, 0.650722, 0.0108453666667, 0.000180756111111
321, 0.665566, 0.0110927666667, 0.000184879444444
322, 0.323768, 0.00539613333333, 8.99355555556e-05
323, 0.339335, 0.00565558333333, 9.42597222222e-05
324, 0.34449, 0.0057415, 9.56916666667e-05
325, 0.361095, 0.00601825, 0.000100304166667
326, 0.359128, 0.00598546666667, 9.97577777778e-05
327, 0.358235, 0.00597058333333, 9.95097222222e-05
328, 0.346838, 0.00578063333333, 9.63438888889e-05
329, 0.344817, 0.00574695, 9.57825e-05
330, 0.325906, 0.00543176666667, 9.05294444444e-05
331, 0.366569, 0.00610948333333, 0.000101824722222
332, 0.488865, 0.00814775, 0.000135795833333
333, 0.354891, 0.00591485, 9.85808333333e-05
334, 0.377164, 0.00628606666667, 0.000104767777778
335, 0.370041, 0.00616735, 0.000102789166667
336, 0.973318, 0.0162219666667, 0.000270366111111
337, 0.347803, 0.00579671666667, 9.66119444444e-05
338, 0.458837, 0.00764728333333, 0.000127454722222
339, 0.343723, 0.00572871666667, 9.54786111111e-05
340, 0.368991, 0.00614985, 0.0001024975
341, 0.366324, 0.0061054, 0.000101756666667
342, 0.431855, 0.00719758333333, 0.000119959722222
343, 0.343869, 0.00573115, 9.55191666667e-05
344, 0.809836, 0.0134972666667, 0.000224954444444
345, 1.3457, 0.0224283333333, 0.000373805555556
346, 0.662917, 0.0110486166667, 0.000184143611111
347, 0.363769, 0.00606281666667, 0.000101046944444
348, 0.353644, 0.00589406666667, 9.82344444444e-05
349, 0.382506, 0.0063751, 0.000106251666667
350, 0.36466, 0.00607766666667, 0.000101294444444
351, 0.340007, 0.00566678333333, 9.44463888889e-05
352, 0.375988, 0.00626646666667, 0.000104441111111
353, 0.339947, 0.00566578333333, 9.44297222222e-05
354, 0.380773, 0.00634621666667, 0.000105770277778
355, 0.333348, 0.0055558, 9.25966666667e-05
356, 0.441219, 0.00735365, 0.000122560833333
357, 1.148425, 0.0191404166667, 0.000319006944444
358, 0.374034, 0.0062339, 0.000103898333333
359, 0.41024, 0.00683733333333, 0.000113955555556
360, 0.491624, 0.00819373333333, 0.000136562222222
361, 0.323604, 0.0053934, 8.989e-05
362, 0.337147, 0.00561911666667, 9.36519444444e-05
363, 0.340097, 0.00566828333333, 9.44713888889e-05
364, 0.338827, 0.00564711666667, 9.41186111111e-05
365, 0.397597, 0.00662661666667, 0.000110443611111
366, 0.582187, 0.00970311666667, 0.000161718611111
367, 0.382495, 0.00637491666667, 0.000106248611111
368, 0.349075, 0.00581791666667, 9.69652777778e-05
369, 0.826017, 0.01376695, 0.000229449166667
370, 0.347235, 0.00578725, 9.64541666667e-05
371, 0.389805, 0.00649675, 0.000108279166667
372, 0.512068, 0.00853446666667, 0.000142241111111
373, 0.975482, 0.0162580333333, 0.000270967222222
374, 0.738362, 0.0123060333333, 0.000205100555556
375, 0.335796, 0.0055966, 9.32766666667e-05
376, 0.309892, 0.00516486666667, 8.60811111111e-05
377, 0.347756, 0.00579593333333, 9.65988888889e-05
378, 0.340726, 0.00567876666667, 9.46461111111e-05
379, 6.537161, 0.108952683333, 0.00181587805556
380, 0.630304, 0.0105050666667, 0.000175084444444
381, 0.498162, 0.0083027, 0.000138378333333
382, 0.341458, 0.00569096666667, 9.48494444444e-05
383, 0.465539, 0.00775898333333, 0.000129316388889
384, 0.326903, 0.00544838333333, 9.08063888889e-05
385, 0.795961, 0.0132660166667, 0.000221100277778
386, 0.454641, 0.00757735, 0.000126289166667
387, 0.351189, 0.00585315, 9.75525e-05
388, 0.350755, 0.00584591666667, 9.74319444444e-05
389, 0.738115, 0.0123019166667, 0.000205031944444
390, 0.332363, 0.00553938333333, 9.23230555556e-05
391, 0.815064, 0.0135844, 0.000226406666667
392, 0.331008, 0.0055168, 9.19466666667e-05
393, 0.631675, 0.0105279166667, 0.000175465277778
394, 1.235348, 0.0205891333333, 0.000343152222222
395, 0.336727, 0.00561211666667, 9.35352777778e-05
396, 0.314752, 0.00524586666667, 8.74311111111e-05
397, 0.462418, 0.00770696666667, 0.000128449444444
398, 0.52999, 0.00883316666667, 0.000147219444444
399, 0.67411, 0.0112351666667, 0.000187252777778
400, 0.30289, 0.00504816666667, 8.41361111111e-05
