1, 808
2, 1679
3, 555
4, 557
5, 467
6, 434
7, 745
8, 521
9, 605
10, 569
11, 556
12, 861
13, 624
14, 2818
15, 1164
16, 686
17, 723
18, 382
19, 1915
20, 498
21, 741
22, 726
23, 632
24, 727
25, 1251
26, 422
27, 716
28, 916
29, 1042
30, 428
31, 908
32, 942
33, 620
34, 966
35, 871
36, 7251
37, 660
38, 918
39, 616
40, 803
41, 591
42, 591
43, 2413
44, 397
45, 499
46, 406
47, 612
48, 402
49, 629
50, 967
51, 547
52, 3181
53, 712
54, 433
55, 582
56, 563
57, 855
58, 772
59, 1007
60, 513
61, 613
62, 602
63, 853
64, 499
65, 1002
66, 717
67, 1332
68, 436
69, 514
70, 499
71, 761
72, 1035
73, 704
74, 643
75, 807
76, 1147
77, 1183
78, 677
79, 541
80, 684
81, 742
82, 758
83, 532
84, 489
85, 839
86, 743
87, 771
88, 487
89, 698
90, 423
91, 1584
92, 869
93, 917
94, 1797
95, 775
96, 824
97, 925
98, 733
99, 764
100, 885
