1, 111
2, 86
3, 37
4, 44
5, 106
6, 37
7, 47
8, 48
9, 40
10, 168
11, 50
12, 65
13, 40
14, 100
15, 166
16, 516
17, 58
18, 53
19, 38
20, 158
21, 55
22, 41
23, 117
24, 183
25, 69
26, 39
27, 85
28, 131
29, 51
30, 65
31, 56
32, 81
33, 38
34, 42
35, 238
36, 50
37, 102
38, 84
39, 37
40, 73
41, 61
42, 61
43, 55
44, 39
45, 75
46, 38
47, 52
48, 131
49, 201
50, 52
51, 168
52, 82
53, 215
54, 40
55, 78
56, 77
57, 260
58, 46
59, 42
60, 56
61, 73
62, 44
63, 92
64, 48
65, 42
66, 53
67, 41
68, 51
69, 47
70, 103
71, 298
72, 45
73, 79
74, 97
75, 87
76, 84
77, 90
78, 94
79, 54
80, 401
81, 53
82, 131
83, 39
84, 40
85, 237
86, 57
87, 169
88, 51
89, 186
90, 104
91, 380
92, 123
93, 38
94, 45
95, 164
96, 37
97, 92
98, 61
99, 102
100, 44
101, 56
102, 39
103, 60
104, 42
105, 47
106, 84
107, 46
108, 58
109, 55
110, 46
111, 68
112, 40
113, 71
114, 77
115, 39
116, 105
117, 39
118, 37
119, 46
120, 37
121, 100
122, 46
123, 73
124, 50
125, 41
126, 74
127, 37
128, 57
129, 59
130, 70
131, 48
132, 41
133, 38
134, 174
135, 104
136, 103
137, 180
138, 117
139, 64
140, 44
141, 93
142, 45
143, 42
144, 67
145, 86
146, 47
147, 67
148, 71
149, 63
150, 66
151, 43
152, 68
153, 77
154, 59
155, 59
156, 49
157, 167
158, 100
159, 104
160, 88
161, 48
162, 146
163, 132
164, 596
165, 96
166, 41
167, 42
168, 103
169, 64
170, 63
171, 62
172, 59
173, 38
174, 68
175, 68
176, 152
177, 68
178, 57
179, 137
180, 84
181, 85
182, 67
183, 75
184, 123
185, 128
186, 107
187, 129
188, 192
189, 237
190, 122
