1, 112
2, 88
3, 44
4, 50
5, 77
6, 44
7, 44
8, 50
9, 45
10, 133
11, 55
12, 65
13, 44
14, 135
15, 153
16, 422
17, 57
18, 54
19, 44
20, 130
21, 52
22, 46
23, 102
24, 187
25, 67
26, 44
27, 87
28, 128
29, 44
30, 62
31, 61
32, 79
33, 45
34, 44
35, 203
36, 48
37, 95
38, 86
39, 44
40, 66
41, 62
42, 67
43, 51
44, 45
45, 54
46, 43
47, 54
48, 118
49, 161
50, 56
51, 156
52, 85
53, 177
54, 46
55, 76
56, 73
57, 213
58, 53
59, 48
60, 58
61, 80
62, 50
63, 88
64, 54
65, 49
66, 49
67, 46
68, 49
69, 52
70, 79
71, 242
72, 47
73, 70
74, 86
75, 87
76, 78
77, 74
78, 71
79, 57
80, 332
81, 48
82, 128
83, 45
84, 45
85, 185
86, 62
87, 141
88, 54
89, 158
90, 91
91, 311
92, 121
93, 44
94, 49
95, 143
96, 44
97, 92
98, 62
99, 82
100, 47
101, 51
102, 45
103, 58
104, 46
105, 47
106, 65
107, 49
108, 48
109, 59
110, 48
111, 72
112, 46
113, 71
114, 70
115, 45
116, 85
117, 44
118, 44
119, 49
120, 44
121, 79
122, 45
123, 68
124, 50
125, 47
126, 65
127, 44
128, 58
129, 64
130, 69
131, 51
132, 46
133, 45
134, 138
135, 96
136, 88
137, 146
138, 95
139, 63
140, 50
141, 88
142, 48
143, 45
144, 64
145, 62
146, 51
147, 66
148, 66
149, 64
150, 70
151, 49
152, 61
153, 77
154, 65
155, 56
156, 53
157, 130
158, 79
159, 83
160, 85
161, 45
162, 120
163, 128
164, 512
165, 94
166, 46
167, 45
168, 71
169, 49
170, 67
171, 58
172, 60
173, 44
174, 58
175, 59
176, 115
177, 67
178, 62
179, 105
180, 81
181, 77
182, 61
183, 77
184, 74
185, 108
186, 93
187, 119
188, 152
189, 200
190, 114
