1, 147
2, 49
3, 144
4, 44
5, 114
6, 78
7, 66
8, 119
9, 111
10, 95
11, 135
12, 100
13, 250
14, 44
15, 53
16, 40
17, 49
18, 144
19, 43
20, 114
21, 60
22, 44
23, 73
24, 55
25, 199
26, 61
27, 39
28, 59
29, 47
30, 40
31, 52
32, 47
33, 59
34, 149
35, 40
36, 55
37, 55
38, 130
39, 47
40, 161
41, 40
42, 53
43, 45
44, 112
45, 61
46, 52
47, 169
48, 87
49, 62
50, 176
51, 55
52, 55
53, 45
54, 40
55, 81
56, 40
57, 57
58, 88
59, 75
60, 60
61, 91
62, 54
63, 41
64, 76
65, 61
66, 50
67, 40
68, 86
69, 56
70, 54
71, 115
72, 59
73, 99
74, 47
75, 65
76, 91
77, 121
78, 55
79, 101
80, 89
81, 41
82, 67
83, 42
84, 59
85, 66
86, 80
87, 183
88, 81
89, 58
90, 75
91, 39
92, 91
93, 100
94, 70
95, 72
96, 80
97, 77
98, 107
99, 65
100, 110
101, 51
102, 55
103, 379
104, 40
105, 149
106, 56
107, 50
108, 56
109, 52
110, 42
111, 52
112, 70
113, 65
114, 47
115, 40
116, 89
117, 40
118, 90
119, 55
120, 123
121, 66
122, 77
123, 64
124, 42
125, 58
126, 57
127, 58
128, 52
129, 92
130, 92
131, 135
132, 56
133, 69
134, 91
135, 50
136, 231
137, 96
138, 60
139, 122
140, 159
141, 66
142, 56
143, 73
144, 131
145, 326
146, 112
147, 76
148, 62
149, 70
150, 131
151, 97
152, 43
153, 56
154, 40
155, 42
156, 53
157, 47
158, 76
159, 72
160, 42
161, 100
162, 40
163, 59
164, 153
165, 40
166, 75
167, 77
168, 177
169, 39
170, 77
171, 40
172, 124
173, 60
174, 58
175, 41
176, 82
177, 40
178, 57
179, 65
180, 40
181, 43
182, 68
183, 46
184, 76
185, 90
186, 42
187, 53
188, 139
189, 45
190, 63
