1, 141
2, 50
3, 132
4, 44
5, 109
6, 76
7, 68
8, 111
9, 110
10, 89
11, 125
12, 105
13, 227
14, 45
15, 50
16, 42
17, 50
18, 142
19, 46
20, 106
21, 60
22, 45
23, 68
24, 54
25, 185
26, 63
27, 42
28, 58
29, 49
30, 42
31, 55
32, 48
33, 59
34, 145
35, 42
36, 55
37, 54
38, 126
39, 48
40, 154
41, 42
42, 54
43, 46
44, 104
45, 61
46, 51
47, 157
48, 78
49, 64
50, 168
51, 55
52, 54
53, 47
54, 42
55, 75
56, 42
57, 58
58, 85
59, 72
60, 62
61, 87
62, 54
63, 42
64, 73
65, 62
66, 49
67, 42
68, 86
69, 58
70, 51
71, 116
72, 59
73, 95
74, 48
75, 67
76, 83
77, 114
78, 56
79, 98
80, 82
81, 43
82, 66
83, 44
84, 61
85, 64
86, 80
87, 171
88, 79
89, 57
90, 69
91, 42
92, 84
93, 101
94, 66
95, 70
96, 80
97, 80
98, 98
99, 64
100, 108
101, 51
102, 53
103, 358
104, 42
105, 145
106, 54
107, 52
108, 54
109, 54
110, 43
111, 49
112, 68
113, 64
114, 49
115, 42
116, 88
117, 42
118, 90
119, 58
120, 114
121, 61
122, 75
123, 65
124, 43
125, 58
126, 55
127, 59
128, 50
129, 93
130, 86
131, 124
132, 57
133, 64
134, 89
135, 49
136, 224
137, 99
138, 61
139, 117
140, 151
141, 67
142, 54
143, 74
144, 123
145, 304
146, 105
147, 72
148, 62
149, 69
150, 122
151, 86
152, 44
153, 57
154, 42
155, 44
156, 52
157, 49
158, 75
159, 68
160, 44
161, 94
162, 42
163, 60
164, 146
165, 42
166, 70
167, 74
168, 174
169, 42
170, 72
171, 42
172, 109
173, 61
174, 59
175, 42
176, 82
177, 42
178, 56
179, 63
180, 42
181, 44
182, 69
183, 47
184, 76
185, 78
186, 43
187, 54
188, 124
189, 47
190, 64
