1, 182
2, 89
3, 45
4, 51
5, 72
6, 45
7, 46
8, 50
9, 46
10, 127
11, 56
12, 65
13, 46
14, 129
15, 150
16, 407
17, 56
18, 55
19, 46
20, 125
21, 53
22, 47
23, 99
24, 185
25, 67
26, 46
27, 88
28, 126
29, 45
30, 63
31, 62
32, 80
33, 46
34, 45
35, 198
36, 49
37, 95
38, 82
39, 45
40, 66
41, 63
42, 68
43, 52
44, 46
45, 54
46, 44
47, 55
48, 117
49, 154
50, 57
51, 154
52, 87
53, 170
54, 47
55, 75
56, 72
57, 206
58, 55
59, 49
60, 59
61, 79
62, 51
63, 87
64, 55
65, 50
66, 49
67, 48
68, 49
69, 54
70, 74
71, 233
72, 48
73, 70
74, 85
75, 88
76, 75
77, 72
78, 66
79, 58
80, 320
81, 48
82, 128
83, 47
84, 47
85, 177
86, 63
87, 136
88, 55
89, 153
90, 90
91, 300
92, 120
93, 45
94, 50
95, 140
96, 45
97, 92
98, 62
99, 79
100, 48
101, 51
102, 46
103, 57
104, 47
105, 48
106, 66
107, 50
108, 49
109, 61
110, 49
111, 73
112, 48
113, 73
114, 70
115, 47
116, 81
117, 45
118, 45
119, 50
120, 46
121, 79
122, 47
123, 67
124, 51
125, 49
126, 65
127, 46
128, 57
129, 66
130, 69
131, 52
132, 48
133, 46
134, 133
135, 95
136, 86
137, 140
138, 91
139, 63
140, 52
141, 88
142, 49
143, 46
144, 64
145, 57
146, 52
147, 66
148, 65
149, 65
150, 71
151, 50
152, 59
153, 76
154, 66
155, 56
156, 54
157, 123
158, 78
159, 81
160, 84
161, 45
162, 116
163, 128
164, 498
165, 95
166, 47
167, 47
168, 70
169, 51
170, 68
171, 57
172, 60
173, 46
174, 57
175, 59
176, 108
177, 67
178, 63
179, 100
180, 81
181, 75
182, 61
183, 78
184, 91
185, 104
186, 91
187, 118
188, 145
189, 196
190, 120
