1, 109
2, 87
3, 38
4, 44
5, 101
6, 38
7, 45
8, 48
9, 40
10, 162
11, 51
12, 64
13, 40
14, 92
15, 165
16, 500
17, 57
18, 52
19, 39
20, 153
21, 53
22, 42
23, 114
24, 185
25, 68
26, 39
27, 85
28, 128
29, 49
30, 64
31, 57
32, 80
33, 39
34, 40
35, 232
36, 49
37, 100
38, 83
39, 38
40, 72
41, 60
42, 62
43, 54
44, 40
45, 72
46, 38
47, 52
48, 126
49, 157
50, 52
51, 165
52, 82
53, 209
54, 40
55, 78
56, 76
57, 252
58, 47
59, 43
60, 56
61, 72
62, 45
63, 89
64, 48
65, 43
66, 52
67, 41
68, 50
69, 48
70, 99
71, 288
72, 45
73, 77
74, 95
75, 86
76, 84
77, 84
78, 91
79, 54
80, 389
81, 51
82, 131
83, 40
84, 40
85, 228
86, 57
87, 164
88, 51
89, 182
90, 102
91, 367
92, 122
93, 39
94, 45
95, 160
96, 38
97, 91
98, 61
99, 98
100, 43
101, 53
102, 39
103, 59
104, 42
105, 42
106, 81
107, 46
108, 56
109, 55
110, 46
111, 68
112, 41
113, 71
114, 75
115, 39
116, 102
117, 39
118, 38
119, 46
120, 38
121, 95
122, 45
123, 72
124, 50
125, 42
126, 73
127, 38
128, 56
129, 59
130, 69
131, 48
132, 41
133, 39
134, 168
135, 103
136, 99
137, 174
138, 113
139, 63
140, 44
141, 92
142, 45
143, 42
144, 62
145, 82
146, 47
147, 66
148, 70
149, 63
150, 67
151, 43
152, 67
153, 76
154, 60
155, 55
156, 49
157, 161
158, 96
159, 101
160, 87
161, 47
162, 142
163, 131
164, 581
165, 95
166, 41
167, 41
168, 92
169, 61
170, 63
171, 60
172, 59
173, 39
174, 66
175, 67
176, 147
177, 68
178, 57
179, 132
180, 83
181, 83
182, 66
183, 76
184, 117
185, 125
186, 105
187, 148
188, 185
189, 231
190, 121
