1, 150
2, 50
3, 150
4, 45
5, 117
6, 80
7, 65
8, 123
9, 111
10, 98
11, 139
12, 105
13, 260
14, 45
15, 54
16, 39
17, 49
18, 149
19, 42
20, 118
21, 61
22, 43
23, 75
24, 55
25, 206
26, 63
27, 38
28, 59
29, 46
30, 39
31, 52
32, 47
33, 60
34, 149
35, 39
36, 54
37, 55
38, 131
39, 47
40, 164
41, 39
42, 53
43, 45
44, 116
45, 61
46, 52
47, 174
48, 92
49, 61
50, 181
51, 57
52, 56
53, 44
54, 39
55, 84
56, 39
57, 56
58, 88
59, 76
60, 59
61, 93
62, 53
63, 42
64, 77
65, 61
66, 50
67, 39
68, 86
69, 55
70, 56
71, 114
72, 60
73, 100
74, 46
75, 64
76, 94
77, 125
78, 56
79, 103
80, 92
81, 40
82, 66
83, 41
84, 59
85, 68
86, 81
87, 189
88, 81
89, 59
90, 78
91, 38
92, 94
93, 99
94, 71
95, 73
96, 80
97, 77
98, 112
99, 69
100, 110
101, 51
102, 56
103, 390
104, 39
105, 151
106, 57
107, 48
108, 57
109, 51
110, 41
111, 53
112, 71
113, 66
114, 47
115, 39
116, 90
117, 39
118, 90
119, 54
120, 129
121, 69
122, 79
123, 64
124, 42
125, 57
126, 58
127, 58
128, 49
129, 92
130, 95
131, 149
132, 56
133, 72
134, 92
135, 52
136, 234
137, 97
138, 59
139, 124
140, 163
141, 67
142, 57
143, 76
144, 135
145, 337
146, 115
147, 77
148, 61
149, 72
150, 136
151, 102
152, 42
153, 56
154, 39
155, 41
156, 52
157, 46
158, 77
159, 73
160, 41
161, 103
162, 39
163, 58
164, 156
165, 39
166, 77
167, 78
168, 180
169, 38
170, 79
171, 39
172, 131
173, 60
174, 58
175, 41
176, 82
177, 39
178, 58
179, 67
180, 38
181, 42
182, 69
183, 46
184, 76
185, 96
186, 41
187, 53
188, 144
189, 45
190, 63
