1, 161
2, 90
3, 47
4, 52
5, 71
6, 47
7, 47
8, 51
9, 48
10, 122
11, 57
12, 65
13, 47
14, 123
15, 146
16, 392
17, 56
18, 56
19, 47
20, 120
21, 55
22, 48
23, 97
24, 183
25, 67
26, 47
27, 90
28, 125
29, 46
30, 62
31, 62
32, 80
33, 47
34, 47
35, 192
36, 50
37, 95
38, 79
39, 47
40, 68
41, 64
42, 69
43, 52
44, 48
45, 54
46, 46
47, 56
48, 115
49, 147
50, 58
51, 151
52, 88
53, 164
54, 49
55, 75
56, 72
57, 198
58, 56
59, 50
60, 60
61, 80
62, 52
63, 86
64, 57
65, 52
66, 50
67, 49
68, 50
69, 55
70, 68
71, 224
72, 49
73, 69
74, 85
75, 89
76, 74
77, 69
78, 63
79, 59
80, 309
81, 49
82, 130
83, 48
84, 48
85, 169
86, 65
87, 131
88, 56
89, 148
90, 89
91, 290
92, 119
93, 47
94, 51
95, 137
96, 46
97, 92
98, 62
99, 76
100, 49
101, 52
102, 48
103, 57
104, 48
105, 48
106, 65
107, 51
108, 50
109, 62
110, 50
111, 75
112, 49
113, 73
114, 70
115, 48
116, 76
117, 47
118, 46
119, 51
120, 47
121, 77
122, 48
123, 65
124, 52
125, 50
126, 66
127, 47
128, 57
129, 67
130, 70
131, 54
132, 49
133, 47
134, 129
135, 95
136, 84
137, 134
138, 87
139, 63
140, 53
141, 87
142, 50
143, 48
144, 64
145, 61
146, 53
147, 67
148, 64
149, 66
150, 72
151, 51
152, 57
153, 75
154, 67
155, 56
156, 55
157, 116
158, 77
159, 81
160, 83
161, 46
162, 112
163, 127
164, 485
165, 96
166, 48
167, 48
168, 69
169, 52
170, 69
171, 58
172, 62
173, 47
174, 56
175, 59
176, 99
177, 67
178, 65
179, 100
180, 80
181, 74
182, 61
183, 78
184, 98
185, 101
186, 89
187, 117
188, 138
189, 192
190, 119
