1, 138
2, 51
3, 125
4, 45
5, 106
6, 75
7, 69
8, 107
9, 109
10, 86
11, 120
12, 105
13, 218
14, 45
15, 49
16, 43
17, 50
18, 142
19, 47
20, 101
21, 60
22, 47
23, 66
24, 55
25, 179
26, 64
27, 43
28, 57
29, 50
30, 43
31, 56
32, 48
33, 59
34, 142
35, 44
36, 56
37, 54
38, 124
39, 49
40, 149
41, 43
42, 55
43, 47
44, 99
45, 61
46, 52
47, 152
48, 81
49, 65
50, 164
51, 54
52, 54
53, 48
54, 43
55, 72
56, 43
57, 59
58, 82
59, 71
60, 63
61, 85
62, 55
63, 44
64, 71
65, 63
66, 49
67, 43
68, 86
69, 59
70, 50
71, 116
72, 60
73, 92
74, 49
75, 68
76, 79
77, 112
78, 57
79, 97
80, 79
81, 44
82, 65
83, 45
84, 61
85, 64
86, 80
87, 165
88, 77
89, 56
90, 65
91, 43
92, 80
93, 101
94, 68
95, 69
96, 80
97, 80
98, 92
99, 64
100, 107
101, 53
102, 53
103, 349
104, 43
105, 144
106, 53
107, 53
108, 53
109, 54
110, 44
111, 48
112, 67
113, 64
114, 50
115, 44
116, 88
117, 43
118, 90
119, 59
120, 110
121, 60
122, 75
123, 67
124, 44
125, 58
126, 55
127, 60
128, 49
129, 92
130, 83
131, 120
132, 58
133, 61
134, 88
135, 50
136, 221
137, 101
138, 61
139, 113
140, 147
141, 68
142, 53
143, 73
144, 118
145, 293
146, 101
147, 71
148, 62
149, 68
150, 117
151, 80
152, 45
153, 57
154, 43
155, 45
156, 51
157, 50
158, 75
159, 66
160, 45
161, 90
162, 43
163, 61
164, 143
165, 43
166, 68
167, 72
168, 174
169, 43
170, 70
171, 43
172, 98
173, 61
174, 60
175, 42
176, 82
177, 44
178, 56
179, 63
180, 43
181, 45
182, 68
183, 49
184, 76
185, 67
186, 44
187, 54
188, 119
189, 48
190, 65
