1, 152
2, 51
3, 156
4, 46
5, 120
6, 82
7, 65
8, 127
9, 111
10, 101
11, 144
12, 111
13, 270
14, 45
15, 55
16, 38
17, 49
18, 155
19, 42
20, 123
21, 63
22, 43
23, 77
24, 55
25, 213
26, 65
27, 37
28, 61
29, 46
30, 38
31, 52
32, 47
33, 60
34, 149
35, 38
36, 54
37, 55
38, 132
39, 46
40, 166
41, 38
42, 53
43, 45
44, 121
45, 62
46, 52
47, 180
48, 96
49, 61
50, 185
51, 59
52, 58
53, 43
54, 38
55, 87
56, 39
57, 55
58, 87
59, 78
60, 59
61, 95
62, 53
63, 44
64, 77
65, 61
66, 50
67, 38
68, 87
69, 54
70, 58
71, 113
72, 60
73, 100
74, 45
75, 64
76, 98
77, 130
78, 56
79, 104
80, 95
81, 39
82, 69
83, 41
84, 58
85, 69
86, 82
87, 195
88, 81
89, 59
90, 80
91, 37
92, 98
93, 98
94, 73
95, 75
96, 80
97, 78
98, 116
99, 72
100, 110
101, 51
102, 57
103, 401
104, 38
105, 154
106, 59
107, 47
108, 59
109, 51
110, 41
111, 52
112, 72
113, 67
114, 46
115, 39
116, 90
117, 38
118, 91
119, 54
120, 141
121, 72
122, 80
123, 65
124, 42
125, 57
126, 59
127, 57
128, 53
129, 93
130, 98
131, 148
132, 56
133, 74
134, 92
135, 54
136, 238
137, 99
138, 59
139, 125
140, 167
141, 68
142, 58
143, 79
144, 138
145, 348
146, 118
147, 79
148, 62
149, 74
150, 141
151, 107
152, 42
153, 56
154, 39
155, 40
156, 50
157, 45
158, 77
159, 75
160, 42
161, 106
162, 38
163, 57
164, 159
165, 38
166, 79
167, 79
168, 182
169, 37
170, 82
171, 38
172, 138
173, 61
174, 57
175, 41
176, 81
177, 38
178, 60
179, 68
180, 37
181, 41
182, 70
183, 45
184, 75
185, 100
186, 41
187, 53
188, 142
189, 44
190, 62
