1, 107
2, 87
3, 40
4, 46
5, 92
6, 40
7, 41
8, 48
9, 42
10, 150
11, 52
12, 64
13, 41
14, 168
15, 161
16, 469
17, 55
18, 52
19, 41
20, 144
21, 51
22, 43
23, 111
24, 191
25, 68
26, 41
27, 85
28, 126
29, 45
30, 62
31, 58
32, 78
33, 41
34, 40
35, 220
36, 50
37, 97
38, 80
39, 40
40, 70
41, 61
42, 64
43, 52
44, 42
45, 66
46, 40
47, 51
48, 117
49, 180
50, 54
51, 162
52, 83
53, 196
54, 43
55, 74
56, 74
57, 236
58, 49
59, 45
60, 56
61, 89
62, 47
63, 89
64, 50
65, 45
66, 51
67, 43
68, 48
69, 49
70, 92
71, 269
72, 45
73, 74
74, 92
75, 87
76, 85
77, 72
78, 83
79, 55
80, 366
81, 51
82, 130
83, 42
84, 42
85, 210
86, 59
87, 155
88, 51
89, 172
90, 98
91, 344
92, 122
93, 40
94, 47
95, 153
96, 40
97, 91
98, 61
99, 91
100, 44
101, 51
102, 41
103, 56
104, 43
105, 46
106, 74
107, 47
108, 53
109, 57
110, 46
111, 70
112, 43
113, 70
114, 72
115, 41
116, 95
117, 41
118, 40
119, 47
120, 41
121, 81
122, 43
123, 72
124, 50
125, 44
126, 70
127, 40
128, 56
129, 61
130, 70
131, 49
132, 43
133, 41
134, 156
135, 99
136, 93
137, 163
138, 106
139, 62
140, 47
141, 89
142, 45
143, 42
144, 63
145, 75
146, 48
147, 64
148, 69
149, 64
150, 68
151, 45
152, 65
153, 79
154, 61
155, 56
156, 51
157, 149
158, 89
159, 94
160, 86
161, 46
162, 133
163, 128
164, 553
165, 94
166, 43
167, 43
168, 79
169, 55
170, 64
171, 59
172, 59
173, 41
174, 63
175, 63
176, 135
177, 66
178, 59
179, 122
180, 82
181, 80
182, 63
183, 75
184, 104
185, 119
186, 100
187, 130
188, 172
189, 218
190, 118
