1, 109
2, 88
3, 43
4, 49
5, 82
6, 43
7, 43
8, 49
9, 44
10, 138
11, 54
12, 64
13, 43
14, 140
15, 156
16, 438
17, 57
18, 53
19, 43
20, 135
21, 52
22, 45
23, 109
24, 189
25, 67
26, 43
27, 87
28, 128
29, 43
30, 62
31, 59
32, 78
33, 43
34, 43
35, 209
36, 49
37, 94
38, 90
39, 43
40, 67
41, 62
42, 66
43, 50
44, 44
45, 59
46, 42
47, 52
48, 119
49, 167
50, 55
51, 158
52, 84
53, 183
54, 45
55, 75
56, 73
57, 221
58, 52
59, 47
60, 57
61, 83
62, 49
63, 89
64, 53
65, 47
66, 49
67, 45
68, 49
69, 51
70, 84
71, 251
72, 46
73, 71
74, 88
75, 87
76, 81
77, 75
78, 75
79, 56
80, 343
81, 49
82, 128
83, 44
84, 44
85, 193
86, 61
87, 145
88, 53
89, 162
90, 93
91, 321
92, 122
93, 43
94, 48
95, 146
96, 42
97, 92
98, 62
99, 84
100, 45
101, 50
102, 44
103, 57
104, 45
105, 44
106, 67
107, 48
108, 49
109, 58
110, 48
111, 71
112, 45
113, 69
114, 71
115, 44
116, 88
117, 43
118, 42
119, 48
120, 43
121, 78
122, 44
123, 70
124, 50
125, 46
126, 66
127, 43
128, 58
129, 63
130, 70
131, 51
132, 45
133, 44
134, 144
135, 97
136, 90
137, 152
138, 99
139, 62
140, 49
141, 85
142, 46
143, 44
144, 63
145, 67
146, 50
147, 66
148, 67
149, 64
150, 69
151, 47
152, 62
153, 78
154, 63
155, 56
156, 52
157, 137
158, 81
159, 87
160, 86
161, 45
162, 125
163, 127
164, 525
165, 93
166, 44
167, 44
168, 72
169, 50
170, 66
171, 59
172, 60
173, 43
174, 59
175, 60
176, 122
177, 64
178, 61
179, 111
180, 82
181, 79
182, 62
183, 76
184, 79
185, 112
186, 95
187, 122
188, 159
189, 206
190, 108
