001, 10.232074, 0.170534566667, 0.00284224277778
002, 9.774097, 0.162901616667, 0.00271502694444
003, 9.641113, 0.160685216667, 0.00267808694444
004, 8.37226, 0.139537666667, 0.00232562777778
005, 7.497708, 0.1249618, 0.00208269666667
006, 6.916144, 0.115269066667, 0.00192115111111
007, 10.935341, 0.182255683333, 0.00303759472222
008, 14.143424, 0.235723733333, 0.00392872888889
009, 7.771455, 0.12952425, 0.0021587375
010, 7.544788, 0.125746466667, 0.00209577444444
011, 11.31092, 0.188515333333, 0.00314192222222
012, 6.864255, 0.11440425, 0.0019067375
013, 15.913175, 0.265219583333, 0.00442032638889
014, 15.888008, 0.264800133333, 0.00441333555556
015, 8.058146, 0.134302433333, 0.00223837388889
016, 12.031875, 0.20053125, 0.0033421875
017, 12.383472, 0.2063912, 0.00343985333333
018, 16.95687, 0.2826145, 0.00471024166667
019, 7.48717, 0.124786166667, 0.00207976944444
020, 8.603591, 0.143393183333, 0.00238988638889
021, 6.89119, 0.114853166667, 0.00191421944444
022, 6.540004, 0.109000066667, 0.00181666777778
023, 6.593355, 0.10988925, 0.0018314875
024, 8.484631, 0.141410516667, 0.00235684194444
025, 7.049482, 0.117491366667, 0.00195818944444
026, 6.398945, 0.106649083333, 0.00177748472222
027, 7.604582, 0.126743033333, 0.00211238388889
028, 18.762526, 0.312708766667, 0.00521181277778
029, 8.071139, 0.134518983333, 0.00224198305556
030, 7.532353, 0.125539216667, 0.00209232027778
031, 16.472594, 0.274543233333, 0.00457572055556
032, 10.214444, 0.170240733333, 0.00283734555556
033, 9.683684, 0.161394733333, 0.00268991222222
034, 12.241816, 0.204030266667, 0.00340050444444
035, 11.407059, 0.19011765, 0.0031686275
036, 13.225662, 0.2204277, 0.003673795
037, 7.085857, 0.118097616667, 0.00196829361111
038, 98.586266, 1.64310443333, 0.0273850738889
039, 13.883022, 0.2313837, 0.003856395
040, 8.470979, 0.141182983333, 0.00235304972222
041, 10.427003, 0.173783383333, 0.00289638972222
042, 7.10749, 0.118458166667, 0.00197430277778
043, 7.022874, 0.1170479, 0.00195079833333
044, 6.486639, 0.10811065, 0.00180184416667
045, 6.678054, 0.1113009, 0.001855015
046, 13.199228, 0.219987133333, 0.00366645222222
047, 9.282028, 0.154700466667, 0.00257834111111
048, 40.166851, 0.669447516667, 0.0111574586111
049, 7.136675, 0.118944583333, 0.00198240972222
050, 7.310865, 0.12184775, 0.00203079583333
051, 7.533134, 0.125552233333, 0.00209253722222
052, 7.039614, 0.1173269, 0.00195544833333
053, 7.200499, 0.120008316667, 0.00200013861111
054, 11.220002, 0.187000033333, 0.00311666722222
055, 15.111486, 0.2518581, 0.004197635
056, 7.950334, 0.132505566667, 0.00220842611111
057, 6.481921, 0.108032016667, 0.00180053361111
058, 34.362751, 0.572712516667, 0.00954520861111
059, 12.448157, 0.207469283333, 0.00345782138889
060, 15.381623, 0.256360383333, 0.00427267305556
061, 6.585578, 0.109759633333, 0.00182932722222
062, 9.276277, 0.154604616667, 0.00257674361111
063, 7.103543, 0.118392383333, 0.00197320638889
064, 10.075633, 0.167927216667, 0.00279878694444
065, 15.386768, 0.256446133333, 0.00427410222222
066, 9.390158, 0.156502633333, 0.00260837722222
067, 8.316921, 0.13861535, 0.00231025583333
068, 13.037088, 0.2172848, 0.00362141333333
069, 8.15391, 0.1358985, 0.002264975
070, 8.082717, 0.13471195, 0.00224519916667
071, 6.366027, 0.10610045, 0.00176834083333
072, 8.915399, 0.148589983333, 0.00247649972222
073, 13.053899, 0.217564983333, 0.00362608305556
074, 11.263476, 0.1877246, 0.00312874333333
075, 26.824972, 0.447082866667, 0.00745138111111
076, 7.184477, 0.119741283333, 0.00199568805556
077, 9.368188, 0.156136466667, 0.00260227444444
078, 12.306671, 0.205111183333, 0.00341851972222
079, 22.499061, 0.37498435, 0.00624973916667
080, 9.432764, 0.157212733333, 0.00262021222222
081, 18.378114, 0.3063019, 0.00510503166667
082, 14.110025, 0.235167083333, 0.00391945138889
083, 12.624113, 0.210401883333, 0.00350669805556
084, 6.884463, 0.11474105, 0.00191235083333
085, 8.148599, 0.135809983333, 0.00226349972222
086, 8.53295, 0.142215833333, 0.00237026388889
087, 8.406467, 0.140107783333, 0.00233512972222
088, 28.394813, 0.473246883333, 0.00788744805556
089, 9.661646, 0.161027433333, 0.00268379055556
090, 9.516773, 0.158612883333, 0.00264354805556
091, 15.254807, 0.254246783333, 0.00423744638889
092, 12.695876, 0.211597933333, 0.00352663222222
093, 7.85109, 0.1308515, 0.00218085833333
094, 7.154258, 0.119237633333, 0.00198729388889
095, 9.306959, 0.155115983333, 0.00258526638889
096, 15.322007, 0.255366783333, 0.00425611305556
097, 7.7701, 0.129501666667, 0.00215836111111
098, 13.285692, 0.2214282, 0.00369047
099, 18.511663, 0.308527716667, 0.00514212861111
100, 13.415933, 0.223598883333, 0.00372664805556
101, 31.223585, 0.520393083333, 0.00867321805556
102, 8.233471, 0.137224516667, 0.00228707527778
103, 9.226813, 0.153780216667, 0.00256300361111
104, 9.174461, 0.152907683333, 0.00254846138889
105, 6.59431, 0.109905166667, 0.00183175277778
106, 6.661881, 0.11103135, 0.0018505225
107, 6.390802, 0.106513366667, 0.00177522277778
108, 6.481914, 0.1080319, 0.00180053166667
109, 7.364071, 0.122734516667, 0.00204557527778
110, 7.946113, 0.132435216667, 0.00220725361111
111, 7.697226, 0.1282871, 0.00213811833333
112, 7.105511, 0.118425183333, 0.00197375305556
113, 15.55374, 0.259229, 0.00432048333333
114, 7.00648, 0.116774666667, 0.00194624444444
115, 8.551393, 0.142523216667, 0.00237538694444
116, 13.478812, 0.224646866667, 0.00374411444444
117, 14.79804, 0.246634, 0.00411056666667
118, 8.557631, 0.142627183333, 0.00237711972222
119, 8.931889, 0.148864816667, 0.00248108027778
120, 9.008804, 0.150146733333, 0.00250244555556
121, 6.443855, 0.107397583333, 0.00178995972222
122, 10.447399, 0.174123316667, 0.00290205527778
123, 58.883748, 0.9813958, 0.0163565966667
124, 11.29597, 0.188266166667, 0.00313776944444
125, 20.24349, 0.3373915, 0.00562319166667
126, 13.179656, 0.219660933333, 0.00366101555556
127, 6.567804, 0.1094634, 0.00182439
128, 6.726778, 0.112112966667, 0.00186854944444
129, 9.871385, 0.164523083333, 0.00274205138889
130, 6.470613, 0.10784355, 0.0017973925
131, 6.583015, 0.109716916667, 0.00182861527778
132, 6.546488, 0.109108133333, 0.00181846888889
133, 7.249104, 0.1208184, 0.00201364
134, 13.491454, 0.224857566667, 0.00374762611111
135, 9.311353, 0.155189216667, 0.00258648694444
136, 7.7012, 0.128353333333, 0.00213922222222
137, 7.150182, 0.1191697, 0.00198616166667
138, 11.740591, 0.195676516667, 0.00326127527778
139, 7.296832, 0.121613866667, 0.00202689777778
140, 16.047099, 0.26745165, 0.0044575275
141, 7.647537, 0.12745895, 0.00212431583333
142, 8.488455, 0.14147425, 0.00235790416667
143, 14.525538, 0.2420923, 0.00403487166667
144, 8.121743, 0.135362383333, 0.00225603972222
145, 6.82088, 0.113681333333, 0.00189468888889
146, 9.35407, 0.155901166667, 0.00259835277778
147, 11.241982, 0.187366366667, 0.00312277277778
148, 11.388023, 0.189800383333, 0.00316333972222
149, 7.666466, 0.127774433333, 0.00212957388889
150, 10.614782, 0.176913033333, 0.00294855055556
151, 7.218081, 0.12030135, 0.0020050225
152, 10.692223, 0.178203716667, 0.00297006194444
153, 6.325973, 0.105432883333, 0.00175721472222
154, 8.041897, 0.134031616667, 0.00223386027778
155, 8.858772, 0.1476462, 0.00246077
156, 27.670026, 0.4611671, 0.00768611833333
157, 8.454746, 0.140912433333, 0.00234854055556
158, 12.683263, 0.211387716667, 0.00352312861111
159, 9.059905, 0.150998416667, 0.00251664027778
160, 7.467069, 0.12445115, 0.00207418583333
161, 19.817272, 0.330287866667, 0.00550479777778
162, 8.073545, 0.134559083333, 0.00224265138889
163, 17.029348, 0.283822466667, 0.00473037444444
164, 14.866576, 0.247776266667, 0.00412960444444
165, 9.799442, 0.163324033333, 0.00272206722222
166, 7.828651, 0.130477516667, 0.00217462527778
167, 6.714306, 0.1119051, 0.001865085
168, 6.584345, 0.109739083333, 0.00182898472222
169, 7.337356, 0.122289266667, 0.00203815444444
170, 8.355881, 0.139264683333, 0.00232107805556
171, 6.514929, 0.10858215, 0.0018097025
172, 8.776095, 0.14626825, 0.00243780416667
173, 22.163356, 0.369389266667, 0.00615648777778
174, 10.1487, 0.169145, 0.00281908333333
175, 9.386145, 0.15643575, 0.0026072625
176, 10.189479, 0.16982465, 0.00283041083333
177, 7.43437, 0.123906166667, 0.00206510277778
178, 14.78076, 0.246346, 0.00410576666667
179, 7.661117, 0.127685283333, 0.00212808805556
180, 13.454537, 0.224242283333, 0.00373737138889
181, 9.346986, 0.1557831, 0.002596385
182, 8.952005, 0.149200083333, 0.00248666805556
183, 6.731729, 0.112195483333, 0.00186992472222
184, 7.082985, 0.11804975, 0.00196749583333
185, 9.161029, 0.152683816667, 0.00254473027778
186, 7.541228, 0.125687133333, 0.00209478555556
187, 9.039277, 0.150654616667, 0.00251091027778
188, 35.303316, 0.5883886, 0.00980647666667
189, 10.945293, 0.18242155, 0.00304035916667
190, 9.802978, 0.163382966667, 0.00272304944444
191, 11.59419, 0.1932365, 0.00322060833333
192, 14.332844, 0.238880733333, 0.00398134555556
193, 6.741625, 0.112360416667, 0.00187267361111
194, 6.837791, 0.113963183333, 0.00189938638889
195, 7.036403, 0.117273383333, 0.00195455638889
196, 12.644647, 0.210744116667, 0.00351240194444
197, 13.468456, 0.224474266667, 0.00374123777778
198, 7.209268, 0.120154466667, 0.00200257444444
199, 7.853301, 0.13088835, 0.0021814725
200, 6.780943, 0.113015716667, 0.00188359527778
