001, 9.641997, 0.16069995, 0.0026783325
002, 10.089667, 0.168161116667, 0.00280268527778
003, 9.783606, 0.1630601, 0.00271766833333
004, 8.338517, 0.138975283333, 0.00231625472222
005, 7.196455, 0.119940916667, 0.00199901527778
006, 6.973545, 0.11622575, 0.00193709583333
007, 11.11357, 0.185226166667, 0.00308710277778
008, 14.348652, 0.2391442, 0.00398573666667
009, 8.049586, 0.134159766667, 0.00223599611111
010, 7.897471, 0.131624516667, 0.00219374194444
011, 11.228865, 0.18714775, 0.00311912916667
012, 7.250148, 0.1208358, 0.00201393
013, 15.071775, 0.25119625, 0.00418660416667
014, 15.913936, 0.265232266667, 0.00442053777778
015, 8.162649, 0.13604415, 0.0022674025
016, 11.623582, 0.193726366667, 0.00322877277778
017, 11.13941, 0.185656833333, 0.00309428055556
018, 16.129396, 0.268823266667, 0.00448038777778
019, 7.278599, 0.121309983333, 0.00202183305556
020, 8.346997, 0.139116616667, 0.00231861027778
021, 7.169506, 0.119491766667, 0.00199152944444
022, 6.83166, 0.113861, 0.00189768333333
023, 6.826657, 0.113777616667, 0.00189629361111
024, 8.658219, 0.14430365, 0.00240506083333
025, 7.109973, 0.11849955, 0.0019749925
026, 6.730637, 0.112177283333, 0.00186962138889
027, 7.29844, 0.121640666667, 0.00202734444444
028, 17.600055, 0.29333425, 0.00488890416667
029, 8.158076, 0.135967933333, 0.00226613222222
030, 7.624257, 0.12707095, 0.00211784916667
031, 15.468715, 0.257811916667, 0.00429686527778
032, 9.236358, 0.1539393, 0.002565655
033, 9.506611, 0.158443516667, 0.00264072527778
034, 12.034795, 0.200579916667, 0.00334299861111
035, 11.282066, 0.188034433333, 0.00313390722222
036, 10.115277, 0.16858795, 0.00280979916667
037, 7.304514, 0.1217419, 0.00202903166667
038, 93.506933, 1.55844888333, 0.0259741480556
039, 13.671886, 0.227864766667, 0.00379774611111
040, 8.702559, 0.14504265, 0.0024173775
041, 9.95191, 0.165865166667, 0.00276441944444
042, 7.146305, 0.119105083333, 0.00198508472222
043, 7.246032, 0.1207672, 0.00201278666667
044, 6.753524, 0.112558733333, 0.00187597888889
045, 6.913417, 0.115223616667, 0.00192039361111
046, 12.673991, 0.211233183333, 0.00352055305556
047, 9.757718, 0.162628633333, 0.00271047722222
048, 36.951872, 0.615864533333, 0.0102644088889
049, 7.298059, 0.121634316667, 0.00202723861111
050, 7.61505, 0.1269175, 0.00211529166667
051, 7.629251, 0.127154183333, 0.00211923638889
052, 7.095093, 0.11825155, 0.00197085916667
053, 7.619158, 0.126985966667, 0.00211643277778
054, 10.862837, 0.181047283333, 0.00301745472222
055, 14.921245, 0.248687416667, 0.00414479027778
056, 8.200953, 0.13668255, 0.0022780425
057, 6.78494, 0.113082333333, 0.00188470555556
058, 31.580329, 0.526338816667, 0.00877231361111
059, 11.646343, 0.194105716667, 0.00323509527778
060, 15.455134, 0.257585566667, 0.00429309277778
061, 6.880074, 0.1146679, 0.00191113166667
062, 9.137348, 0.152289133333, 0.00253815222222
063, 7.508936, 0.125148933333, 0.00208581555556
064, 10.33745, 0.172290833333, 0.00287151388889
065, 15.212756, 0.253545933333, 0.00422576555556
066, 9.535825, 0.158930416667, 0.00264884027778
067, 8.531219, 0.142186983333, 0.00236978305556
068, 12.991993, 0.216533216667, 0.00360888694444
069, 8.468167, 0.141136116667, 0.00235226861111
070, 8.122693, 0.135378216667, 0.00225630361111
071, 6.650746, 0.110845766667, 0.00184742944444
072, 8.831655, 0.14719425, 0.0024532375
073, 10.76449, 0.179408166667, 0.00299013611111
074, 10.718424, 0.1786404, 0.00297734
075, 28.323376, 0.472056266667, 0.00786760444444
076, 7.288479, 0.12147465, 0.0020245775
077, 9.154296, 0.1525716, 0.00254286
078, 12.462807, 0.20771345, 0.00346189083333
079, 21.24655, 0.354109166667, 0.00590181944444
080, 9.423697, 0.157061616667, 0.00261769361111
081, 16.955972, 0.282599533333, 0.00470999222222
082, 13.773312, 0.2295552, 0.00382592
083, 12.053336, 0.200888933333, 0.00334814888889
084, 6.952579, 0.115876316667, 0.00193127194444
085, 8.13876, 0.135646, 0.00226076666667
086, 8.721713, 0.145361883333, 0.00242269805556
087, 8.830013, 0.147166883333, 0.00245278138889
088, 27.385382, 0.456423033333, 0.00760705055556
089, 9.521706, 0.1586951, 0.00264491833333
090, 9.521517, 0.15869195, 0.00264486583333
091, 13.965797, 0.232763283333, 0.00387938805556
092, 12.933322, 0.215555366667, 0.00359258944444
093, 7.698378, 0.1283063, 0.00213843833333
094, 7.378975, 0.122982916667, 0.00204971527778
095, 9.237137, 0.153952283333, 0.00256587138889
096, 15.016631, 0.250277183333, 0.00417128638889
097, 7.889069, 0.131484483333, 0.00219140805556
098, 13.086283, 0.218104716667, 0.00363507861111
099, 10.3132, 0.171886666667, 0.00286477777778
100, 14.100998, 0.235016633333, 0.00391694388889
101, 29.61417, 0.4935695, 0.00822615833333
102, 8.519283, 0.14198805, 0.0023664675
103, 9.585606, 0.1597601, 0.00266266833333
104, 9.289068, 0.1548178, 0.00258029666667
105, 6.964334, 0.116072233333, 0.00193453722222
106, 6.956295, 0.11593825, 0.00193230416667
107, 6.619849, 0.110330816667, 0.00183884694444
108, 6.768105, 0.11280175, 0.00188002916667
109, 7.644568, 0.127409466667, 0.00212349111111
110, 8.131368, 0.1355228, 0.00225871333333
111, 7.876242, 0.1312707, 0.002187845
112, 7.368304, 0.122805066667, 0.00204675111111
113, 15.879574, 0.264659566667, 0.00441099277778
114, 7.145505, 0.11909175, 0.0019848625
115, 8.912147, 0.148535783333, 0.00247559638889
116, 13.671776, 0.227862933333, 0.00379771555556
117, 14.418678, 0.2403113, 0.00400518833333
118, 8.739588, 0.1456598, 0.00242766333333
119, 9.120239, 0.152003983333, 0.00253339972222
120, 8.839209, 0.14732015, 0.00245533583333
121, 6.776792, 0.112946533333, 0.00188244222222
122, 10.547128, 0.175785466667, 0.00292975777778
123, 56.543935, 0.942398916667, 0.0157066486111
124, 11.323527, 0.18872545, 0.00314542416667
125, 19.510708, 0.325178466667, 0.00541964111111
126, 13.588004, 0.226466733333, 0.00377444555556
127, 6.841394, 0.114023233333, 0.00190038722222
128, 6.925515, 0.11542525, 0.00192375416667
129, 9.862127, 0.164368783333, 0.00273947972222
130, 6.844004, 0.114066733333, 0.00190111222222
131, 6.946841, 0.115780683333, 0.00192967805556
132, 6.831242, 0.113854033333, 0.00189756722222
133, 7.315627, 0.121927116667, 0.00203211861111
134, 10.579948, 0.176332466667, 0.00293887444444
135, 9.341641, 0.155694016667, 0.00259490027778
136, 7.867601, 0.131126683333, 0.00218544472222
137, 7.356258, 0.1226043, 0.002043405
138, 11.076177, 0.18460295, 0.00307671583333
139, 7.547194, 0.125786566667, 0.00209644277778
140, 16.231922, 0.270532033333, 0.00450886722222
141, 7.994343, 0.13323905, 0.00222065083333
142, 8.674576, 0.144576266667, 0.00240960444444
143, 14.387635, 0.239793916667, 0.00399656527778
144, 8.111724, 0.1351954, 0.00225325666667
145, 6.848877, 0.11414795, 0.00190246583333
146, 9.664572, 0.1610762, 0.00268460333333
147, 10.953645, 0.18256075, 0.00304267916667
148, 10.939984, 0.182333066667, 0.00303888444444
149, 7.8368, 0.130613333333, 0.00217688888889
150, 10.185954, 0.1697659, 0.00282943166667
151, 7.571822, 0.126197033333, 0.00210328388889
152, 10.614018, 0.1769003, 0.00294833833333
153, 6.668743, 0.111145716667, 0.00185242861111
154, 8.529767, 0.142162783333, 0.00236937972222
155, 9.010128, 0.1501688, 0.00250281333333
156, 25.641567, 0.42735945, 0.0071226575
157, 8.65774, 0.144295666667, 0.00240492777778
158, 11.819044, 0.196984066667, 0.00328306777778
159, 8.952385, 0.149206416667, 0.00248677361111
160, 7.576888, 0.126281466667, 0.00210469111111
161, 19.184272, 0.319737866667, 0.00532896444444
162, 8.165378, 0.136089633333, 0.00226816055556
163, 17.683293, 0.29472155, 0.00491202583333
164, 14.128105, 0.235468416667, 0.00392447361111
165, 9.975738, 0.1662623, 0.00277103833333
166, 8.167928, 0.136132133333, 0.00226886888889
167, 6.972855, 0.11621425, 0.00193690416667
168, 6.670272, 0.1111712, 0.00185285333333
169, 7.404385, 0.123406416667, 0.00205677361111
170, 9.107536, 0.151792266667, 0.00252987111111
171, 6.873271, 0.114554516667, 0.00190924194444
172, 8.867318, 0.147788633333, 0.00246314388889
173, 21.273848, 0.354564133333, 0.00590940222222
174, 10.069497, 0.16782495, 0.0027970825
175, 9.324992, 0.155416533333, 0.00259027555556
176, 10.154133, 0.16923555, 0.0028205925
177, 7.59071, 0.126511833333, 0.00210853055556
178, 14.58027, 0.2430045, 0.004050075
179, 7.60257, 0.1267095, 0.002111825
180, 12.649661, 0.210827683333, 0.00351379472222
181, 8.695351, 0.144922516667, 0.00241537527778
182, 9.059775, 0.15099625, 0.00251660416667
183, 6.996787, 0.116613116667, 0.00194355194444
184, 7.420701, 0.12367835, 0.00206130583333
185, 9.145374, 0.1524229, 0.00254038166667
186, 7.631502, 0.1271917, 0.00211986166667
187, 9.250629, 0.15417715, 0.00256961916667
188, 33.787221, 0.56312035, 0.00938533916667
189, 11.362461, 0.18937435, 0.00315623916667
190, 8.918409, 0.14864015, 0.00247733583333
191, 11.830228, 0.197170466667, 0.00328617444444
192, 12.55938, 0.209323, 0.00348871666667
193, 7.02413, 0.117068833333, 0.00195114722222
194, 7.160008, 0.119333466667, 0.00198889111111
195, 7.419653, 0.123660883333, 0.00206101472222
196, 12.888227, 0.214803783333, 0.00358006305556
197, 13.484722, 0.224745366667, 0.00374575611111
198, 7.471081, 0.124518016667, 0.00207530027778
199, 8.43785, 0.140630833333, 0.00234384722222
200, 6.978438, 0.1163073, 0.001938455
