003, 5.916057, 0.09860095, 0.00164334916667
004, 8.023328, 0.133722133333, 0.00222870222222
005, 6.275532, 0.1045922, 0.00174320333333
006, 12.791463, 0.21319105, 0.00355318416667
007, 5.262883, 0.0877147166667, 0.00146191194444
008, 5.263559, 0.0877259833333, 0.00146209972222
009, 10.355544, 0.1725924, 0.00287654
010, 5.298184, 0.0883030666667, 0.00147171777778
011, 10.718006, 0.178633433333, 0.00297722388889
012, 7.680819, 0.12801365, 0.00213356083333
013, 8.331086, 0.138851433333, 0.00231419055556
014, 7.352407, 0.122540116667, 0.00204233527778
015, 5.492514, 0.0915419, 0.00152569833333
016, 6.48979, 0.108163166667, 0.00180271944444
017, 10.296707, 0.171611783333, 0.00286019638889
018, 5.382639, 0.08971065, 0.0014951775
019, 18.708756, 0.3118126, 0.00519687666667
020, 9.081771, 0.15136285, 0.00252271416667
021, 10.585567, 0.176426116667, 0.00294043527778
022, 5.567603, 0.0927933833333, 0.00154655638889
023, 6.089286, 0.1014881, 0.00169146833333
024, 6.85311, 0.1142185, 0.00190364166667
025, 9.123426, 0.1520571, 0.002534285
026, 6.001769, 0.100029483333, 0.00166715805556
027, 5.468382, 0.0911397, 0.001518995
028, 6.550536, 0.1091756, 0.00181959333333
029, 7.897924, 0.131632066667, 0.00219386777778
030, 6.482542, 0.108042366667, 0.00180070611111
031, 5.271605, 0.0878600833333, 0.00146433472222
032, 5.338315, 0.0889719166667, 0.00148286527778
033, 5.670069, 0.09450115, 0.00157501916667
034, 6.992146, 0.116535766667, 0.00194226277778
035, 5.299908, 0.0883318, 0.00147219666667
036, 5.158494, 0.0859749, 0.001432915
037, 5.524545, 0.09207575, 0.00153459583333
038, 5.491424, 0.0915237333333, 0.00152539555556
039, 5.662459, 0.0943743166667, 0.00157290527778
040, 5.230987, 0.0871831166667, 0.00145305194444
041, 5.31678, 0.088613, 0.00147688333333
042, 11.415422, 0.190257033333, 0.00317095055556
043, 5.749501, 0.0958250166667, 0.00159708361111
044, 9.422741, 0.157045683333, 0.00261742805556
045, 5.522813, 0.0920468833333, 0.00153411472222
046, 5.403683, 0.0900613833333, 0.00150102305556
047, 6.220509, 0.10367515, 0.00172791916667
048, 5.637579, 0.09395965, 0.00156599416667
049, 5.696426, 0.0949404333333, 0.00158234055556
050, 5.315013, 0.08858355, 0.0014763925
051, 15.612742, 0.260212366667, 0.00433687277778
052, 10.617787, 0.176963116667, 0.00294938527778
053, 5.624878, 0.0937479666667, 0.00156246611111
054, 5.222868, 0.0870478, 0.00145079666667
055, 5.336262, 0.0889377, 0.001482295
056, 14.27623, 0.237937166667, 0.00396561944444
057, 6.278245, 0.104637416667, 0.00174395694444
058, 6.067485, 0.10112475, 0.0016854125
059, 5.399699, 0.0899949833333, 0.00149991638889
060, 5.356083, 0.08926805, 0.00148780083333
061, 8.073387, 0.13455645, 0.0022426075
062, 11.678455, 0.194640916667, 0.00324401527778
063, 6.73474, 0.112245666667, 0.00187076111111
064, 5.281128, 0.0880188, 0.00146698
065, 11.464834, 0.191080566667, 0.00318467611111
066, 5.809075, 0.0968179166667, 0.00161363194444
067, 5.333067, 0.08888445, 0.0014814075
068, 5.423457, 0.09039095, 0.00150651583333
069, 6.1708, 0.102846666667, 0.00171411111111
070, 5.327049, 0.08878415, 0.00147973583333
071, 6.690386, 0.111506433333, 0.00185844055556
072, 6.584031, 0.10973385, 0.0018288975
073, 5.459407, 0.0909901166667, 0.00151650194444
074, 10.957738, 0.182628966667, 0.00304381611111
075, 9.682907, 0.161381783333, 0.00268969638889
076, 9.139731, 0.15232885, 0.00253881416667
077, 5.750183, 0.0958363833333, 0.00159727305556
078, 28.405087, 0.473418116667, 0.00789030194444
079, 7.212654, 0.1202109, 0.002003515
080, 7.054568, 0.117576133333, 0.00195960222222
081, 5.291626, 0.0881937666667, 0.00146989611111
082, 5.814991, 0.0969165166667, 0.00161527527778
083, 8.748806, 0.145813433333, 0.00243022388889
084, 5.294122, 0.0882353666667, 0.00147058944444
085, 6.723044, 0.112050733333, 0.00186751222222
086, 5.430489, 0.09050815, 0.00150846916667
087, 5.247347, 0.0874557833333, 0.00145759638889
088, 6.199552, 0.103325866667, 0.00172209777778
089, 7.451653, 0.124194216667, 0.00206990361111
090, 6.830229, 0.11383715, 0.00189728583333
091, 5.953142, 0.0992190333333, 0.00165365055556
092, 8.687104, 0.144785066667, 0.00241308444444
093, 9.505793, 0.158429883333, 0.00264049805556
094, 7.53968, 0.125661333333, 0.00209435555556
095, 5.847812, 0.0974635333333, 0.00162439222222
096, 5.53422, 0.092237, 0.00153728333333
097, 5.482197, 0.09136995, 0.0015228325
098, 6.012082, 0.100201366667, 0.00167002277778
099, 6.118317, 0.10197195, 0.0016995325
100, 5.669623, 0.0944937166667, 0.00157489527778
101, 5.52921, 0.0921535, 0.00153589166667
102, 5.644578, 0.0940763, 0.00156793833333
103, 5.6227, 0.0937116666667, 0.00156186111111
104, 5.451885, 0.09086475, 0.0015144125
105, 8.685217, 0.144753616667, 0.00241256027778
106, 5.247983, 0.0874663833333, 0.00145777305556
107, 5.977021, 0.0996170166667, 0.00166028361111
108, 5.300523, 0.08834205, 0.0014723675
109, 7.739225, 0.128987083333, 0.00214978472222
110, 13.418889, 0.22364815, 0.00372746916667
111, 5.330939, 0.0888489833333, 0.00148081638889
112, 5.427976, 0.0904662666667, 0.00150777111111
113, 5.346049, 0.0891008166667, 0.00148501361111
114, 6.889913, 0.114831883333, 0.00191386472222
115, 5.471126, 0.0911854333333, 0.00151975722222
116, 5.535577, 0.0922596166667, 0.00153766027778
117, 7.729366, 0.128822766667, 0.00214704611111
118, 5.527156, 0.0921192666667, 0.00153532111111
119, 10.461513, 0.17435855, 0.00290597583333
120, 5.679331, 0.0946555166667, 0.00157759194444
121, 7.050998, 0.117516633333, 0.00195861055556
122, 8.624663, 0.143744383333, 0.00239573972222
123, 5.489546, 0.0914924333333, 0.00152487388889
124, 5.675694, 0.0945949, 0.00157658166667
125, 5.653563, 0.09422605, 0.00157043416667
126, 5.26172, 0.0876953333333, 0.00146158888889
127, 5.937639, 0.09896065, 0.00164934416667
128, 11.417104, 0.190285066667, 0.00317141777778
129, 7.374524, 0.122908733333, 0.00204847888889
130, 10.621543, 0.177025716667, 0.00295042861111
131, 5.701915, 0.0950319166667, 0.00158386527778
132, 9.657312, 0.1609552, 0.00268258666667
133, 5.793699, 0.09656165, 0.00160936083333
134, 5.71999, 0.0953331666667, 0.00158888611111
135, 6.617231, 0.110287183333, 0.00183811972222
136, 6.020843, 0.100347383333, 0.00167245638889
137, 5.623871, 0.0937311833333, 0.00156218638889
138, 5.15468, 0.0859113333333, 0.00143185555556
139, 6.558095, 0.109301583333, 0.00182169305556
140, 6.164951, 0.102749183333, 0.00171248638889
141, 5.310169, 0.0885028166667, 0.00147504694444
142, 5.293158, 0.0882193, 0.00147032166667
143, 6.640579, 0.110676316667, 0.00184460527778
144, 5.473401, 0.09122335, 0.00152038916667
145, 5.909308, 0.0984884666667, 0.00164147444444
146, 6.079032, 0.1013172, 0.00168862
147, 7.452409, 0.124206816667, 0.00207011361111
148, 7.211922, 0.1201987, 0.00200331166667
149, 6.069366, 0.1011561, 0.001685935
150, 5.816295, 0.09693825, 0.0016156375
151, 8.382019, 0.139700316667, 0.00232833861111
152, 12.024241, 0.200404016667, 0.00334006694444
153, 6.075819, 0.10126365, 0.0016877275
154, 10.386672, 0.1731112, 0.00288518666667
155, 5.363406, 0.0893901, 0.001489835
156, 5.758052, 0.0959675333333, 0.00159945888889
157, 5.948609, 0.0991434833333, 0.00165239138889
158, 5.687124, 0.0947854, 0.00157975666667
159, 8.122411, 0.135373516667, 0.00225622527778
160, 6.271866, 0.1045311, 0.001742185
161, 6.878275, 0.114637916667, 0.00191063194444
162, 6.731226, 0.1121871, 0.001869785
163, 5.316797, 0.0886132833333, 0.00147688805556
164, 5.383604, 0.0897267333333, 0.00149544555556
165, 6.506551, 0.108442516667, 0.00180737527778
166, 6.193834, 0.103230566667, 0.00172050944444
167, 5.649236, 0.0941539333333, 0.00156923222222
168, 5.427545, 0.0904590833333, 0.00150765138889
169, 5.645596, 0.0940932666667, 0.00156822111111
170, 7.917259, 0.131954316667, 0.00219923861111
171, 5.859786, 0.0976631, 0.00162771833333
172, 9.063056, 0.151050933333, 0.00251751555556
173, 5.338406, 0.0889734333333, 0.00148289055556
174, 5.231279, 0.0871879833333, 0.00145313305556
175, 5.611512, 0.0935252, 0.00155875333333
176, 5.356583, 0.0892763833333, 0.00148793972222
177, 5.416794, 0.0902799, 0.001504665
178, 5.417322, 0.0902887, 0.00150481166667
179, 6.751872, 0.1125312, 0.00187552
180, 5.285916, 0.0880986, 0.00146831
181, 5.372371, 0.0895395166667, 0.00149232527778
182, 7.346011, 0.122433516667, 0.00204055861111
183, 8.190205, 0.136503416667, 0.00227505694444
184, 5.342283, 0.08903805, 0.0014839675
185, 5.934251, 0.0989041833333, 0.00164840305556
186, 5.416964, 0.0902827333333, 0.00150471222222
187, 5.786827, 0.0964471166667, 0.00160745194444
188, 9.423321, 0.15705535, 0.00261758916667
189, 5.437132, 0.0906188666667, 0.00151031444444
190, 5.432914, 0.0905485666667, 0.00150914277778
191, 9.4468, 0.157446666667, 0.00262411111111
192, 7.233247, 0.120554116667, 0.00200923527778
193, 5.821157, 0.0970192833333, 0.00161698805556
194, 5.604022, 0.0934003666667, 0.00155667277778
195, 13.721643, 0.22869405, 0.0038115675
196, 5.417458, 0.0902909666667, 0.00150484944444
197, 6.055354, 0.100922566667, 0.00168204277778
198, 5.817666, 0.0969611, 0.00161601833333
199, 7.441907, 0.124031783333, 0.00206719638889
200, 7.186474, 0.119774566667, 0.00199624277778
201, 6.715374, 0.1119229, 0.00186538166667
202, 6.108517, 0.101808616667, 0.00169681027778
203, 6.157931, 0.102632183333, 0.00171053638889
204, 5.46781, 0.0911301666667, 0.00151883611111
205, 6.66381, 0.1110635, 0.00185105833333
206, 5.712555, 0.09520925, 0.00158682083333
207, 6.561599, 0.109359983333, 0.00182266638889
208, 5.571014, 0.0928502333333, 0.00154750388889
209, 5.468133, 0.09113555, 0.00151892583333
210, 8.574874, 0.142914566667, 0.00238190944444
211, 6.212623, 0.103543716667, 0.00172572861111
212, 5.250538, 0.0875089666667, 0.00145848277778
213, 5.908831, 0.0984805166667, 0.00164134194444
214, 5.369629, 0.0894938166667, 0.00149156361111
215, 6.130126, 0.102168766667, 0.00170281277778
216, 5.796218, 0.0966036333333, 0.00161006055556
217, 6.171952, 0.102865866667, 0.00171443111111
218, 13.429499, 0.223824983333, 0.00373041638889
219, 8.875433, 0.147923883333, 0.00246539805556
220, 5.345251, 0.0890875166667, 0.00148479194444
221, 5.34026, 0.0890043333333, 0.00148340555556
222, 6.578816, 0.109646933333, 0.00182744888889
223, 6.155907, 0.10259845, 0.00170997416667
224, 7.025931, 0.11709885, 0.0019516475
225, 15.714631, 0.261910516667, 0.00436517527778
226, 5.466613, 0.0911102166667, 0.00151850361111
227, 6.077901, 0.10129835, 0.00168830583333
228, 7.394276, 0.123237933333, 0.00205396555556
229, 6.575154, 0.1095859, 0.00182643166667
230, 5.15367, 0.0858945, 0.001431575
231, 5.194468, 0.0865744666667, 0.00144290777778
232, 5.423606, 0.0903934333333, 0.00150655722222
233, 6.66966, 0.111161, 0.00185268333333
234, 5.656425, 0.09427375, 0.00157122916667
235, 5.248596, 0.0874766, 0.00145794333333
236, 5.562921, 0.09271535, 0.00154525583333
237, 9.465532, 0.157758866667, 0.00262931444444
238, 5.746362, 0.0957727, 0.00159621166667
239, 5.613164, 0.0935527333333, 0.00155921222222
240, 15.637476, 0.2606246, 0.00434374333333
241, 5.416235, 0.0902705833333, 0.00150450972222
242, 5.923726, 0.0987287666667, 0.00164547944444
243, 6.30131, 0.105021833333, 0.00175036388889
244, 11.416657, 0.190277616667, 0.00317129361111
245, 11.019811, 0.183663516667, 0.00306105861111
246, 5.86091, 0.0976818333333, 0.00162803055556
247, 5.761472, 0.0960245333333, 0.00160040888889
248, 5.512131, 0.09186885, 0.0015311475
249, 7.025967, 0.11709945, 0.0019516575
250, 8.152704, 0.1358784, 0.00226464
251, 5.471205, 0.09118675, 0.00151977916667
252, 8.206839, 0.13678065, 0.0022796775
253, 5.526433, 0.0921072166667, 0.00153512027778
254, 6.044596, 0.100743266667, 0.00167905444444
255, 9.904253, 0.165070883333, 0.00275118138889
256, 5.277665, 0.0879610833333, 0.00146601805556
257, 7.584289, 0.126404816667, 0.00210674694444
258, 6.977858, 0.116297633333, 0.00193829388889
259, 5.291703, 0.08819505, 0.0014699175
260, 6.237706, 0.103961766667, 0.00173269611111
261, 9.79465, 0.163244166667, 0.00272073611111
262, 5.578037, 0.0929672833333, 0.00154945472222
263, 5.337405, 0.08895675, 0.0014826125
264, 17.02, 0.283666666667, 0.00472777777778
265, 8.821707, 0.14702845, 0.00245047416667
266, 6.807073, 0.113451216667, 0.00189085361111
267, 5.496618, 0.0916103, 0.00152683833333
268, 5.313202, 0.0885533666667, 0.00147588944444
269, 5.336529, 0.08894215, 0.00148236916667
270, 7.13012, 0.118835333333, 0.00198058888889
271, 9.862414, 0.164373566667, 0.00273955944444
272, 5.414807, 0.0902467833333, 0.00150411305556
273, 6.74501, 0.112416833333, 0.00187361388889
274, 6.636183, 0.11060305, 0.00184338416667
275, 9.925912, 0.165431866667, 0.00275719777778
276, 6.313515, 0.10522525, 0.00175375416667
277, 7.992796, 0.133213266667, 0.00222022111111
278, 17.276053, 0.287934216667, 0.00479890361111
279, 6.356435, 0.105940583333, 0.00176567638889
280, 8.467655, 0.141127583333, 0.00235212638889
281, 6.672987, 0.11121645, 0.0018536075
282, 7.625041, 0.127084016667, 0.00211806694444
283, 5.888971, 0.0981495166667, 0.00163582527778
284, 7.957899, 0.13263165, 0.0022105275
285, 8.395808, 0.139930133333, 0.00233216888889
286, 6.55355, 0.109225833333, 0.00182043055556
287, 6.372514, 0.106208566667, 0.00177014277778
288, 6.457096, 0.107618266667, 0.00179363777778
289, 8.160971, 0.136016183333, 0.00226693638889
290, 5.623773, 0.09372955, 0.00156215916667
291, 5.396638, 0.0899439666667, 0.00149906611111
292, 7.426334, 0.123772233333, 0.00206287055556
293, 14.24467, 0.237411166667, 0.00395685277778
294, 5.476594, 0.0912765666667, 0.00152127611111
295, 7.670489, 0.127841483333, 0.00213069138889
296, 6.350013, 0.10583355, 0.0017638925
297, 7.789734, 0.1298289, 0.002163815
298, 5.708309, 0.0951384833333, 0.00158564138889
299, 5.868043, 0.0978007166667, 0.00163001194444
300, 7.75696, 0.129282666667, 0.00215471111111
