003, 5.425096, 0.0904182666667, 0.00150697111111
004, 7.734356, 0.128905933333, 0.00214843222222
005, 6.03088, 0.100514666667, 0.00167524444444
006, 11.280103, 0.188001716667, 0.00313336194444
007, 4.607635, 0.0767939166667, 0.00127989861111
008, 4.687639, 0.0781273166667, 0.00130212194444
009, 10.351125, 0.17251875, 0.0028753125
010, 5.051498, 0.0841916333333, 0.00140319388889
011, 13.356235, 0.222603916667, 0.00371006527778
012, 8.298973, 0.138316216667, 0.00230527027778
013, 8.660626, 0.144343766667, 0.00240572944444
014, 7.667612, 0.127793533333, 0.00212989222222
015, 5.419974, 0.0903329, 0.00150554833333
016, 7.958338, 0.132638966667, 0.00221064944444
017, 12.631919, 0.210531983333, 0.00350886638889
018, 5.304981, 0.08841635, 0.00147360583333
019, 20.358789, 0.33931315, 0.00565521916667
020, 7.537606, 0.125626766667, 0.00209377944444
021, 11.586335, 0.193105583333, 0.00321842638889
022, 6.298432, 0.104973866667, 0.00174956444444
023, 6.416039, 0.106933983333, 0.00178223305556
024, 8.810532, 0.1468422, 0.00244737
025, 11.213091, 0.18688485, 0.0031147475
026, 6.359293, 0.105988216667, 0.00176647027778
027, 5.644932, 0.0940822, 0.00156803666667
028, 7.153687, 0.119228116667, 0.00198713527778
029, 9.568263, 0.15947105, 0.00265785083333
030, 16.994476, 0.283241266667, 0.00472068777778
031, 4.963002, 0.0827167, 0.00137861166667
032, 5.2772, 0.0879533333333, 0.00146588888889
033, 5.834571, 0.09724285, 0.00162071416667
034, 7.545411, 0.12575685, 0.0020959475
035, 5.168289, 0.08613815, 0.00143563583333
036, 5.104285, 0.0850714166667, 0.00141785694444
037, 5.577964, 0.0929660666667, 0.00154943444444
038, 5.374515, 0.08957525, 0.00149292083333
039, 6.047816, 0.100796933333, 0.00167994888889
040, 5.506008, 0.0917668, 0.00152944666667
041, 4.980522, 0.0830087, 0.00138347833333
042, 13.355765, 0.222596083333, 0.00370993472222
043, 5.79154, 0.0965256666667, 0.00160876111111
044, 12.2424, 0.20404, 0.00340066666667
045, 6.228501, 0.10380835, 0.00173013916667
046, 5.615524, 0.0935920666667, 0.00155986777778
047, 6.816727, 0.113612116667, 0.00189353527778
048, 6.477531, 0.10795885, 0.00179931416667
049, 6.65835, 0.1109725, 0.00184954166667
050, 5.391757, 0.0898626166667, 0.00149771027778
051, 22.052713, 0.367545216667, 0.00612575361111
052, 15.861673, 0.264361216667, 0.00440602027778
053, 6.851076, 0.1141846, 0.00190307666667
054, 4.879271, 0.0813211833333, 0.00135535305556
055, 5.197529, 0.0866254833333, 0.00144375805556
056, 17.236104, 0.2872684, 0.00478780666667
057, 6.343339, 0.105722316667, 0.00176203861111
058, 6.443839, 0.107397316667, 0.00178995527778
059, 5.262867, 0.08771445, 0.0014619075
060, 5.253541, 0.0875590166667, 0.00145931694444
061, 13.329702, 0.2221617, 0.003702695
062, 12.733557, 0.21222595, 0.00353709916667
063, 13.539104, 0.225651733333, 0.00376086222222
064, 6.198786, 0.1033131, 0.001721885
065, 12.961812, 0.2160302, 0.00360050333333
066, 6.968158, 0.116135966667, 0.00193559944444
067, 5.030002, 0.0838333666667, 0.00139722277778
068, 5.22918, 0.087153, 0.00145255
069, 6.230906, 0.103848433333, 0.00173080722222
070, 4.999597, 0.0833266166667, 0.00138877694444
071, 6.87922, 0.114653666667, 0.00191089444444
072, 7.038266, 0.117304433333, 0.00195507388889
073, 7.737772, 0.128962866667, 0.00214938111111
074, 11.738042, 0.195634033333, 0.00326056722222
075, 11.807181, 0.19678635, 0.0032797725
076, 10.257769, 0.170962816667, 0.00284938027778
077, 5.539146, 0.0923191, 0.00153865166667
078, 37.531413, 0.62552355, 0.0104253925
079, 10.093241, 0.168220683333, 0.00280367805556
080, 6.364111, 0.106068516667, 0.00176780861111
081, 5.168615, 0.0861435833333, 0.00143572638889
082, 5.754712, 0.0959118666667, 0.00159853111111
083, 10.197557, 0.169959283333, 0.00283265472222
084, 5.568965, 0.0928160833333, 0.00154693472222
085, 8.152628, 0.135877133333, 0.00226461888889
086, 5.656161, 0.09426935, 0.00157115583333
087, 5.141531, 0.0856921833333, 0.00142820305556
088, 6.197842, 0.103297366667, 0.00172162277778
089, 7.870034, 0.131167233333, 0.00218612055556
090, 7.034466, 0.1172411, 0.00195401833333
091, 5.800651, 0.0966775166667, 0.00161129194444
092, 11.068172, 0.184469533333, 0.00307449222222
093, 10.320185, 0.172003083333, 0.00286671805556
094, 9.037912, 0.150631866667, 0.00251053111111
095, 5.7148, 0.0952466666667, 0.00158744444444
096, 7.127914, 0.118798566667, 0.00197997611111
097, 5.282823, 0.08804705, 0.00146745083333
098, 8.455487, 0.140924783333, 0.00234874638889
099, 7.790246, 0.129837433333, 0.00216395722222
100, 6.141155, 0.102352583333, 0.00170587638889
101, 5.679464, 0.0946577333333, 0.00157762888889
102, 5.778541, 0.0963090166667, 0.00160515027778
103, 6.046304, 0.100771733333, 0.00167952888889
104, 5.691973, 0.0948662166667, 0.00158110361111
105, 10.138413, 0.16897355, 0.00281622583333
106, 5.24463, 0.0874105, 0.00145684166667
107, 6.761082, 0.1126847, 0.00187807833333
108, 5.006254, 0.0834375666667, 0.00139062611111
109, 8.26761, 0.1377935, 0.00229655833333
110, 10.977816, 0.1829636, 0.00304939333333
111, 5.219821, 0.0869970166667, 0.00144995027778
112, 5.402678, 0.0900446333333, 0.00150074388889
113, 5.390858, 0.0898476333333, 0.00149746055556
114, 7.646648, 0.127444133333, 0.00212406888889
115, 5.575177, 0.0929196166667, 0.00154866027778
116, 5.81651, 0.0969418333333, 0.00161569722222
117, 8.703525, 0.14505875, 0.00241764583333
118, 5.632629, 0.09387715, 0.00156461916667
119, 13.919019, 0.23198365, 0.00386639416667
120, 5.906927, 0.0984487833333, 0.00164081305556
121, 8.272806, 0.1378801, 0.00229800166667
122, 9.409428, 0.1568238, 0.00261373
123, 6.17637, 0.1029395, 0.00171565833333
124, 6.36251, 0.106041833333, 0.00176736388889
125, 5.757654, 0.0959609, 0.00159934833333
126, 5.644949, 0.0940824833333, 0.00156804138889
127, 6.473669, 0.107894483333, 0.00179824138889
128, 14.198031, 0.23663385, 0.0039438975
129, 8.640494, 0.144008233333, 0.00240013722222
130, 12.875047, 0.214584116667, 0.00357640194444
131, 6.182068, 0.103034466667, 0.00171724111111
132, 12.110796, 0.2018466, 0.00336411
133, 9.426159, 0.15710265, 0.0026183775
134, 6.881234, 0.114687233333, 0.00191145388889
135, 8.007881, 0.133464683333, 0.00222441138889
136, 6.239247, 0.10398745, 0.00173312416667
137, 5.981338, 0.0996889666667, 0.00166148277778
138, 5.250654, 0.0875109, 0.001458515
139, 7.916752, 0.131945866667, 0.00219909777778
140, 7.28381, 0.121396833333, 0.00202328055556
141, 5.314882, 0.0885813666667, 0.00147635611111
142, 5.203381, 0.0867230166667, 0.00144538361111
143, 7.449609, 0.12416015, 0.00206933583333
144, 5.326351, 0.0887725166667, 0.00147954194444
145, 6.079207, 0.101320116667, 0.00168866861111
146, 8.369445, 0.13949075, 0.00232484583333
147, 7.596789, 0.12661315, 0.00211021916667
148, 9.589387, 0.159823116667, 0.00266371861111
149, 6.403245, 0.10672075, 0.00177867916667
150, 5.683979, 0.0947329833333, 0.00157888305556
151, 10.158626, 0.169310433333, 0.00282184055556
152, 15.48921, 0.2581535, 0.00430255833333
153, 7.89878, 0.131646333333, 0.00219410555556
154, 15.222786, 0.2537131, 0.00422855166667
155, 4.95931, 0.0826551666667, 0.00137758611111
156, 6.478527, 0.10797545, 0.00179959083333
157, 6.079412, 0.101323533333, 0.00168872555556
158, 5.928743, 0.0988123833333, 0.00164687305556
159, 9.015092, 0.150251533333, 0.00250419222222
160, 6.180976, 0.103016266667, 0.00171693777778
161, 6.968281, 0.116138016667, 0.00193563361111
162, 7.822913, 0.130381883333, 0.00217303138889
163, 4.901807, 0.0816967833333, 0.00136161305556
164, 5.122071, 0.08536785, 0.0014227975
165, 7.263382, 0.121056366667, 0.00201760611111
166, 6.436017, 0.10726695, 0.0017877825
167, 5.801968, 0.0966994666667, 0.00161165777778
168, 6.653829, 0.11089715, 0.00184828583333
169, 6.251941, 0.104199016667, 0.00173665027778
170, 8.936098, 0.148934966667, 0.00248224944444
171, 5.70381, 0.0950635, 0.00158439166667
172, 11.314332, 0.1885722, 0.00314287
173, 4.720425, 0.07867375, 0.00131122916667
174, 4.638179, 0.0773029833333, 0.00128838305556
175, 5.330679, 0.08884465, 0.00148074416667
176, 4.944691, 0.0824115166667, 0.00137352527778
177, 5.136864, 0.0856144, 0.00142690666667
178, 5.31759, 0.0886265, 0.00147710833333
179, 6.772835, 0.112880583333, 0.00188134305556
180, 4.754718, 0.0792453, 0.001320755
181, 5.00978, 0.0834963333333, 0.00139160555556
182, 13.089873, 0.21816455, 0.00363607583333
183, 9.598012, 0.159966866667, 0.00266611444444
184, 5.849079, 0.09748465, 0.00162474416667
185, 7.022434, 0.117040566667, 0.00195067611111
186, 5.38132, 0.0896886666667, 0.00149481111111
187, 5.97528, 0.099588, 0.0016598
188, 10.848754, 0.180812566667, 0.00301354277778
189, 5.398479, 0.08997465, 0.0014995775
190, 5.457614, 0.0909602333333, 0.00151600388889
191, 12.556676, 0.209277933333, 0.00348796555556
192, 10.11888, 0.168648, 0.0028108
193, 5.975831, 0.0995971833333, 0.00165995305556
194, 5.345033, 0.0890838833333, 0.00148473138889
195, 17.942209, 0.299036816667, 0.00498394694444
196, 5.469317, 0.0911552833333, 0.00151925472222
197, 6.411795, 0.10686325, 0.00178105416667
198, 6.215706, 0.1035951, 0.001726585
199, 8.099383, 0.134989716667, 0.00224982861111
200, 10.814359, 0.180239316667, 0.00300398861111
201, 8.148146, 0.135802433333, 0.00226337388889
202, 8.088913, 0.134815216667, 0.00224692027778
203, 6.724029, 0.11206715, 0.00186778583333
204, 5.752364, 0.0958727333333, 0.00159787888889
205, 7.087393, 0.118123216667, 0.00196872027778
206, 5.702358, 0.0950393, 0.00158398833333
207, 7.468384, 0.124473066667, 0.00207455111111
208, 5.347639, 0.0891273166667, 0.00148545527778
209, 5.73643, 0.0956071666667, 0.00159345277778
210, 9.111146, 0.151852433333, 0.00253087388889
211, 6.381538, 0.106358966667, 0.00177264944444
212, 4.978556, 0.0829759333333, 0.00138293222222
213, 6.229996, 0.103833266667, 0.00173055444444
214, 4.973215, 0.0828869166667, 0.00138144861111
215, 7.504335, 0.12507225, 0.0020845375
216, 6.086078, 0.101434633333, 0.00169057722222
217, 6.183225, 0.10305375, 0.0017175625
218, 22.685287, 0.378088116667, 0.00630146861111
219, 12.103008, 0.2017168, 0.00336194666667
220, 5.145144, 0.0857524, 0.00142920666667
221, 5.364781, 0.0894130166667, 0.00149021694444
222, 7.27083, 0.1211805, 0.002019675
223, 6.872057, 0.114534283333, 0.00190890472222
224, 7.516301, 0.125271683333, 0.00208786138889
225, 13.037233, 0.217287216667, 0.00362145361111
226, 5.571592, 0.0928598666667, 0.00154766444444
227, 6.352736, 0.105878933333, 0.00176464888889
228, 8.066375, 0.134439583333, 0.00224065972222
229, 7.104633, 0.11841055, 0.00197350916667
230, 5.217093, 0.08695155, 0.0014491925
231, 4.847003, 0.0807833833333, 0.00134638972222
232, 5.142057, 0.08570095, 0.00142834916667
233, 8.299638, 0.1383273, 0.002305455
234, 6.293431, 0.104890516667, 0.00174817527778
235, 5.183939, 0.0863989833333, 0.00143998305556
236, 5.803081, 0.0967180166667, 0.00161196694444
237, 10.805362, 0.180089366667, 0.00300148944444
238, 5.810259, 0.09683765, 0.00161396083333
239, 4.775797, 0.0795966166667, 0.00132661027778
240, 20.384574, 0.3397429, 0.00566238166667
241, 4.945656, 0.0824276, 0.00137379333333
242, 5.638177, 0.0939696166667, 0.00156616027778
243, 6.368577, 0.10614295, 0.00176904916667
244, 13.553051, 0.225884183333, 0.00376473638889
245, 14.135065, 0.235584416667, 0.00392640694444
246, 5.666811, 0.09444685, 0.00157411416667
247, 5.331692, 0.0888615333333, 0.00148102555556
248, 5.178552, 0.0863092, 0.00143848666667
249, 7.238132, 0.120635533333, 0.00201059222222
250, 11.8185, 0.196975, 0.00328291666667
251, 5.124564, 0.0854094, 0.00142349
252, 9.772786, 0.162879766667, 0.00271466277778
253, 5.36891, 0.0894818333333, 0.00149136388889
254, 6.057283, 0.100954716667, 0.00168257861111
255, 13.0821, 0.218035, 0.00363391666667
256, 5.232918, 0.0872153, 0.00145358833333
257, 8.279819, 0.137996983333, 0.00229994972222
258, 7.314419, 0.121906983333, 0.00203178305556
259, 4.873251, 0.08122085, 0.00135368083333
260, 6.4477, 0.107461666667, 0.00179102777778
261, 10.933153, 0.182219216667, 0.00303698694444
262, 5.122194, 0.0853699, 0.00142283166667
263, 5.253146, 0.0875524333333, 0.00145920722222
264, 20.935287, 0.34892145, 0.0058153575
265, 9.267236, 0.154453933333, 0.00257423222222
266, 7.125257, 0.118754283333, 0.00197923805556
267, 4.999907, 0.0833317833333, 0.00138886305556
268, 4.786509, 0.07977515, 0.00132958583333
269, 5.137744, 0.0856290666667, 0.00142715111111
270, 7.596511, 0.126608516667, 0.00211014194444
271, 9.267476, 0.154457933333, 0.00257429888889
272, 4.879252, 0.0813208666667, 0.00135534777778
273, 8.308519, 0.138475316667, 0.00230792194444
274, 6.950652, 0.1158442, 0.00193073666667
275, 10.673318, 0.177888633333, 0.00296481055556
276, 5.569303, 0.0928217166667, 0.00154702861111
277, 8.050004, 0.134166733333, 0.00223611222222
278, 19.648581, 0.32747635, 0.00545793916667
279, 6.681495, 0.11135825, 0.00185597083333
280, 9.09726, 0.151621, 0.00252701666667
281, 6.768978, 0.1128163, 0.00188027166667
282, 8.261282, 0.137688033333, 0.00229480055556
283, 5.473863, 0.09123105, 0.0015205175
284, 7.776102, 0.1296017, 0.00216002833333
285, 9.982665, 0.16637775, 0.0027729625
286, 5.95912, 0.0993186666667, 0.00165531111111
287, 8.31285, 0.1385475, 0.002309125
288, 6.095859, 0.10159765, 0.00169329416667
289, 7.504322, 0.125072033333, 0.00208453388889
290, 4.854463, 0.0809077166667, 0.00134846194444
291, 4.818234, 0.0803039, 0.00133839833333
292, 8.017146, 0.1336191, 0.002226985
293, 18.274527, 0.30457545, 0.0050762575
294, 4.79813, 0.0799688333333, 0.00133281388889
295, 7.215252, 0.1202542, 0.00200423666667
296, 7.113416, 0.118556933333, 0.00197594888889
297, 7.748681, 0.129144683333, 0.00215241138889
298, 5.089767, 0.08482945, 0.00141382416667
299, 5.725381, 0.0954230166667, 0.00159038361111
300, 7.763412, 0.1293902, 0.00215650333333
