003, 6.780206, 0.113003433333, 0.00188339055556
004, 9.768594, 0.1628099, 0.00271349833333
005, 7.104168, 0.1184028, 0.00197338
006, 14.556848, 0.242614133333, 0.00404356888889
007, 6.288664, 0.104811066667, 0.00174685111111
008, 6.267706, 0.104461766667, 0.00174102944444
009, 11.796954, 0.1966159, 0.00327693166667
010, 6.052733, 0.100878883333, 0.00168131472222
011, 7.243553, 0.120725883333, 0.00201209805556
012, 7.975709, 0.132928483333, 0.00221547472222
013, 9.172719, 0.15287865, 0.0025479775
014, 8.046148, 0.134102466667, 0.00223504111111
015, 6.28014, 0.104669, 0.00174448333333
016, 6.85088, 0.114181333333, 0.00190302222222
017, 11.83166, 0.197194333333, 0.00328657222222
018, 6.19942, 0.103323666667, 0.00172206111111
019, 19.831459, 0.330524316667, 0.00550873861111
020, 9.057144, 0.1509524, 0.00251587333333
021, 10.240689, 0.17067815, 0.00284463583333
022, 6.23441, 0.103906833333, 0.00173178055556
023, 6.716745, 0.11194575, 0.0018657625
024, 7.234986, 0.1205831, 0.00200971833333
025, 9.518204, 0.158636733333, 0.00264394555556
026, 6.820337, 0.113672283333, 0.00189453805556
027, 6.141017, 0.102350283333, 0.00170583805556
028, 7.090817, 0.118180283333, 0.00196967138889
029, 8.200583, 0.136676383333, 0.00227793972222
030, 7.324133, 0.122068883333, 0.00203448138889
031, 6.1181, 0.101968333333, 0.00169947222222
032, 6.162179, 0.102702983333, 0.00171171638889
033, 6.427092, 0.1071182, 0.00178530333333
034, 7.625502, 0.1270917, 0.002118195
035, 6.146646, 0.1024441, 0.00170740166667
036, 6.016294, 0.100271566667, 0.00167119277778
037, 6.391669, 0.106527816667, 0.00177546361111
038, 6.351645, 0.10586075, 0.00176434583333
039, 6.357225, 0.10595375, 0.00176589583333
040, 6.073667, 0.101227783333, 0.00168712972222
041, 6.147463, 0.102457716667, 0.00170762861111
042, 11.51164, 0.191860666667, 0.00319767777778
043, 6.444101, 0.107401683333, 0.00179002805556
044, 8.658713, 0.144311883333, 0.00240519805556
045, 6.301504, 0.105025066667, 0.00175041777778
046, 6.443994, 0.1073999, 0.00178999833333
047, 6.662843, 0.111047383333, 0.00185078972222
048, 6.212326, 0.103538766667, 0.00172564611111
049, 6.408328, 0.106805466667, 0.00178009111111
050, 6.107399, 0.101789983333, 0.00169649972222
051, 13.867462, 0.231124366667, 0.00385207277778
052, 7.752382, 0.129206366667, 0.00215343944444
053, 6.32898, 0.105483, 0.00175805
054, 6.03464, 0.100577333333, 0.00167628888889
055, 6.131176, 0.102186266667, 0.00170310444444
056, 15.674019, 0.26123365, 0.00435389416667
057, 6.915486, 0.1152581, 0.00192096833333
058, 6.677806, 0.111296766667, 0.00185494611111
059, 6.271628, 0.104527133333, 0.00174211888889
060, 6.253055, 0.104217583333, 0.00173695972222
061, 8.297581, 0.138293016667, 0.00230488361111
062, 12.027334, 0.200455566667, 0.00334092611111
063, 6.208199, 0.103469983333, 0.00172449972222
064, 6.106148, 0.101769133333, 0.00169615222222
065, 11.866131, 0.19776885, 0.0032961475
066, 6.308113, 0.105135216667, 0.00175225361111
067, 6.147492, 0.1024582, 0.00170763666667
068, 6.256676, 0.104277933333, 0.00173796555556
069, 6.918862, 0.115314366667, 0.00192190611111
070, 6.157321, 0.102622016667, 0.00171036694444
071, 7.3471, 0.122451666667, 0.00204086111111
072, 6.782955, 0.11304925, 0.00188415416667
073, 6.063532, 0.101058866667, 0.00168431444444
074, 11.848087, 0.197468116667, 0.00329113527778
075, 9.780085, 0.163001416667, 0.00271669027778
076, 9.206174, 0.153436233333, 0.00255727055556
077, 7.385993, 0.123099883333, 0.00205166472222
078, 25.310371, 0.421839516667, 0.00703065861111
079, 6.445896, 0.1074316, 0.00179052666667
080, 7.489636, 0.124827266667, 0.00208045444444
081, 6.022339, 0.100372316667, 0.00167287194444
082, 6.49018, 0.108169666667, 0.00180282777778
083, 7.237913, 0.120631883333, 0.00201053138889
084, 5.975906, 0.0995984333333, 0.00165997388889
085, 6.93898, 0.115649666667, 0.00192749444444
086, 6.073438, 0.101223966667, 0.00168706611111
087, 5.966203, 0.0994367166667, 0.00165727861111
088, 6.690697, 0.111511616667, 0.00185852694444
089, 9.193102, 0.153218366667, 0.00255363944444
090, 7.404519, 0.12340865, 0.00205681083333
091, 6.605034, 0.1100839, 0.00183473166667
092, 7.81075, 0.130179166667, 0.00216965277778
093, 10.017723, 0.16696205, 0.00278270083333
094, 7.82823, 0.1304705, 0.00217450833333
095, 6.522692, 0.108711533333, 0.00181185888889
096, 5.997188, 0.0999531333333, 0.00166588555556
097, 6.059646, 0.1009941, 0.001683235
098, 6.255989, 0.104266483333, 0.00173777472222
099, 7.109832, 0.1184972, 0.00197495333333
100, 6.149045, 0.102484083333, 0.00170806805556
101, 6.094626, 0.1015771, 0.00169295166667
102, 6.153938, 0.102565633333, 0.00170942722222
103, 6.047996, 0.100799933333, 0.00167999888889
104, 6.03954, 0.100659, 0.00167765
105, 6.481009, 0.108016816667, 0.00180028027778
106, 5.911661, 0.0985276833333, 0.00164212805556
107, 6.242882, 0.104048033333, 0.00173413388889
108, 5.919695, 0.0986615833333, 0.00164435972222
109, 8.115065, 0.135251083333, 0.00225418472222
110, 12.260646, 0.2043441, 0.003405735
111, 6.044898, 0.1007483, 0.00167913833333
112, 6.135374, 0.102256233333, 0.00170427055556
113, 6.054825, 0.10091375, 0.00168189583333
114, 7.251996, 0.1208666, 0.00201444333333
115, 6.117246, 0.1019541, 0.001699235
116, 6.080292, 0.1013382, 0.00168897
117, 8.127852, 0.1354642, 0.00225773666667
118, 6.19403, 0.103233833333, 0.00172056388889
119, 9.423517, 0.157058616667, 0.00261764361111
120, 6.24595, 0.104099166667, 0.00173498611111
121, 7.344356, 0.122405933333, 0.00204009888889
122, 8.64772, 0.144128666667, 0.00240214444444
123, 5.956467, 0.09927445, 0.00165457416667
124, 6.10055, 0.101675833333, 0.00169459722222
125, 6.327359, 0.105455983333, 0.00175759972222
126, 5.953977, 0.09923295, 0.0016538825
127, 6.56152, 0.109358666667, 0.00182264444444
128, 10.14891, 0.1691485, 0.00281914166667
129, 7.591109, 0.126518483333, 0.00210864138889
130, 9.969036, 0.1661506, 0.00276917666667
131, 6.295386, 0.1049231, 0.00174871833333
132, 9.344275, 0.155737916667, 0.00259563194444
133, 6.186603, 0.10311005, 0.00171850083333
134, 6.006537, 0.10010895, 0.0016684825
135, 6.603393, 0.11005655, 0.00183427583333
136, 6.565309, 0.109421816667, 0.00182369694444
137, 6.20292, 0.103382, 0.00172303333333
138, 5.871576, 0.0978596, 0.00163099333333
139, 6.955114, 0.115918566667, 0.00193197611111
140, 6.398091, 0.10663485, 0.0017772475
141, 6.080964, 0.1013494, 0.00168915666667
142, 6.02155, 0.100359166667, 0.00167265277778
143, 7.293472, 0.121557866667, 0.00202596444444
144, 5.944259, 0.0990709833333, 0.00165118305556
145, 6.342496, 0.105708266667, 0.00176180444444
146, 6.441005, 0.107350083333, 0.00178916805556
147, 7.86989, 0.131164833333, 0.00218608055556
148, 6.020868, 0.1003478, 0.00167246333333
149, 7.551996, 0.1258666, 0.00209777666667
150, 5.96746, 0.0994576666667, 0.00165762777778
151, 8.037356, 0.133955933333, 0.00223259888889
152, 10.00484, 0.166747333333, 0.00277912222222
153, 6.15723, 0.1026205, 0.00171034166667
154, 11.031777, 0.18386295, 0.0030643825
155, 6.039731, 0.100662183333, 0.00167770305556
156, 6.31235, 0.105205833333, 0.00175343055556
157, 6.373398, 0.1062233, 0.00177038833333
158, 6.122029, 0.102033816667, 0.00170056361111
159, 8.423045, 0.140384083333, 0.00233973472222
160, 6.676006, 0.111266766667, 0.00185444611111
161, 6.93675, 0.1156125, 0.001926875
162, 6.904344, 0.1150724, 0.00191787333333
163, 5.978854, 0.0996475666667, 0.00166079277778
164, 5.955325, 0.0992554166667, 0.00165425694444
165, 6.249866, 0.104164433333, 0.00173607388889
166, 6.96337, 0.116056166667, 0.00193426944444
167, 6.247731, 0.10412885, 0.00173548083333
168, 6.04311, 0.1007185, 0.00167864166667
169, 6.353795, 0.105896583333, 0.00176494305556
170, 8.333496, 0.1388916, 0.00231486
171, 6.470541, 0.10784235, 0.0017973725
172, 6.97962, 0.116327, 0.00193878333333
173, 5.931249, 0.09885415, 0.00164756916667
174, 5.842058, 0.0973676333333, 0.00162279388889
175, 6.096344, 0.101605733333, 0.00169342888889
176, 5.984231, 0.0997371833333, 0.00166228638889
177, 6.076418, 0.101273633333, 0.00168789388889
178, 6.029421, 0.10049035, 0.00167483916667
179, 7.049962, 0.117499366667, 0.00195832277778
180, 5.875792, 0.0979298666667, 0.00163216444444
181, 5.976459, 0.09960765, 0.0016601275
182, 6.99664, 0.116610666667, 0.00194351111111
183, 7.700803, 0.128346716667, 0.00213911194444
184, 5.89195, 0.0981991666667, 0.00163665277778
185, 6.019658, 0.100327633333, 0.00167212722222
186, 6.124755, 0.10207925, 0.00170132083333
187, 6.386049, 0.10643415, 0.0017739025
188, 9.537557, 0.158959283333, 0.00264932138889
189, 6.052641, 0.10087735, 0.00168128916667
190, 6.15436, 0.102572666667, 0.00170954444444
191, 8.557869, 0.14263115, 0.00237718583333
192, 6.483052, 0.108050866667, 0.00180084777778
193, 6.490815, 0.10818025, 0.00180300416667
194, 6.120891, 0.10201485, 0.0017002475
195, 12.658884, 0.2109814, 0.00351635666667
196, 6.005651, 0.100094183333, 0.00166823638889
197, 6.589632, 0.1098272, 0.00183045333333
198, 6.38776, 0.106462666667, 0.00177437777778
199, 7.776456, 0.1296076, 0.00216012666667
200, 6.590665, 0.109844416667, 0.00183074027778
201, 7.100353, 0.118339216667, 0.00197232027778
202, 6.070832, 0.101180533333, 0.00168634222222
203, 6.262217, 0.104370283333, 0.00173950472222
204, 6.027044, 0.100450733333, 0.00167417888889
205, 6.091466, 0.101524433333, 0.00169207388889
206, 6.302774, 0.105046233333, 0.00175077055556
207, 6.624774, 0.1104129, 0.001840215
208, 6.060757, 0.101012616667, 0.00168354361111
209, 6.027863, 0.100464383333, 0.00167440638889
210, 9.203802, 0.1533967, 0.00255661166667
211, 6.586529, 0.109775483333, 0.00182959138889
212, 5.893649, 0.0982274833333, 0.00163712472222
213, 7.221966, 0.1203661, 0.00200610166667
214, 6.185902, 0.103098366667, 0.00171830611111
215, 6.355522, 0.105925366667, 0.00176542277778
216, 6.358941, 0.10598235, 0.0017663725
217, 7.035429, 0.11725715, 0.00195428583333
218, 12.245736, 0.2040956, 0.00340159333333
219, 8.331485, 0.138858083333, 0.00231430138889
220, 6.216065, 0.103601083333, 0.00172668472222
221, 6.125055, 0.10208425, 0.00170140416667
222, 7.152741, 0.11921235, 0.0019868725
223, 6.730858, 0.112180966667, 0.00186968277778
224, 7.488789, 0.12481315, 0.00208021916667
225, 8.504123, 0.141735383333, 0.00236225638889
226, 6.278206, 0.104636766667, 0.00174394611111
227, 6.762752, 0.112712533333, 0.00187854222222
228, 8.165494, 0.136091566667, 0.00226819277778
229, 7.328077, 0.122134616667, 0.00203557694444
230, 5.956744, 0.0992790666667, 0.00165465111111
231, 6.016069, 0.100267816667, 0.00167113027778
232, 6.24603, 0.1041005, 0.00173500833333
233, 6.985704, 0.1164284, 0.00194047333333
234, 6.163594, 0.102726566667, 0.00171210944444
235, 6.049225, 0.100820416667, 0.00168034027778
236, 6.228277, 0.103804616667, 0.00173007694444
237, 9.775782, 0.1629297, 0.002715495
238, 6.320404, 0.105340066667, 0.00175566777778
239, 6.087206, 0.101453433333, 0.00169089055556
240, 12.66117, 0.2110195, 0.00351699166667
241, 6.095815, 0.101596916667, 0.00169328194444
242, 6.470795, 0.107846583333, 0.00179744305556
243, 6.578318, 0.109638633333, 0.00182731055556
244, 8.716214, 0.145270233333, 0.00242117055556
245, 10.584262, 0.176404366667, 0.00294007277778
246, 6.479375, 0.107989583333, 0.00179982638889
247, 6.427987, 0.107133116667, 0.00178555194444
248, 6.185039, 0.103083983333, 0.00171806638889
249, 7.129905, 0.11883175, 0.00198052916667
250, 7.269912, 0.1211652, 0.00201942
251, 6.213149, 0.103552483333, 0.00172587472222
252, 7.822191, 0.13036985, 0.00217283083333
253, 6.16264, 0.102710666667, 0.00171184444444
254, 6.686005, 0.111433416667, 0.00185722361111
255, 9.270264, 0.1545044, 0.00257507333333
256, 6.190686, 0.1031781, 0.001719635
257, 7.990999, 0.133183316667, 0.00221972194444
258, 7.890376, 0.131506266667, 0.00219177111111
259, 6.284367, 0.10473945, 0.0017456575
260, 6.844335, 0.11407225, 0.00190120416667
261, 9.505963, 0.158432716667, 0.00264054527778
262, 6.112431, 0.10187385, 0.0016978975
263, 5.815559, 0.0969259833333, 0.00161543305556
264, 14.398661, 0.239977683333, 0.00399962805556
265, 9.110962, 0.151849366667, 0.00253082277778
266, 6.965331, 0.11608885, 0.00193481416667
267, 6.077991, 0.10129985, 0.00168833083333
268, 5.919285, 0.09865475, 0.00164424583333
269, 5.939187, 0.09898645, 0.00164977416667
270, 7.255793, 0.120929883333, 0.00201549805556
271, 9.873172, 0.164552866667, 0.00274254777778
272, 5.894561, 0.0982426833333, 0.00163737805556
273, 6.409604, 0.106826733333, 0.00178044555556
274, 6.758076, 0.1126346, 0.00187724333333
275, 9.652894, 0.160881566667, 0.00268135944444
276, 6.866943, 0.11444905, 0.00190748416667
277, 8.307893, 0.138464883333, 0.00230774805556
278, 15.701436, 0.2616906, 0.00436151
279, 9.058453, 0.150974216667, 0.00251623694444
280, 8.139047, 0.135650783333, 0.00226084638889
281, 6.943199, 0.115719983333, 0.00192866638889
282, 7.649865, 0.12749775, 0.0021249625
283, 6.292567, 0.104876116667, 0.00174793527778
284, 8.281995, 0.13803325, 0.00230055416667
285, 7.876892, 0.131281533333, 0.00218802555556
286, 7.051644, 0.1175274, 0.00195879
287, 6.362202, 0.1060367, 0.00176727833333
288, 6.585716, 0.109761933333, 0.00182936555556
289, 8.646793, 0.144113216667, 0.00240188694444
290, 6.170539, 0.102842316667, 0.00171403861111
291, 5.935859, 0.0989309833333, 0.00164884972222
292, 7.443955, 0.124065916667, 0.00206776527778
293, 12.611573, 0.210192883333, 0.00350321472222
294, 5.990525, 0.0998420833333, 0.00166403472222
295, 8.20114, 0.136685666667, 0.00227809444444
296, 6.539774, 0.108996233333, 0.00181660388889
297, 7.6314, 0.12719, 0.00211983333333
298, 6.143392, 0.102389866667, 0.00170649777778
299, 6.428321, 0.107138683333, 0.00178564472222
300, 8.032393, 0.133873216667, 0.00223122027778
