001, 9.083234, 0.151387233333, 0.00252312055556
002, 11.870225, 0.197837083333, 0.00329728472222
003, 10.464351, 0.17440585, 0.00290676416667
004, 9.251339, 0.154188983333, 0.00256981638889
005, 7.896907, 0.131615116667, 0.00219358527778
006, 7.734171, 0.12890285, 0.00214838083333
007, 11.89693, 0.198282166667, 0.00330470277778
008, 14.103986, 0.235066433333, 0.00391777388889
009, 8.870227, 0.147837116667, 0.00246395194444
010, 8.822545, 0.147042416667, 0.00245070694444
011, 11.486465, 0.191441083333, 0.00319068472222
012, 9.541488, 0.1590248, 0.00265041333333
013, 25.978478, 0.432974633333, 0.00721624388889
014, 28.730301, 0.47883835, 0.00798063916667
015, 16.99212, 0.283202, 0.00472003333333
016, 20.284821, 0.33808035, 0.0056346725
017, 19.653939, 0.32756565, 0.0054594275
018, 27.831989, 0.463866483333, 0.00773110805556
019, 14.608068, 0.2434678, 0.00405779666667
020, 14.815843, 0.246930716667, 0.00411551194444
021, 13.370897, 0.222848283333, 0.00371413805556
022, 13.254512, 0.220908533333, 0.00368180888889
023, 13.4388, 0.22398, 0.003733
024, 15.376253, 0.256270883333, 0.00427118138889
025, 13.026558, 0.2171093, 0.00361848833333
026, 12.55568, 0.209261333333, 0.00348768888889
027, 14.002819, 0.233380316667, 0.00388967194444
028, 29.077253, 0.484620883333, 0.00807701472222
029, 14.879682, 0.2479947, 0.004133245
030, 14.36318, 0.239386333333, 0.00398977222222
031, 29.3215, 0.488691666667, 0.00814486111111
032, 14.558819, 0.242646983333, 0.00404411638889
033, 16.589422, 0.276490366667, 0.00460817277778
034, 24.864638, 0.414410633333, 0.00690684388889
035, 23.852811, 0.39754685, 0.00662578083333
036, 20.969147, 0.349485783333, 0.00582476305556
037, 15.432469, 0.257207816667, 0.00428679694444
038, 195.41436, 3.256906, 0.0542817666667
039, 27.653709, 0.46089515, 0.00768158583333
040, 20.31168, 0.338528, 0.00564213333333
041, 21.003856, 0.350064266667, 0.00583440444444
042, 17.964282, 0.2994047, 0.00499007833333
043, 20.732851, 0.345547516667, 0.00575912527778
044, 16.248017, 0.270800283333, 0.00451333805556
045, 15.4607, 0.257678333333, 0.00429463888889
046, 25.370464, 0.422841066667, 0.00704735111111
047, 22.289577, 0.37149295, 0.00619154916667
048, 23.237916, 0.3872986, 0.00645497666667
049, 14.843246, 0.247387433333, 0.00412312388889
050, 8.396792, 0.139946533333, 0.00233244222222
051, 8.281219, 0.138020316667, 0.00230033861111
052, 8.031975, 0.13386625, 0.00223110416667
053, 8.743014, 0.1457169, 0.002428615
054, 11.302907, 0.188381783333, 0.00313969638889
055, 15.407422, 0.256790366667, 0.00427983944444
056, 9.233497, 0.153891616667, 0.00256486027778
057, 7.804841, 0.130080683333, 0.00216801138889
058, 29.289931, 0.488165516667, 0.00813609194444
059, 11.596782, 0.1932797, 0.00322132833333
060, 15.461218, 0.257686966667, 0.00429478277778
061, 8.706079, 0.145101316667, 0.00241835527778
062, 10.449301, 0.174155016667, 0.00290258361111
063, 8.978822, 0.149647033333, 0.00249411722222
064, 11.588311, 0.193138516667, 0.00321897527778
065, 19.887536, 0.331458933333, 0.00552431555556
066, 11.759608, 0.195993466667, 0.00326655777778
067, 10.977761, 0.182962683333, 0.00304937805556
068, 16.195523, 0.269925383333, 0.00449875638889
069, 11.237614, 0.187293566667, 0.00312155944444
070, 8.456889, 0.14094815, 0.00234913583333
071, 7.739857, 0.128997616667, 0.00214996027778
072, 10.659462, 0.1776577, 0.00296096166667
073, 14.40826, 0.240137666667, 0.00400229444444
074, 12.871185, 0.21451975, 0.00357532916667
075, 44.847609, 0.74746015, 0.0124576691667
076, 11.006735, 0.183445583333, 0.00305742638889
077, 13.737554, 0.228959233333, 0.00381598722222
078, 11.554245, 0.19257075, 0.0032095125
079, 21.530235, 0.35883725, 0.00598062083333
080, 12.738805, 0.212313416667, 0.00353855694444
081, 18.094637, 0.301577283333, 0.00502628805556
082, 17.094731, 0.284912183333, 0.00474853638889
083, 15.292455, 0.25487425, 0.00424790416667
084, 8.339867, 0.138997783333, 0.00231662972222
085, 9.842771, 0.164046183333, 0.00273410305556
086, 10.289387, 0.171489783333, 0.00285816305556
087, 10.217151, 0.17028585, 0.0028380975
088, 32.995092, 0.5499182, 0.00916530333333
089, 11.548814, 0.192480233333, 0.00320800388889
090, 14.287987, 0.238133116667, 0.00396888527778
091, 17.517554, 0.291959233333, 0.00486598722222
092, 13.691082, 0.2281847, 0.00380307833333
093, 8.402282, 0.140038033333, 0.00233396722222
094, 9.92759, 0.165459833333, 0.00275766388889
095, 10.597476, 0.1766246, 0.00294374333333
096, 16.90822, 0.281803666667, 0.00469672777778
097, 11.768009, 0.196133483333, 0.00326889138889
098, 15.477946, 0.257965766667, 0.00429942944444
099, 13.528815, 0.22548025, 0.00375800416667
100, 17.512752, 0.2918792, 0.00486465333333
101, 44.272787, 0.737879783333, 0.0122979963889
102, 11.866222, 0.197770366667, 0.00329617277778
103, 14.08846, 0.234807666667, 0.00391346111111
104, 10.820087, 0.180334783333, 0.00300557972222
105, 9.085663, 0.151427716667, 0.00252379527778
106, 10.225292, 0.170421533333, 0.00284035888889
107, 12.664119, 0.21106865, 0.00351781083333
108, 11.558056, 0.192634266667, 0.00321057111111
109, 11.736675, 0.19561125, 0.0032601875
110, 8.86455, 0.1477425, 0.002462375
111, 8.63177, 0.143862833333, 0.00239771388889
112, 8.656607, 0.144276783333, 0.00240461305556
113, 18.864607, 0.314410116667, 0.00524016861111
114, 11.833311, 0.19722185, 0.00328703083333
115, 13.290104, 0.221501733333, 0.00369169555556
116, 18.305875, 0.305097916667, 0.00508496527778
117, 17.299173, 0.28831955, 0.00480532583333
118, 12.228425, 0.203807083333, 0.00339678472222
119, 11.645345, 0.194089083333, 0.00323481805556
120, 11.006008, 0.183433466667, 0.00305722444444
121, 8.581398, 0.1430233, 0.00238372166667
122, 12.710153, 0.211835883333, 0.00353059805556
123, 65.656954, 1.09428256667, 0.0182380427778
124, 13.434693, 0.22391155, 0.00373185916667
125, 19.629706, 0.327161766667, 0.00545269611111
126, 15.206602, 0.253443366667, 0.00422405611111
127, 9.004284, 0.1500714, 0.00250119
128, 9.148136, 0.152468933333, 0.00254114888889
129, 11.534708, 0.192245133333, 0.00320408555556
130, 9.129455, 0.152157583333, 0.00253595972222
131, 9.73044, 0.162174, 0.0027029
132, 9.938069, 0.165634483333, 0.00276057472222
133, 8.796412, 0.146606866667, 0.00244344777778
134, 11.199285, 0.18665475, 0.0031109125
135, 10.632608, 0.177210133333, 0.00295350222222
136, 9.048722, 0.150812033333, 0.00251353388889
137, 9.245662, 0.154094366667, 0.00256823944444
138, 11.026372, 0.183772866667, 0.00306288111111
139, 9.774905, 0.162915083333, 0.00271525138889
140, 20.247349, 0.337455816667, 0.00562426361111
141, 10.276271, 0.171271183333, 0.00285451972222
142, 10.034633, 0.167243883333, 0.00278739805556
143, 16.510305, 0.27517175, 0.00458619583333
144, 13.025263, 0.217087716667, 0.00361812861111
145, 9.382704, 0.1563784, 0.00260630666667
146, 10.972431, 0.18287385, 0.0030478975
147, 12.679426, 0.211323766667, 0.00352206277778
148, 14.595103, 0.243251716667, 0.00405419527778
149, 11.661154, 0.194352566667, 0.00323920944444
150, 14.493396, 0.2415566, 0.00402594333333
151, 10.797792, 0.1799632, 0.00299938666667
152, 11.937583, 0.198959716667, 0.00331599527778
153, 10.441778, 0.174029633333, 0.00290049388889
154, 12.389679, 0.20649465, 0.0034415775
155, 11.85545, 0.197590833333, 0.00329318055556
156, 24.46419, 0.4077365, 0.00679560833333
157, 8.956949, 0.149282483333, 0.00248804138889
158, 10.771141, 0.179519016667, 0.00299198361111
159, 9.853031, 0.164217183333, 0.00273695305556
160, 9.92445, 0.1654075, 0.00275679166667
161, 18.881769, 0.31469615, 0.00524493583333
162, 8.903336, 0.148388933333, 0.00247314888889
163, 17.032013, 0.283866883333, 0.00473111472222
164, 13.087422, 0.2181237, 0.003635395
165, 10.9811, 0.183018333333, 0.00305030555556
166, 9.566822, 0.159447033333, 0.00265745055556
167, 8.746169, 0.145769483333, 0.00242949138889
168, 7.898944, 0.131649066667, 0.00219415111111
169, 8.302621, 0.138377016667, 0.00230628361111
170, 9.661949, 0.161032483333, 0.00268387472222
171, 7.808524, 0.130142066667, 0.00216903444444
172, 9.353749, 0.155895816667, 0.00259826361111
173, 20.699365, 0.344989416667, 0.00574982361111
174, 10.600668, 0.1766778, 0.00294463
175, 9.795496, 0.163258266667, 0.00272097111111
176, 9.905556, 0.1650926, 0.00275154333333
177, 8.425449, 0.14042415, 0.0023404025
178, 14.538574, 0.242309566667, 0.00403849277778
179, 8.449433, 0.140823883333, 0.00234706472222
180, 11.82012, 0.197002, 0.00328336666667
181, 10.087488, 0.1681248, 0.00280208
182, 8.86215, 0.1477025, 0.00246170833333
183, 8.000355, 0.13333925, 0.00222232083333
184, 8.255241, 0.13758735, 0.0022931225
185, 10.057561, 0.167626016667, 0.00279376694444
186, 8.446703, 0.140778383333, 0.00234630638889
187, 9.88276, 0.164712666667, 0.00274521111111
188, 34.799919, 0.57999865, 0.00966664416667
189, 12.227897, 0.203798283333, 0.00339663805556
190, 8.488179, 0.14146965, 0.0023578275
191, 12.57828, 0.209638, 0.00349396666667
192, 12.607599, 0.21012665, 0.00350211083333
193, 8.023684, 0.133728066667, 0.00222880111111
194, 9.346943, 0.155782383333, 0.00259637305556
195, 9.280133, 0.154668883333, 0.00257781472222
196, 13.851539, 0.230858983333, 0.00384764972222
197, 14.8453, 0.247421666667, 0.00412369444444
198, 8.748479, 0.145807983333, 0.00243013305556
199, 9.119344, 0.151989066667, 0.00253315111111
200, 7.879361, 0.131322683333, 0.00218871138889
