004, 76.911478, 1.28185796667, 0.0213642994444
005, 152.13342, 2.535557, 0.0422592833333
006, 77.136274, 1.28560456667, 0.0214267427778
007, 76.189327, 1.26982211667, 0.0211637019444
008, 77.718688, 1.29531146667, 0.0215885244444
009, 78.04559, 1.30075983333, 0.0216793305556
010, 75.759227, 1.26265378333, 0.0210442297222
011, 156.737596, 2.61229326667, 0.0435382211111
012, 75.961729, 1.26602881667, 0.0211004802778
013, 77.488609, 1.29147681667, 0.0215246136111
014, 76.215271, 1.27025451667, 0.0211709086111
015, 99.126506, 1.65210843333, 0.0275351405556
016, 101.936516, 1.69894193333, 0.0283156988889
017, 159.905622, 2.6650937, 0.0444182283333
018, 76.512192, 1.2752032, 0.0212533866667
019, 81.265172, 1.35441953333, 0.0225736588889
020, 102.430639, 1.70717731667, 0.0284529552778
021, 77.830647, 1.29717745, 0.0216196241667
022, 82.962474, 1.3827079, 0.0230451316667
023, 127.33529, 2.12225483333, 0.0353709138889
024, 134.319558, 2.2386593, 0.0373109883333
025, 87.281434, 1.45469056667, 0.0242448427778
026, 151.115089, 2.51858481667, 0.0419764136111
027, 76.300914, 1.2716819, 0.0211946983333
028, 77.305956, 1.2884326, 0.0214738766667
029, 76.529591, 1.27549318333, 0.0212582197222
030, 82.147014, 1.3691169, 0.022818615
031, 93.731723, 1.56219538333, 0.0260365897222
032, 126.14587, 2.10243116667, 0.0350405194444
033, 99.352017, 1.65586695, 0.0275977825
034, 116.977078, 1.94961796667, 0.0324936327778
035, 145.999564, 2.43332606667, 0.0405554344444
036, 105.98098, 1.76634966667, 0.0294391611111
037, 82.900378, 1.38167296667, 0.0230278827778
038, 76.923544, 1.28205906667, 0.0213676511111
039, 79.194058, 1.31990096667, 0.0219983494444
040, 80.843253, 1.34738755, 0.0224564591667
041, 137.337592, 2.28895986667, 0.0381493311111
042, 81.932332, 1.36553886667, 0.0227589811111
043, 106.668025, 1.77780041667, 0.0296300069444
044, 85.24736, 1.42078933333, 0.0236798222222
045, 77.823677, 1.29706128333, 0.0216176880556
046, 76.719745, 1.27866241667, 0.0213110402778
047, 79.600305, 1.32667175, 0.0221111958333
048, 82.935351, 1.38225585, 0.0230375975
049, 86.525781, 1.44209635, 0.0240349391667
050, 83.523061, 1.39205101667, 0.0232008502778
051, 78.69206, 1.31153433333, 0.0218589055556
052, 78.167878, 1.30279796667, 0.0217132994444
053, 81.590562, 1.3598427, 0.022664045
054, 97.279542, 1.6213257, 0.027022095
055, 95.597259, 1.59328765, 0.0265547941667
056, 78.005452, 1.30009086667, 0.0216681811111
057, 163.988187, 2.73313645, 0.0455522741667
058, 77.18915, 1.28648583333, 0.0214414305556
059, 77.366464, 1.28944106667, 0.0214906844444
060, 88.370664, 1.4728444, 0.0245474066667
061, 115.420645, 1.92367741667, 0.0320612902778
062, 75.982393, 1.26637321667, 0.0211062202778
063, 77.187423, 1.28645705, 0.0214409508333
064, 90.440151, 1.50733585, 0.0251222641667
065, 82.122965, 1.36871608333, 0.0228119347222
066, 77.92041, 1.2986735, 0.0216445583333
067, 130.629245, 2.17715408333, 0.0362859013889
068, 92.210235, 1.53683725, 0.0256139541667
069, 98.063288, 1.63438813333, 0.0272398022222
070, 82.394466, 1.3732411, 0.0228873516667
071, 82.263212, 1.37105353333, 0.0228508922222
072, 96.318597, 1.60530995, 0.0267551658333
073, 76.365765, 1.27276275, 0.0212127125
074, 126.076048, 2.10126746667, 0.0350211244444
075, 84.979258, 1.41632096667, 0.0236053494444
076, 77.616192, 1.2936032, 0.0215600533333
077, 91.719427, 1.52865711667, 0.0254776186111
078, 80.075513, 1.33459188333, 0.0222431980556
079, 139.568541, 2.32614235, 0.0387690391667
080, 82.532274, 1.3755379, 0.0229256316667
081, 92.475303, 1.54125505, 0.0256875841667
082, 132.467011, 2.20778351667, 0.0367963919444
083, 85.369817, 1.42283028333, 0.0237138380556
084, 76.011137, 1.26685228333, 0.0211142047222
085, 92.55649, 1.54260816667, 0.0257101361111
086, 83.661014, 1.39435023333, 0.0232391705556
087, 84.451619, 1.40752698333, 0.0234587830556
088, 104.251763, 1.73752938333, 0.0289588230556
089, 76.336171, 1.27226951667, 0.0212044919444
090, 76.862179, 1.28103631667, 0.0213506052778
091, 94.639043, 1.57731738333, 0.0262886230556
092, 75.675887, 1.26126478333, 0.0210210797222
093, 75.911176, 1.26518626667, 0.0210864377778
094, 77.07359, 1.28455983333, 0.0214093305556
095, 76.359754, 1.27266256667, 0.0212110427778
096, 101.52409, 1.69206816667, 0.0282011361111
097, 88.797662, 1.47996103333, 0.0246660172222
098, 79.995341, 1.33325568333, 0.0222209280556
099, 77.119927, 1.28533211667, 0.0214222019444
100, 83.307054, 1.3884509, 0.0231408483333
101, 76.170862, 1.26951436667, 0.0211585727778
102, 76.373168, 1.27288613333, 0.0212147688889
103, 76.140853, 1.26901421667, 0.0211502369444
104, 75.974492, 1.26624153333, 0.0211040255556
105, 76.057819, 1.26763031667, 0.0211271719444
106, 76.075473, 1.26792455, 0.0211320758333
107, 92.027161, 1.53378601667, 0.0255631002778
108, 139.196996, 2.31994993333, 0.0386658322222
109, 102.832441, 1.71387401667, 0.0285645669444
110, 88.879365, 1.48132275, 0.0246887125
111, 75.720736, 1.26201226667, 0.0210335377778
112, 78.282501, 1.30470835, 0.0217451391667
113, 75.830709, 1.26384515, 0.0210640858333
114, 77.359207, 1.28932011667, 0.0214886686111
115, 96.581149, 1.60968581667, 0.0268280969444
116, 110.612272, 1.84353786667, 0.0307256311111
117, 76.655876, 1.27759793333, 0.0212932988889
118, 103.359363, 1.72265605, 0.0287109341667
119, 86.397628, 1.43996046667, 0.0239993411111
120, 77.329747, 1.28882911667, 0.0214804852778
121, 78.28441, 1.30474016667, 0.0217456694444
122, 99.641921, 1.66069868333, 0.0276783113889
123, 76.379803, 1.27299671667, 0.0212166119444
124, 256.779677, 4.27966128333, 0.0713276880556
125, 96.356337, 1.60593895, 0.0267656491667
126, 77.777643, 1.29629405, 0.0216049008333
127, 67.347542, 1.12245903333, 0.0187076505556
128, 101.564451, 1.69274085, 0.0282123475
129, 119.671826, 1.99453043333, 0.0332421738889
130, 64.971195, 1.08285325, 0.0180475541667
131, 65.055549, 1.08425915, 0.0180709858333
132, 71.459932, 1.19099886667, 0.0198499811111
133, 65.202121, 1.08670201667, 0.0181117002778
134, 102.701738, 1.71169563333, 0.0285282605556
135, 69.274669, 1.15457781667, 0.0192429636111
136, 69.049268, 1.15082113333, 0.0191803522222
137, 88.686004, 1.47810006667, 0.0246350011111
138, 74.15052, 1.235842, 0.0205973666667
139, 68.729755, 1.14549591667, 0.0190915986111
140, 73.829409, 1.23049015, 0.0205081691667
141, 70.983737, 1.18306228333, 0.0197177047222
142, 86.639769, 1.44399615, 0.0240666025
143, 109.161085, 1.81935141667, 0.0303225236111
144, 105.995278, 1.76658796667, 0.0294431327778
145, 76.836774, 1.2806129, 0.0213435483333
146, 79.30325, 1.32172083333, 0.0220286805556
147, 65.008012, 1.08346686667, 0.0180577811111
148, 65.887259, 1.09812098333, 0.0183020163889
149, 130.655462, 2.17759103333, 0.0362931838889
150, 65.868349, 1.09780581667, 0.0182967636111
151, 230.376439, 3.83960731667, 0.0639934552778
152, 66.393699, 1.10656165, 0.0184426941667
153, 65.562141, 1.09270235, 0.0182117058333
154, 73.965054, 1.2327509, 0.0205458483333
155, 79.01866, 1.31697766667, 0.0219496277778
156, 102.895142, 1.71491903333, 0.0285819838889
157, 69.83462, 1.16391033333, 0.0193985055556
158, 194.786907, 3.24644845, 0.0541074741667
159, 74.200933, 1.23668221667, 0.0206113702778
160, 114.670762, 1.91117936667, 0.0318529894444
161, 65.362629, 1.08937715, 0.0181562858333
162, 68.436287, 1.14060478333, 0.0190100797222
163, 65.177974, 1.08629956667, 0.0181049927778
164, 95.829996, 1.5971666, 0.0266194433333
165, 219.930171, 3.66550285, 0.0610917141667
166, 65.515058, 1.09191763333, 0.0181986272222
167, 65.00346, 1.083391, 0.0180565166667
168, 162.234076, 2.70390126667, 0.0450650211111
169, 80.426184, 1.3404364, 0.0223406066667
170, 90.129765, 1.50216275, 0.0250360458333
171, 65.724189, 1.09540315, 0.0182567191667
172, 65.987359, 1.09978931667, 0.0183298219444
173, 83.114202, 1.3852367, 0.0230872783333
174, 65.788042, 1.09646736667, 0.0182744561111
175, 67.166785, 1.11944641667, 0.0186574402778
176, 65.495047, 1.09158411667, 0.0181930686111
177, 65.085805, 1.08476341667, 0.0180793902778
178, 65.257085, 1.08761808333, 0.0181269680556
179, 65.65774, 1.09429566667, 0.0182382611111
180, 71.594187, 1.19323645, 0.0198872741667
181, 97.625801, 1.62709668333, 0.0271182780556
182, 65.532227, 1.09220378333, 0.0182033963889
183, 65.447705, 1.09079508333, 0.0181799180556
184, 65.460922, 1.09101536667, 0.0181835894444
185, 115.838246, 1.93063743333, 0.0321772905556
186, 121.041903, 2.01736505, 0.0336227508333
187, 81.174842, 1.35291403333, 0.0225485672222
188, 80.383857, 1.33973095, 0.0223288491667
189, 65.879319, 1.09798865, 0.0182998108333
190, 65.179222, 1.08632036667, 0.0181053394444
191, 65.451415, 1.09085691667, 0.0181809486111
192, 88.877035, 1.48128391667, 0.0246880652778
193, 73.531718, 1.22552863333, 0.0204254772222
194, 160.993365, 2.68322275, 0.0447203791667
195, 71.162426, 1.18604043333, 0.0197673405556
196, 65.797541, 1.09662568333, 0.0182770947222
197, 66.783519, 1.11305865, 0.0185509775
198, 74.396665, 1.23994441667, 0.0206657402778
199, 66.456717, 1.10761195, 0.0184601991667
200, 120.164454, 2.0027409, 0.033379015
