1, 127
2, 88
3, 38
4, 42
5, 99
6, 37
7, 48
8, 48
9, 40
10, 189
11, 50
12, 82
13, 40
14, 95
15, 171
16, 503
17, 66
18, 53
19, 38
20, 155
21, 55
22, 42
23, 259
24, 186
25, 70
26, 38
27, 57
28, 126
29, 52
30, 66
31, 54
32, 83
33, 38
34, 39
35, 244
36, 52
37, 99
38, 91
39, 39
40, 71
41, 60
42, 62
43, 56
44, 40
45, 75
46, 37
47, 53
48, 131
49, 191
50, 52
51, 170
52, 82
53, 213
54, 39
55, 78
56, 76
57, 252
58, 44
59, 42
60, 56
61, 95
62, 44
63, 87
64, 47
65, 46
66, 52
67, 41
68, 51
69, 47
70, 104
71, 299
72, 46
73, 84
74, 98
75, 73
76, 84
77, 91
78, 92
79, 53
80, 400
81, 54
82, 131
83, 39
84, 41
85, 121
86, 53
87, 164
88, 51
89, 185
90, 102
91, 365
92, 122
93, 39
94, 47
95, 195
96, 37
97, 98
98, 62
99, 123
100, 44
101, 62
102, 39
103, 60
104, 44
105, 47
106, 85
107, 44
108, 58
109, 54
110, 51
111, 69
112, 41
113, 76
114, 77
115, 39
116, 92
117, 39
118, 37
119, 46
120, 38
121, 108
122, 51
123, 73
124, 49
125, 41
126, 74
127, 37
128, 58
129, 57
130, 75
131, 46
132, 41
133, 38
134, 181
135, 102
136, 101
137, 178
138, 122
139, 63
140, 42
141, 96
142, 45
143, 43
144, 53
145, 83
146, 44
147, 67
148, 71
149, 64
150, 66
151, 42
152, 69
153, 75
154, 60
155, 54
156, 49
157, 167
158, 208
159, 111
160, 95
161, 48
162, 143
163, 131
164, 521
165, 96
166, 41
167, 41
168, 252
169, 68
170, 63
171, 62
172, 60
173, 38
174, 67
175, 67
176, 137
177, 69
178, 57
179, 140
180, 85
181, 87
182, 65
183, 75
184, 181
185, 118
186, 104
187, 114
188, 175
189, 266
190, 147
