1, 134
2, 53
3, 128
4, 46
5, 63
6, 83
7, 69
8, 106
9, 112
10, 87
11, 120
12, 100
13, 205
14, 44
15, 53
16, 44
17, 50
18, 140
19, 46
20, 101
21, 61
22, 44
23, 62
24, 55
25, 183
26, 63
27, 43
28, 58
29, 50
30, 43
31, 48
32, 47
33, 62
34, 139
35, 44
36, 55
37, 52
38, 90
39, 50
40, 127
41, 44
42, 55
43, 46
44, 100
45, 128
46, 52
47, 153
48, 77
49, 61
50, 158
51, 50
52, 51
53, 49
54, 44
55, 74
56, 43
57, 62
58, 111
59, 123
60, 63
61, 78
62, 51
63, 44
64, 71
65, 64
66, 50
67, 43
68, 86
69, 62
70, 49
71, 110
72, 60
73, 65
74, 48
75, 68
76, 149
77, 159
78, 57
79, 96
80, 81
81, 45
82, 60
83, 45
84, 57
85, 69
86, 78
87, 167
88, 77
89, 57
90, 64
91, 43
92, 81
93, 101
94, 75
95, 73
96, 79
97, 81
98, 88
99, 64
100, 103
101, 52
102, 53
103, 363
104, 43
105, 141
106, 51
107, 55
108, 54
109, 51
110, 43
111, 47
112, 69
113, 66
114, 53
115, 44
116, 89
117, 43
118, 89
119, 58
120, 78
121, 59
122, 75
123, 68
124, 44
125, 57
126, 54
127, 58
128, 50
129, 91
130, 86
131, 102
132, 58
133, 62
134, 86
135, 51
136, 231
137, 105
138, 59
139, 97
140, 135
141, 69
142, 58
143, 74
144, 91
145, 297
146, 102
147, 70
148, 61
149, 67
150, 120
151, 78
152, 45
153, 59
154, 43
155, 44
156, 51
157, 49
158, 74
159, 68
160, 45
161, 98
162, 43
163, 63
164, 138
165, 43
166, 71
167, 70
168, 172
169, 43
170, 69
171, 44
172, 112
173, 62
174, 61
175, 43
176, 90
177, 44
178, 55
179, 63
180, 43
181, 45
182, 67
183, 49
184, 76
185, 82
186, 45
187, 51
188, 142
189, 48
190, 66
