1, 146
2, 52
3, 152
4, 47
5, 81
6, 86
7, 66
8, 100
9, 115
10, 98
11, 139
12, 101
13, 232
14, 44
15, 58
16, 40
17, 50
18, 147
19, 42
20, 118
21, 62
22, 42
23, 71
24, 55
25, 209
26, 62
27, 38
28, 60
29, 46
30, 39
31, 47
32, 46
33, 63
34, 150
35, 40
36, 54
37, 53
38, 101
39, 48
40, 122
41, 39
42, 54
43, 44
44, 117
45, 136
46, 52
47, 173
48, 94
49, 57
50, 179
51, 52
52, 53
53, 44
54, 40
55, 86
56, 39
57, 58
58, 124
59, 93
60, 60
61, 86
62, 48
63, 42
64, 76
65, 62
66, 50
67, 39
68, 86
69, 57
70, 55
71, 109
72, 60
73, 65
74, 45
75, 65
76, 152
77, 183
78, 56
79, 100
80, 95
81, 41
82, 63
83, 41
84, 54
85, 70
86, 79
87, 191
88, 81
89, 59
90, 77
91, 39
92, 95
93, 99
94, 76
95, 76
96, 80
97, 78
98, 107
99, 69
100, 105
101, 51
102, 56
103, 405
104, 39
105, 147
106, 54
107, 50
108, 58
109, 47
110, 39
111, 51
112, 74
113, 67
114, 50
115, 40
116, 90
117, 39
118, 89
119, 54
120, 87
121, 67
122, 78
123, 66
124, 40
125, 55
126, 57
127, 56
128, 52
129, 91
130, 98
131, 117
132, 56
133, 73
134, 87
135, 53
136, 246
137, 100
138, 57
139, 104
140, 154
141, 68
142, 61
143, 76
144, 109
145, 341
146, 116
147, 78
148, 61
149, 70
150, 150
151, 84
152, 42
153, 57
154, 38
155, 41
156, 56
157, 45
158, 75
159, 73
160, 42
161, 111
162, 39
163, 59
164, 153
165, 39
166, 80
167, 71
168, 176
169, 38
170, 80
171, 39
172, 130
173, 62
174, 59
175, 41
176, 88
177, 39
178, 57
179, 66
180, 39
181, 42
182, 67
183, 46
184, 76
185, 68
186, 43
187, 50
188, 148
189, 45
190, 63
