1, 109
2, 91
3, 46
4, 49
5, 70
6, 46
7, 46
8, 50
9, 47
10, 150
11, 55
12, 81
13, 46
14, 76
15, 141
16, 394
17, 62
18, 57
19, 46
20, 127
21, 53
22, 47
23, 323
24, 187
25, 68
26, 46
27, 63
28, 124
29, 45
30, 64
31, 60
32, 83
33, 46
34, 45
35, 199
36, 52
37, 95
38, 71
39, 47
40, 62
41, 62
42, 70
43, 53
44, 47
45, 55
46, 45
47, 55
48, 116
49, 114
50, 57
51, 156
52, 87
53, 168
54, 47
55, 75
56, 73
57, 202
58, 52
59, 49
60, 59
61, 79
62, 50
63, 84
64, 56
65, 54
66, 49
67, 49
68, 49
69, 54
70, 78
71, 234
72, 47
73, 76
74, 85
75, 75
76, 74
77, 74
78, 62
79, 57
80, 321
81, 48
82, 129
83, 47
84, 48
85, 106
86, 58
87, 133
88, 57
89, 150
90, 89
91, 298
92, 119
93, 45
94, 52
95, 169
96, 45
97, 97
98, 63
99, 93
100, 47
101, 54
102, 46
103, 57
104, 48
105, 48
106, 62
107, 49
108, 49
109, 60
110, 54
111, 74
112, 49
113, 78
114, 71
115, 47
116, 71
117, 46
118, 45
119, 52
120, 46
121, 83
122, 49
123, 67
124, 51
125, 49
126, 65
127, 46
128, 58
129, 64
130, 74
131, 52
132, 48
133, 46
134, 143
135, 94
136, 85
137, 138
138, 94
139, 62
140, 50
141, 88
142, 52
143, 46
144, 54
145, 60
146, 51
147, 67
148, 64
149, 66
150, 71
151, 49
152, 60
153, 74
154, 66
155, 54
156, 54
157, 122
158, 139
159, 89
160, 90
161, 46
162, 113
163, 127
164, 470
165, 97
166, 47
167, 46
168, 98
169, 53
170, 69
171, 60
172, 60
173, 46
174, 56
175, 58
176, 123
177, 71
178, 63
179, 102
180, 81
181, 72
182, 59
183, 77
184, 146
185, 100
186, 89
187, 108
188, 135
189, 217
190, 122
