1, 140
2, 52
3, 140
4, 45
5, 71
6, 84
7, 67
8, 115
9, 114
10, 92
11, 129
12, 95
13, 219
14, 43
15, 55
16, 42
17, 50
18, 139
19, 44
20, 110
21, 61
22, 42
23, 66
24, 55
25, 196
26, 60
27, 41
28, 59
29, 48
30, 41
31, 47
32, 47
33, 62
34, 145
35, 42
36, 54
37, 53
38, 96
39, 49
40, 130
41, 41
42, 54
43, 45
44, 108
45, 132
46, 52
47, 163
48, 85
49, 59
50, 168
51, 51
52, 51
53, 46
54, 42
55, 80
56, 41
57, 59
58, 118
59, 99
60, 62
61, 82
62, 49
63, 42
64, 74
65, 63
66, 49
67, 41
68, 86
69, 59
70, 52
71, 110
72, 59
73, 65
74, 46
75, 65
76, 149
77, 171
78, 55
79, 98
80, 88
81, 43
82, 63
83, 42
84, 55
85, 69
86, 78
87, 179
88, 80
89, 57
90, 71
91, 41
92, 88
93, 101
94, 77
95, 74
96, 79
97, 79
98, 98
99, 62
100, 104
101, 51
102, 53
103, 384
104, 41
105, 144
106, 53
107, 52
108, 55
109, 49
110, 41
111, 49
112, 71
113, 66
114, 51
115, 42
116, 89
117, 41
118, 88
119, 56
120, 83
121, 61
122, 76
123, 66
124, 42
125, 57
126, 55
127, 56
128, 52
129, 92
130, 92
131, 110
132, 57
133, 68
134, 87
135, 50
136, 238
137, 104
138, 58
139, 102
140, 145
141, 68
142, 59
143, 75
144, 100
145, 319
146, 109
147, 74
148, 62
149, 69
150, 135
151, 75
152, 43
153, 58
154, 40
155, 42
156, 54
157, 47
158, 75
159, 71
160, 43
161, 104
162, 41
163, 61
164, 146
165, 41
166, 75
167, 70
168, 172
169, 41
170, 74
171, 41
172, 121
173, 62
174, 59
175, 41
176, 88
177, 41
178, 55
179, 64
180, 41
181, 44
182, 67
183, 47
184, 77
185, 83
186, 44
187, 50
188, 140
189, 47
190, 64
