1, 137
2, 53
3, 134
4, 45
5, 66
6, 84
7, 68
8, 110
9, 113
10, 90
11, 124
12, 100
13, 212
14, 44
15, 53
16, 43
17, 50
18, 140
19, 45
20, 106
21, 61
22, 43
23, 64
24, 55
25, 190
26, 63
27, 42
28, 58
29, 49
30, 42
31, 48
32, 47
33, 62
34, 142
35, 43
36, 55
37, 53
38, 93
39, 50
40, 129
41, 42
42, 55
43, 46
44, 104
45, 130
46, 51
47, 158
48, 80
49, 60
50, 163
51, 50
52, 51
53, 47
54, 43
55, 77
56, 42
57, 60
58, 115
59, 140
60, 63
61, 80
62, 50
63, 43
64, 73
65, 64
66, 49
67, 42
68, 86
69, 61
70, 50
71, 110
72, 59
73, 65
74, 47
75, 66
76, 148
77, 165
78, 56
79, 97
80, 85
81, 44
82, 62
83, 44
84, 56
85, 69
86, 78
87, 173
88, 78
89, 57
90, 67
91, 42
92, 84
93, 101
94, 76
95, 73
96, 79
97, 80
98, 93
99, 64
100, 103
101, 51
102, 52
103, 373
104, 42
105, 142
106, 52
107, 53
108, 55
109, 50
110, 42
111, 48
112, 70
113, 66
114, 52
115, 43
116, 89
117, 42
118, 88
119, 57
120, 80
121, 59
122, 75
123, 67
124, 43
125, 57
126, 54
127, 57
128, 51
129, 92
130, 89
131, 106
132, 57
133, 65
134, 87
135, 51
136, 234
137, 105
138, 59
139, 100
140, 140
141, 68
142, 59
143, 75
144, 96
145, 308
146, 106
147, 72
148, 61
149, 68
150, 128
151, 78
152, 44
153, 59
154, 41
155, 43
156, 52
157, 48
158, 74
159, 70
160, 44
161, 101
162, 42
163, 62
164, 142
165, 42
166, 73
167, 70
168, 172
169, 42
170, 72
171, 42
172, 116
173, 62
174, 60
175, 42
176, 89
177, 42
178, 55
179, 64
180, 42
181, 44
182, 67
183, 47
184, 77
185, 83
186, 44
187, 51
188, 138
189, 47
190, 65
