1, 117
2, 89
3, 41
4, 44
5, 72
6, 41
7, 42
8, 48
9, 43
10, 172
11, 51
12, 81
13, 42
14, 78
15, 158
16, 456
17, 62
18, 54
19, 41
20, 144
21, 52
22, 43
23, 294
24, 188
25, 69
26, 41
27, 58
28, 128
29, 45
30, 64
31, 56
32, 80
33, 41
34, 40
35, 225
36, 52
37, 95
38, 78
39, 42
40, 66
41, 61
42, 65
43, 53
44, 43
45, 65
46, 40
47, 52
48, 117
49, 179
50, 54
51, 165
52, 83
53, 194
54, 42
55, 74
56, 74
57, 230
58, 47
59, 45
60, 56
61, 87
62, 46
63, 83
64, 50
65, 49
66, 50
67, 44
68, 48
69, 49
70, 93
71, 271
72, 45
73, 79
74, 93
75, 73
76, 83
77, 74
78, 80
79, 54
80, 365
81, 51
82, 130
83, 42
84, 44
85, 107
86, 55
87, 151
88, 53
89, 170
90, 96
91, 334
92, 122
93, 41
94, 48
95, 185
96, 40
97, 98
98, 62
99, 109
100, 44
101, 53
102, 41
103, 56
104, 45
105, 46
106, 75
107, 46
108, 53
109, 56
110, 51
111, 70
112, 44
113, 74
114, 73
115, 42
116, 86
117, 41
118, 40
119, 48
120, 41
121, 90
122, 49
123, 72
124, 49
125, 44
126, 69
127, 40
128, 56
129, 59
130, 75
131, 48
132, 43
133, 41
134, 162
135, 98
136, 91
137, 161
138, 110
139, 61
140, 45
141, 90
142, 47
143, 42
144, 52
145, 71
146, 46
147, 65
148, 68
149, 65
150, 68
151, 45
152, 66
153, 78
154, 62
155, 53
156, 50
157, 148
158, 182
159, 98
160, 92
161, 47
162, 130
163, 127
164, 502
165, 95
166, 43
167, 43
168, 252
169, 58
170, 65
171, 60
172, 60
173, 41
174, 61
175, 62
176, 120
177, 69
178, 59
179, 125
180, 83
181, 80
182, 63
183, 74
184, 166
185, 110
186, 97
187, 110
188, 159
189, 250
190, 138
