1, 111
2, 90
3, 43
4, 46
5, 73
6, 43
7, 43
8, 49
9, 44
10, 161
11, 53
12, 81
13, 44
14, 80
15, 149
16, 425
17, 63
18, 55
19, 43
20, 136
21, 53
22, 45
23, 292
24, 190
25, 68
26, 43
27, 60
28, 127
29, 43
30, 63
31, 57
32, 81
33, 44
34, 43
35, 212
36, 50
37, 93
38, 74
39, 44
40, 62
41, 61
42, 67
43, 51
44, 45
45, 58
46, 42
47, 53
48, 116
49, 132
50, 55
51, 161
52, 85
53, 181
54, 44
55, 75
56, 73
57, 216
58, 49
59, 47
60, 57
61, 82
62, 48
63, 85
64, 53
65, 51
66, 49
67, 46
68, 49
69, 51
70, 86
71, 252
72, 45
73, 77
74, 89
75, 74
76, 79
77, 77
78, 72
79, 55
80, 343
81, 49
82, 128
83, 44
84, 45
85, 106
86, 56
87, 142
88, 55
89, 160
90, 91
91, 316
92, 121
93, 43
94, 50
95, 178
96, 42
97, 98
98, 63
99, 101
100, 45
101, 52
102, 44
103, 57
104, 46
105, 45
106, 68
107, 47
108, 49
109, 58
110, 53
111, 72
112, 46
113, 77
114, 71
115, 44
116, 80
117, 43
118, 42
119, 49
120, 43
121, 79
122, 49
123, 70
124, 49
125, 47
126, 66
127, 43
128, 56
129, 61
130, 75
131, 50
132, 45
133, 44
134, 151
135, 96
136, 89
137, 149
138, 102
139, 61
140, 47
141, 86
142, 49
143, 44
144, 54
145, 61
146, 49
147, 66
148, 67
149, 66
150, 69
151, 47
152, 63
153, 76
154, 64
155, 54
156, 52
157, 135
158, 163
159, 91
160, 92
161, 46
162, 122
163, 126
164, 494
165, 95
166, 45
167, 44
168, 274
169, 52
170, 67
171, 58
172, 60
173, 43
174, 58
175, 58
176, 126
177, 67
178, 61
179, 114
180, 83
181, 76
182, 61
183, 76
184, 156
185, 105
186, 93
187, 109
188, 147
189, 231
190, 132
