1, 143
2, 52
3, 146
4, 46
5, 76
6, 85
7, 66
8, 101
9, 115
10, 95
11, 134
12, 96
13, 226
14, 43
15, 56
16, 40
17, 50
18, 142
19, 43
20, 114
21, 61
22, 42
23, 69
24, 55
25, 203
26, 61
27, 39
28, 59
29, 47
30, 40
31, 47
32, 47
33, 63
34, 148
35, 41
36, 54
37, 53
38, 99
39, 48
40, 129
41, 40
42, 54
43, 45
44, 112
45, 134
46, 52
47, 168
48, 90
49, 58
50, 174
51, 51
52, 52
53, 45
54, 41
55, 83
56, 40
57, 59
58, 121
59, 95
60, 61
61, 84
62, 48
63, 41
64, 76
65, 62
66, 50
67, 40
68, 86
69, 58
70, 54
71, 109
72, 59
73, 65
74, 45
75, 65
76, 150
77, 177
78, 55
79, 99
80, 91
81, 42
82, 64
83, 42
84, 55
85, 69
86, 78
87, 185
88, 81
89, 58
90, 74
91, 40
92, 92
93, 100
94, 75
95, 75
96, 79
97, 78
98, 103
99, 65
100, 105
101, 51
102, 54
103, 394
104, 40
105, 145
106, 54
107, 51
108, 56
109, 48
110, 40
111, 50
112, 72
113, 67
114, 51
115, 41
116, 90
117, 40
118, 88
119, 55
120, 85
121, 64
122, 77
123, 65
124, 41
125, 57
126, 56
127, 56
128, 53
129, 91
130, 95
131, 114
132, 56
133, 71
134, 87
135, 51
136, 242
137, 102
138, 57
139, 103
140, 150
141, 67
142, 60
143, 74
144, 105
145, 330
146, 113
147, 76
148, 62
149, 69
150, 143
151, 65
152, 43
153, 57
154, 39
155, 41
156, 55
157, 46
158, 75
159, 72
160, 42
161, 107
162, 40
163, 60
164, 150
165, 40
166, 78
167, 70
168, 173
169, 40
170, 77
171, 40
172, 125
173, 62
174, 59
175, 41
176, 88
177, 40
178, 56
179, 65
180, 40
181, 43
182, 67
183, 47
184, 77
185, 81
186, 43
187, 50
188, 144
189, 46
190, 63
