1, 114
2, 90
3, 42
4, 45
5, 76
6, 42
7, 42
8, 48
9, 44
10, 166
11, 52
12, 81
13, 43
14, 81
15, 154
16, 440
17, 63
18, 54
19, 42
20, 140
21, 52
22, 44
23, 290
24, 190
25, 69
26, 42
27, 59
28, 128
29, 43
30, 63
31, 56
32, 80
33, 43
34, 42
35, 218
36, 51
37, 94
38, 74
39, 43
40, 64
41, 61
42, 66
43, 52
44, 44
45, 62
46, 41
47, 52
48, 114
49, 181
50, 54
51, 164
52, 84
53, 187
54, 43
55, 72
56, 73
57, 223
58, 48
59, 46
60, 56
61, 85
62, 47
63, 85
64, 51
65, 50
66, 49
67, 45
68, 48
69, 50
70, 89
71, 261
72, 45
73, 78
74, 91
75, 74
76, 81
77, 76
78, 76
79, 54
80, 354
81, 50
82, 129
83, 43
84, 44
85, 107
86, 55
87, 146
88, 54
89, 165
90, 93
91, 325
92, 122
93, 42
94, 49
95, 182
96, 41
97, 98
98, 63
99, 105
100, 44
101, 52
102, 43
103, 56
104, 46
105, 45
106, 72
107, 46
108, 51
109, 57
110, 52
111, 71
112, 45
113, 76
114, 72
115, 43
116, 83
117, 42
118, 41
119, 48
120, 42
121, 81
122, 49
123, 71
124, 49
125, 45
126, 68
127, 42
128, 56
129, 60
130, 75
131, 49
132, 44
133, 42
134, 157
135, 96
136, 90
137, 155
138, 106
139, 61
140, 46
141, 87
142, 48
143, 43
144, 53
145, 67
146, 47
147, 66
148, 67
149, 66
150, 68
151, 46
152, 65
153, 77
154, 63
155, 52
156, 51
157, 142
158, 173
159, 94
160, 92
161, 46
162, 126
163, 126
164, 498
165, 94
166, 43
167, 43
168, 256
169, 55
170, 66
171, 59
172, 60
173, 42
174, 60
175, 60
176, 125
177, 67
178, 60
179, 120
180, 83
181, 78
182, 62
183, 75
184, 161
185, 107
186, 95
187, 109
188, 153
189, 240
190, 136
