1, 120
2, 89
3, 39
4, 43
5, 86
6, 39
7, 43
8, 48
9, 42
10, 177
11, 51
12, 81
13, 41
14, 83
15, 163
16, 471
17, 62
18, 53
19, 40
20, 148
21, 52
22, 43
23, 319
24, 183
25, 69
26, 40
27, 58
28, 128
29, 47
30, 65
31, 55
32, 81
33, 40
34, 40
35, 231
36, 52
37, 97
38, 83
39, 41
40, 68
41, 60
42, 64
43, 54
44, 42
45, 69
46, 39
47, 52
48, 121
49, 182
50, 53
51, 167
52, 83
53, 200
54, 41
55, 76
56, 75
57, 237
58, 46
59, 44
60, 56
61, 90
62, 45
63, 83
64, 49
65, 48
66, 50
67, 43
68, 49
69, 49
70, 96
71, 280
72, 45
73, 80
74, 95
75, 72
76, 83
77, 79
78, 84
79, 53
80, 377
81, 51
82, 131
83, 41
84, 42
85, 112
86, 54
87, 155
88, 52
89, 175
90, 98
91, 344
92, 121
93, 40
94, 48
95, 189
96, 39
97, 98
98, 61
99, 114
100, 43
101, 56
102, 41
103, 57
104, 44
105, 45
106, 78
107, 45
108, 55
109, 56
110, 51
111, 70
112, 43
113, 74
114, 74
115, 41
116, 89
117, 40
118, 39
119, 47
120, 40
121, 97
122, 49
123, 73
124, 50
125, 43
126, 71
127, 39
128, 57
129, 58
130, 74
131, 47
132, 42
133, 40
134, 169
135, 99
136, 94
137, 166
138, 114
139, 62
140, 44
141, 92
142, 46
143, 42
144, 52
145, 75
146, 45
147, 65
148, 69
149, 65
150, 67
151, 44
152, 67
153, 78
154, 61
155, 54
156, 50
157, 154
158, 191
159, 102
160, 93
161, 47
162, 135
163, 129
164, 507
165, 95
166, 43
167, 42
168, 252
169, 62
170, 64
171, 61
172, 59
173, 40
174, 63
175, 63
176, 85
177, 69
178, 58
179, 130
180, 83
181, 80
182, 63
183, 74
184, 171
185, 112
186, 99
187, 111
188, 164
189, 266
190, 140
