1, 134
2, 53
3, 114
4, 48
5, 63
6, 82
7, 71
8, 98
9, 111
10, 81
11, 110
12, 97
13, 192
14, 45
15, 54
16, 47
17, 51
18, 137
19, 49
20, 92
21, 60
22, 46
23, 59
24, 56
25, 171
26, 62
27, 46
28, 57
29, 53
30, 46
31, 49
32, 49
33, 63
34, 133
35, 47
36, 58
37, 52
38, 87
39, 52
40, 120
41, 46
42, 56
43, 48
44, 92
45, 125
46, 54
47, 142
48, 80
49, 64
50, 149
51, 51
52, 53
53, 51
54, 47
55, 67
56, 46
57, 64
58, 105
59, 110
60, 66
61, 74
62, 53
63, 47
64, 70
65, 66
66, 52
67, 46
68, 84
69, 65
70, 51
71, 112
72, 61
73, 65
74, 50
75, 69
76, 158
77, 147
78, 58
79, 93
80, 75
81, 47
82, 56
83, 47
84, 59
85, 68
86, 78
87, 156
88, 72
89, 56
90, 52
91, 46
92, 73
93, 101
94, 74
95, 73
96, 80
97, 81
98, 80
99, 65
100, 102
101, 54
102, 54
103, 344
104, 46
105, 140
106, 51
107, 58
108, 52
109, 54
110, 46
111, 50
112, 68
113, 65
114, 55
115, 47
116, 91
117, 46
118, 89
119, 61
120, 75
121, 60
122, 76
123, 70
124, 47
125, 59
126, 54
127, 59
128, 53
129, 89
130, 80
131, 95
132, 60
133, 56
134, 85
135, 53
136, 225
137, 104
138, 60
139, 93
140, 118
141, 69
142, 58
143, 71
144, 81
145, 275
146, 96
147, 67
148, 62
149, 64
150, 108
151, 74
152, 48
153, 61
154, 45
155, 47
156, 49
157, 52
158, 75
159, 69
160, 47
161, 91
162, 46
163, 66
164, 138
165, 46
166, 68
167, 68
168, 170
169, 46
170, 65
171, 46
172, 102
173, 63
174, 63
175, 45
176, 92
177, 46
178, 54
179, 62
180, 46
181, 48
182, 66
183, 51
184, 79
185, 77
186, 48
187, 52
188, 123
189, 50
190, 68
