1, 150
2, 53
3, 158
4, 48
5, 86
6, 86
7, 65
8, 101
9, 114
10, 100
11, 144
12, 106
13, 239
14, 45
15, 60
16, 39
17, 50
18, 153
19, 41
20, 123
21, 63
22, 41
23, 73
24, 55
25, 216
26, 64
27, 37
28, 60
29, 45
30, 38
31, 47
32, 46
33, 63
34, 152
35, 39
36, 53
37, 54
38, 104
39, 47
40, 70
41, 38
42, 54
43, 44
44, 122
45, 138
46, 51
47, 178
48, 99
49, 57
50, 184
51, 53
52, 54
53, 43
54, 39
55, 89
56, 39
57, 57
58, 126
59, 92
60, 59
61, 88
62, 47
63, 44
64, 77
65, 62
66, 50
67, 38
68, 87
69, 56
70, 57
71, 109
72, 60
73, 66
74, 44
75, 64
76, 154
77, 192
78, 56
79, 102
80, 99
81, 40
82, 66
83, 40
84, 54
85, 72
86, 80
87, 197
88, 80
89, 60
90, 80
91, 38
92, 99
93, 98
94, 80
95, 78
96, 80
97, 78
98, 112
99, 72
100, 104
101, 51
102, 56
103, 416
104, 38
105, 149
106, 56
107, 49
108, 59
109, 47
110, 38
111, 52
112, 75
113, 68
114, 50
115, 39
116, 90
117, 38
118, 90
119, 53
120, 90
121, 69
122, 80
123, 66
124, 40
125, 55
126, 58
127, 56
128, 52
129, 92
130, 101
131, 121
132, 56
133, 76
134, 86
135, 55
136, 250
137, 101
138, 57
139, 105
140, 159
141, 69
142, 62
143, 80
144, 113
145, 352
146, 120
147, 79
148, 61
149, 72
150, 157
151, 92
152, 41
153, 57
154, 38
155, 40
156, 56
157, 44
158, 76
159, 74
160, 42
161, 114
162, 38
163, 59
164, 157
165, 38
166, 82
167, 72
168, 178
169, 37
170, 83
171, 38
172, 134
173, 63
174, 58
175, 41
176, 89
177, 38
178, 58
179, 67
180, 38
181, 41
182, 68
183, 46
184, 76
185, 83
186, 42
187, 50
188, 152
189, 44
190, 63
