1, 349
2, 185
3, 138
4, 133
5, 302
6, 139
7, 135
8, 182
9, 140
10, 217
11, 190
12, 142
13, 179
14, 214
15, 236
16, 328
17, 143
18, 481
19, 340
20, 327
21, 222
22, 149
23, 1528
24, 145
25, 157
26, 199
27, 180
28, 120
29, 287
30, 123
31, 168
32, 128
33, 160
34, 145
35, 129
36, 154
37, 135
38, 125
39, 137
40, 147
41, 181
42, 149
43, 409
44, 141
45, 230
46, 159
47, 184
48, 210
49, 146
50, 237
51, 402
52, 397
53, 127
54, 139
55, 565
56, 158
57, 156
58, 192
59, 155
60, 381
61, 185
62, 448
63, 219
64, 321
65, 193
66, 138
67, 127
68, 146
69, 142
70, 139
71, 174
72, 148
73, 241
74, 282
75, 248
76, 125
77, 194
78, 250
79, 123
80, 153
81, 134
82, 183
83, 150
84, 244
85, 147
86, 138
87, 146
88, 161
89, 143
90, 180
91, 621
92, 208
93, 206
94, 147
95, 303
96, 137
97, 160
98, 706
99, 132
100, 134
101, 207
102, 155
103, 148
104, 154
105, 146
106, 166
107, 153
108, 280
109, 200
110, 154
111, 142
112, 143
113, 137
114, 142
115, 131
116, 152
117, 137
118, 176
119, 142
120, 183
121, 276
122, 183
123, 264
124, 145
125, 452
126, 142
127, 343
128, 304
129, 271
130, 337
131, 172
132, 237
133, 215
134, 391
135, 171
136, 145
137, 136
138, 248
139, 158
140, 143
141, 142
142, 148
143, 134
144, 154
145, 233
146, 168
147, 348
148, 157
149, 255
150, 147
