1, 262
2, 163
3, 241
4, 172
5, 255
6, 266
7, 246
8, 265
9, 543
10, 146
11, 322
12, 177
13, 215
14, 193
15, 162
16, 152
17, 236
18, 225
19, 138
20, 151
21, 126
22, 134
23, 174
24, 169
25, 473
26, 458
27, 353
28, 144
29, 147
30, 136
31, 141
32, 140
33, 135
34, 133
35, 205
36, 832
37, 171
38, 167
39, 192
40, 277
41, 154
42, 252
43, 143
44, 311
45, 175
46, 275
47, 144
48, 243
49, 154
50, 1936
51, 132
52, 135
53, 310
54, 129
55, 142
56, 126
57, 141
58, 262
59, 227
60, 379
61, 431
62, 133
63, 232
64, 154
65, 185
66, 150
67, 183
68, 158
69, 179
70, 212
71, 970
72, 134
73, 136
74, 263
75, 230
76, 179
77, 138
78, 156
79, 157
80, 134
81, 138
82, 133
83, 149
84, 586
85, 195
86, 1185
87, 155
88, 226
89, 126
90, 146
91, 147
92, 191
93, 273
94, 203
95, 215
96, 5419
97, 216
98, 459
99, 144
100, 275
101, 375
102, 134
103, 414
104, 171
105, 165
106, 147
107, 342
108, 218
109, 140
110, 319
111, 174
112, 661
113, 352
114, 400
115, 233
116, 169
117, 202
118, 425
119, 186
120, 138
121, 145
122, 247
123, 143
124, 129
125, 143
126, 166
127, 246
128, 177
129, 412
130, 261
131, 135
132, 126
133, 181
134, 414
135, 141
136, 159
137, 147
138, 138
139, 140
140, 150
141, 151
142, 125
143, 151
144, 138
145, 143
146, 320
147, 143
148, 154
149, 124
150, 169
