1, 334
2, 187
3, 144
4, 139
5, 293
6, 156
7, 147
8, 187
9, 155
10, 209
11, 187
12, 154
13, 165
14, 219
15, 227
16, 319
17, 145
18, 532
19, 415
20, 327
21, 210
22, 144
23, 1423
24, 156
25, 171
26, 197
27, 176
28, 127
29, 274
30, 133
31, 182
32, 136
33, 177
34, 159
35, 141
36, 168
37, 149
38, 129
39, 145
40, 160
41, 180
42, 166
43, 403
44, 149
45, 224
46, 157
47, 172
48, 196
49, 160
50, 229
51, 391
52, 381
53, 137
54, 153
55, 540
56, 176
57, 168
58, 187
59, 172
60, 362
61, 175
62, 432
63, 166
64, 315
65, 152
66, 152
67, 138
68, 160
69, 153
70, 151
71, 168
72, 148
73, 242
74, 267
75, 245
76, 132
77, 190
78, 249
79, 131
80, 169
81, 148
82, 172
83, 148
84, 234
85, 160
86, 150
87, 160
88, 168
89, 156
90, 177
91, 652
92, 208
93, 197
94, 158
95, 296
96, 152
97, 158
98, 675
99, 143
100, 149
101, 190
102, 171
103, 162
104, 171
105, 155
106, 165
107, 170
108, 257
109, 192
110, 170
111, 155
112, 160
113, 150
114, 152
115, 143
116, 146
117, 150
118, 172
119, 157
120, 192
121, 255
122, 188
123, 262
124, 159
125, 434
126, 132
127, 328
128, 292
129, 263
130, 404
131, 164
132, 232
133, 205
134, 381
135, 169
136, 156
137, 141
138, 251
139, 169
140, 156
141, 157
142, 165
143, 146
144, 171
145, 225
146, 163
147, 343
148, 152
149, 241
150, 161
