1, 184
2, 199
3, 165
4, 160
5, 155
6, 200
7, 231
8, 212
9, 187
10, 185
11, 159
12, 311
13, 287
14, 170
15, 268
16, 193
17, 232
18, 258
19, 148
20, 179
21, 200
22, 198
23, 168
24, 169
25, 183
26, 161
27, 247
28, 178
29, 161
30, 289
31, 173
32, 228
33, 201
34, 199
35, 227
36, 213
37, 2172
38, 319
39, 182
40, 183
41, 182
42, 160
43, 187
44, 160
45, 175
46, 354
47, 1008
48, 169
49, 206
50, 187
51, 208
52, 182
53, 340
54, 242
55, 179
56, 199
57, 714
58, 223
59, 297
60, 185
61, 177
62, 171
63, 176
64, 246
65, 164
66, 157
67, 180
68, 177
69, 180
70, 184
71, 166
72, 403
73, 511
74, 316
75, 232
76, 143
77, 158
78, 522
79, 163
80, 511
81, 297
82, 236
83, 207
84, 168
85, 168
86, 166
87, 472
88, 159
89, 139
90, 468
91, 358
92, 181
93, 186
94, 400
95, 226
96, 157
97, 195
98, 150
99, 243
100, 837
101, 180
102, 303
103, 161
104, 168
105, 184
106, 162
107, 232
108, 190
109, 158
110, 180
111, 214
112, 446
113, 163
114, 147
115, 158
116, 263
117, 197
118, 155
119, 165
120, 178
121, 192
122, 185
123, 167
124, 233
125, 215
126, 171
127, 179
128, 187
129, 175
130, 188
131, 185
132, 173
133, 159
134, 237
135, 202
136, 165
137, 145
138, 177
139, 223
140, 181
141, 151
142, 206
143, 189
144, 202
145, 192
146, 184
147, 273
148, 172
149, 203
150, 202
151, 169
152, 171
153, 180
154, 185
155, 577
156, 198
157, 371
158, 195
159, 173
160, 1268
161, 200
162, 186
163, 166
164, 164
165, 169
166, 208
167, 181
168, 199
169, 209
170, 239
171, 177
172, 183
173, 166
174, 465
175, 248
176, 179
177, 218
178, 259
179, 319
180, 216
181, 354
182, 183
183, 443
184, 157
185, 197
186, 172
187, 168
188, 275
189, 186
190, 184
