1, 278
2, 136
3, 251
4, 179
5, 267
6, 275
7, 258
8, 281
9, 548
10, 125
11, 345
12, 193
13, 219
14, 199
15, 168
16, 154
17, 264
18, 256
19, 121
20, 123
21, 106
22, 116
23, 178
24, 181
25, 502
26, 490
27, 401
28, 124
29, 125
30, 116
31, 123
32, 119
33, 116
34, 116
35, 220
36, 888
37, 169
38, 180
39, 197
40, 304
41, 161
42, 266
43, 139
44, 332
45, 195
46, 290
47, 142
48, 265
49, 128
50, 2047
51, 130
52, 117
53, 342
54, 142
55, 152
56, 109
57, 124
58, 275
59, 241
60, 421
61, 460
62, 135
63, 250
64, 160
65, 181
66, 126
67, 190
68, 155
69, 149
70, 213
71, 652
72, 112
73, 114
74, 274
75, 241
76, 180
77, 118
78, 131
79, 170
80, 117
81, 115
82, 113
83, 123
84, 621
85, 215
86, 1340
87, 168
88, 238
89, 112
90, 124
91, 123
92, 195
93, 303
94, 208
95, 232
96, 5599
97, 268
98, 493
99, 145
100, 294
101, 401
102, 116
103, 456
104, 185
105, 178
106, 138
107, 373
108, 243
109, 124
110, 343
111, 180
112, 1043
113, 380
114, 393
115, 235
116, 175
117, 218
118, 421
119, 192
120, 119
121, 121
122, 278
123, 121
124, 131
125, 139
126, 175
127, 250
128, 208
129, 445
130, 282
131, 117
132, 112
133, 186
134, 302
135, 135
136, 133
137, 151
138, 117
139, 120
140, 124
141, 127
142, 108
143, 127
144, 124
145, 126
146, 339
147, 126
148, 165
149, 108
150, 162
