1, 225
2, 228
3, 235
4, 220
5, 394
6, 257
7, 290
8, 246
9, 341
10, 198
11, 288
12, 164
13, 192
14, 207
15, 165
16, 196
17, 217
18, 209
19, 193
20, 210
21, 177
22, 179
23, 202
24, 175
25, 438
26, 406
27, 277
28, 199
29, 201
30, 184
31, 186
32, 194
33, 179
34, 175
35, 189
36, 179
37, 176
38, 190
39, 185
40, 230
41, 210
42, 240
43, 192
44, 272
45, 162
46, 254
47, 173
48, 210
49, 196
50, 1796
51, 166
52, 178
53, 283
54, 160
55, 170
56, 165
57, 200
58, 245
59, 230
60, 356
61, 374
62, 174
63, 241
64, 168
65, 172
66, 208
67, 203
68, 211
69, 256
70, 222
71, 716
72, 188
73, 192
74, 256
75, 228
76, 181
77, 194
78, 217
79, 181
80, 176
81, 198
82, 179
83, 215
84, 207
85, 168
86, 932
87, 187
88, 210
89, 165
90, 203
91, 206
92, 208
93, 328
94, 232
95, 175
96, 4865
97, 215
98, 386
99, 185
100, 267
101, 331
102, 186
103, 390
104, 180
105, 183
106, 212
107, 305
108, 187
109, 183
110, 278
111, 179
112, 626
113, 316
114, 489
115, 231
116, 199
117, 183
118, 411
119, 215
120, 183
121, 211
122, 220
123, 197
124, 160
125, 201
126, 209
127, 247
128, 200
129, 363
130, 232
131, 181
132, 168
133, 188
134, 287
135, 198
136, 221
137, 177
138, 193
139, 190
140, 217
141, 209
142, 169
143, 201
144, 191
145, 192
146, 294
147, 200
148, 182
149, 160
150, 189
