1, 270
2, 148
3, 245
4, 174
5, 261
6, 269
7, 251
8, 273
9, 555
10, 135
11, 334
12, 184
13, 220
14, 196
15, 166
16, 152
17, 251
18, 241
19, 127
20, 136
21, 115
22, 124
23, 176
24, 174
25, 486
26, 474
27, 379
28, 134
29, 134
30, 126
31, 131
32, 129
33, 125
34, 124
35, 213
36, 860
37, 170
38, 173
39, 195
40, 291
41, 156
42, 259
43, 137
44, 322
45, 185
46, 282
47, 143
48, 254
49, 141
50, 1990
51, 128
52, 125
53, 328
54, 134
55, 147
56, 116
57, 129
58, 268
59, 233
60, 400
61, 446
62, 128
63, 244
64, 157
65, 185
66, 137
67, 187
68, 155
69, 163
70, 212
71, 627
72, 122
73, 124
74, 268
75, 236
76, 179
77, 127
78, 142
79, 163
80, 125
81, 126
82, 122
83, 135
84, 603
85, 205
86, 1225
87, 162
88, 232
89, 119
90, 134
91, 133
92, 194
93, 284
94, 202
95, 224
96, 5550
97, 247
98, 475
99, 142
100, 285
101, 390
102, 124
103, 437
104, 184
105, 172
106, 136
107, 356
108, 230
109, 130
110, 332
111, 176
112, 457
113, 366
114, 393
115, 233
116, 173
117, 209
118, 425
119, 189
120, 127
121, 132
122, 260
123, 131
124, 126
125, 136
126, 170
127, 247
128, 183
129, 428
130, 271
131, 124
132, 117
133, 184
134, 293
135, 135
136, 145
137, 149
138, 128
139, 129
140, 136
141, 135
142, 116
143, 138
144, 128
145, 133
146, 329
147, 134
148, 160
149, 115
150, 168
151, 250
152, 503
153, 307
154, 133
155, 135
156, 185
157, 278
158, 128
159, 120
160, 118
161, 158
162, 186
163, 257
164, 132
165, 183
166, 182
167, 130
168, 167
169, 119
170, 295
171, 150
172, 151
173, 400
174, 132
175, 375
176, 174
177, 488
178, 127
179, 194
180, 142
181, 158
182, 130
183, 119
184, 126
185, 137
186, 178
187, 174
188, 129
189, 160
190, 216
