1, 253
2, 180
3, 238
4, 177
5, 252
6, 264
7, 242
8, 257
9, 534
10, 160
11, 311
12, 171
13, 204
14, 193
15, 161
16, 160
17, 219
18, 212
19, 152
20, 167
21, 140
22, 147
23, 174
24, 164
25, 462
26, 444
27, 321
28, 158
29, 162
30, 149
31, 154
32, 155
33, 146
34, 141
35, 198
36, 166
37, 172
38, 164
39, 188
40, 263
41, 163
42, 247
43, 156
44, 301
45, 165
46, 267
47, 148
48, 232
49, 168
50, 1885
51, 143
52, 147
53, 298
54, 134
55, 141
56, 138
57, 156
58, 256
59, 224
60, 366
61, 415
62, 143
63, 242
64, 150
65, 182
66, 165
67, 179
68, 169
69, 199
70, 213
71, 907
72, 149
73, 150
74, 259
75, 225
76, 178
77, 153
78, 172
79, 152
80, 146
81, 154
82, 145
83, 166
84, 576
85, 186
86, 1064
87, 151
88, 220
89, 136
90, 160
91, 163
92, 189
93, 266
94, 208
95, 204
96, 5249
97, 138
98, 440
99, 155
100, 264
101, 358
102, 147
103, 392
104, 170
105, 160
106, 164
107, 329
108, 207
109, 151
110, 306
111, 173
112, 647
113, 340
114, 414
115, 233
116, 165
117, 196
118, 425
119, 185
120, 150
121, 162
122, 236
123, 157
124, 139
125, 157
126, 169
127, 246
128, 175
129, 396
130, 251
131, 147
132, 137
133, 179
134, 335
135, 153
136, 176
137, 149
138, 152
139, 153
140, 167
141, 171
142, 137
143, 165
144, 153
145, 156
146, 310
147, 156
148, 152
149, 134
150, 168
