1, 138
2, 143
3, 125
4, 123
5, 118
6, 191
7, 277
8, 155
9, 137
10, 192
11, 166
12, 358
13, 306
14, 170
15, 319
16, 178
17, 222
18, 279
19, 115
20, 185
21, 146
22, 147
23, 153
24, 129
25, 125
26, 122
27, 258
28, 153
29, 162
30, 317
31, 185
32, 257
33, 143
34, 207
35, 256
36, 210
37, 2394
38, 367
39, 154
40, 138
41, 146
42, 140
43, 133
44, 125
45, 170
46, 393
47, 1125
48, 128
49, 145
50, 132
51, 152
52, 143
53, 399
54, 375
55, 132
56, 146
57, 834
58, 236
59, 333
60, 142
61, 152
62, 130
63, 155
64, 266
65, 138
66, 126
67, 180
68, 135
69, 135
70, 136
71, 119
72, 440
73, 567
74, 353
75, 161
76, 144
77, 162
78, 565
79, 128
80, 578
81, 320
82, 296
83, 150
84, 165
85, 143
86, 127
87, 484
88, 124
89, 122
90, 499
91, 413
92, 204
93, 150
94, 455
95, 129
96, 154
97, 201
98, 167
99, 239
100, 857
101, 141
102, 331
103, 155
104, 128
105, 138
106, 129
107, 156
108, 141
109, 125
110, 132
111, 229
112, 484
113, 171
114, 123
115, 162
116, 346
117, 157
118, 128
119, 178
120, 128
121, 199
122, 202
123, 137
124, 247
125, 229
126, 132
127, 138
128, 190
129, 127
130, 138
131, 136
132, 147
133, 167
134, 320
135, 148
136, 134
137, 138
138, 142
139, 257
140, 153
141, 115
142, 217
143, 140
144, 219
145, 133
146, 181
147, 316
148, 202
149, 225
150, 140
151, 132
152, 134
153, 142
154, 139
155, 609
156, 205
157, 465
158, 152
159, 126
160, 976
161, 147
162, 196
163, 125
164, 158
165, 130
166, 153
167, 134
168, 187
169, 245
170, 275
171, 163
172, 196
173, 164
174, 317
175, 250
176, 131
177, 253
178, 485
179, 366
180, 243
181, 413
182, 140
183, 524
184, 146
185, 147
186, 175
187, 190
188, 318
189, 211
190, 187
