1, 126
2, 124
3, 123
4, 100
5, 102
6, 202
7, 314
8, 124
9, 114
10, 295
11, 195
12, 406
13, 330
14, 186
15, 367
16, 230
17, 230
18, 540
19, 98
20, 219
21, 112
22, 115
23, 163
24, 117
25, 125
26, 102
27, 302
28, 138
29, 177
30, 359
31, 207
32, 291
33, 119
34, 226
35, 291
36, 226
37, 2647
38, 412
39, 171
40, 142
41, 121
42, 129
43, 104
44, 127
45, 180
46, 441
47, 507
48, 103
49, 122
50, 129
51, 120
52, 116
53, 453
54, 436
55, 108
56, 117
57, 959
58, 267
59, 369
60, 115
61, 162
62, 110
63, 168
64, 292
65, 144
66, 139
67, 175
68, 147
69, 126
70, 111
71, 106
72, 494
73, 644
74, 387
75, 124
76, 166
77, 174
78, 619
79, 123
80, 646
81, 347
82, 313
83, 119
84, 191
85, 163
86, 105
87, 506
88, 131
89, 143
90, 545
91, 469
92, 228
93, 162
94, 510
95, 280
96, 162
97, 206
98, 372
99, 260
100, 829
101, 143
102, 367
103, 241
104, 103
105, 121
106, 124
107, 119
108, 112
109, 135
110, 115
111, 250
112, 537
113, 191
114, 131
115, 172
116, 415
117, 162
118, 133
119, 191
120, 101
121, 204
122, 253
123, 160
124, 258
125, 245
126, 120
127, 148
128, 202
129, 101
130, 142
131, 115
132, 161
133, 343
134, 298
135, 123
136, 149
137, 148
138, 154
139, 288
140, 169
141, 120
142, 238
143, 143
144, 242
145, 127
146, 232
147, 357
148, 132
149, 238
150, 109
151, 124
152, 109
153, 145
154, 142
155, 660
156, 214
157, 567
158, 161
159, 111
160, 1029
161, 118
162, 231
163, 122
164, 164
165, 140
166, 121
167, 107
168, 242
169, 277
170, 156
171, 171
172, 221
173, 172
174, 351
175, 226
176, 112
177, 251
178, 556
179, 411
180, 249
181, 450
182, 115
183, 601
184, 151
185, 143
186, 180
187, 218
188, 356
189, 231
190, 217
