1, 153
2, 152
3, 365
4, 153
5, 137
6, 149
7, 150
8, 131
9, 205
10, 211
11, 146
12, 182
13, 161
14, 669
15, 164
16, 157
17, 394
18, 166
19, 235
20, 224
21, 170
22, 153
23, 214
24, 144
25, 226
26, 223
27, 159
28, 169
29, 249
30, 161
31, 203
32, 167
33, 202
34, 163
35, 161
36, 162
37, 146
38, 136
39, 153
40, 162
41, 159
42, 167
43, 222
44, 158
45, 347
46, 151
47, 327
48, 187
49, 190
50, 201
51, 199
52, 366
53, 163
54, 170
55, 486
56, 203
57, 195
58, 154
59, 166
60, 148
61, 146
62, 152
63, 152
64, 171
65, 180
66, 163
67, 199
68, 265
69, 241
70, 208
71, 275
72, 149
73, 170
74, 169
75, 190
76, 155
77, 222
78, 145
79, 185
80, 384
81, 170
82, 140
83, 146
84, 327
85, 311
86, 182
87, 497
88, 193
89, 157
90, 173
91, 159
92, 212
93, 168
94, 416
95, 157
96, 160
97, 155
98, 153
99, 477
100, 182
101, 205
102, 302
103, 169
104, 159
105, 169
106, 169
107, 178
108, 145
109, 311
110, 243
111, 142
112, 438
113, 192
114, 210
115, 452
116, 955
117, 156
118, 164
119, 152
120, 162
121, 171
122, 151
123, 237
124, 162
125, 162
126, 137
127, 136
128, 152
129, 151
130, 133
131, 265
132, 216
133, 159
134, 249
135, 310
136, 143
137, 161
138, 444
139, 261
140, 196
141, 136
142, 184
143, 1642
144, 165
145, 161
146, 508
147, 222
148, 426
149, 167
150, 131
151, 143
152, 166
153, 139
154, 371
155, 674
156, 187
157, 181
158, 163
159, 147
160, 160
161, 161
162, 146
163, 204
164, 768
165, 191
166, 148
167, 264
168, 261
169, 916
170, 149
171, 169
172, 200
173, 148
174, 152
175, 150
176, 299
177, 165
178, 168
179, 138
180, 144
181, 152
182, 170
183, 146
184, 232
185, 225
186, 148
187, 145
188, 229
189, 320
190, 159
