1, 363
2, 185
3, 229
4, 131
5, 310
6, 126
7, 124
8, 181
9, 128
10, 225
11, 195
12, 131
13, 188
14, 212
15, 246
16, 338
17, 149
18, 572
19, 498
20, 347
21, 233
22, 155
23, 846
24, 134
25, 144
26, 203
27, 186
28, 119
29, 299
30, 115
31, 168
32, 126
33, 146
34, 134
35, 119
36, 143
37, 125
38, 126
39, 140
40, 136
41, 188
42, 136
43, 417
44, 144
45, 214
46, 161
47, 195
48, 223
49, 134
50, 246
51, 415
52, 293
53, 118
54, 128
55, 590
56, 144
57, 148
58, 197
59, 141
60, 401
61, 191
62, 465
63, 230
64, 330
65, 212
66, 127
67, 118
68, 134
69, 142
70, 129
71, 179
72, 149
73, 243
74, 297
75, 253
76, 121
77, 199
78, 254
79, 122
80, 139
81, 123
82, 194
83, 155
84, 254
85, 135
86, 131
87, 137
88, 157
89, 132
90, 180
91, 604
92, 207
93, 216
94, 137
95, 311
96, 125
97, 163
98, 1031
99, 130
100, 125
101, 329
102, 145
103, 147
104, 141
105, 138
106, 170
107, 138
108, 295
109, 216
110, 141
111, 130
112, 133
113, 133
114, 132
115, 128
116, 156
117, 126
118, 181
119, 129
120, 176
121, 327
122, 188
123, 266
124, 137
125, 470
126, 147
127, 358
128, 315
129, 279
130, 471
131, 180
132, 241
133, 225
134, 403
135, 148
136, 165
137, 130
138, 251
139, 160
140, 133
141, 129
142, 137
143, 124
144, 141
145, 242
146, 177
147, 357
148, 165
149, 269
150, 135
