1, 127
2, 127
3, 394
4, 141
5, 140
6, 145
7, 130
8, 116
9, 216
10, 217
11, 155
12, 181
13, 137
14, 625
15, 135
16, 139
17, 428
18, 136
19, 271
20, 244
21, 139
22, 126
23, 250
24, 143
25, 253
26, 248
27, 141
28, 185
29, 263
30, 171
31, 217
32, 212
33, 226
34, 135
35, 135
36, 165
37, 125
38, 115
39, 128
40, 135
41, 131
42, 137
43, 239
44, 177
45, 380
46, 157
47, 339
48, 192
49, 199
50, 216
51, 208
52, 378
53, 136
54, 144
55, 496
56, 208
57, 217
58, 131
59, 136
60, 126
61, 122
62, 130
63, 128
64, 145
65, 150
66, 163
67, 209
68, 290
69, 243
70, 213
71, 309
72, 126
73, 142
74, 143
75, 156
76, 131
77, 239
78, 125
79, 177
80, 411
81, 189
82, 159
83, 124
84, 352
85, 324
86, 174
87, 524
88, 200
89, 139
90, 142
91, 136
92, 230
93, 184
94, 448
95, 131
96, 132
97, 132
98, 130
99, 517
100, 190
101, 208
102, 312
103, 170
104, 160
105, 141
106, 152
107, 143
108, 118
109, 299
110, 264
111, 147
112, 441
113, 198
114, 221
115, 455
116, 1067
117, 138
118, 153
119, 128
120, 188
121, 138
122, 128
123, 243
124, 136
125, 136
126, 115
127, 118
128, 127
129, 131
130, 114
131, 284
132, 215
133, 154
134, 269
135, 344
136, 144
137, 141
138, 481
139, 276
140, 203
141, 139
142, 150
143, 1771
144, 153
145, 154
146, 552
147, 233
148, 439
149, 139
150, 116
151, 138
152, 175
153, 116
154, 408
155, 725
156, 188
157, 154
158, 139
159, 124
160, 134
161, 134
162, 158
163, 217
164, 855
165, 194
166, 127
167, 283
168, 285
169, 967
170, 160
171, 148
172, 203
173, 129
174, 135
175, 125
176, 312
177, 143
178, 137
179, 118
180, 122
181, 127
182, 142
183, 123
184, 219
185, 245
186, 138
187, 123
188, 240
189, 335
190, 134
