1, 118
2, 118
3, 409
4, 144
5, 142
6, 145
7, 129
8, 140
9, 222
10, 216
11, 161
12, 183
13, 127
14, 615
15, 125
16, 138
17, 445
18, 125
19, 291
20, 254
21, 127
22, 116
23, 265
24, 146
25, 259
26, 260
27, 138
28, 193
29, 272
30, 176
31, 227
32, 219
33, 238
34, 128
35, 125
36, 170
37, 117
38, 107
39, 119
40, 125
41, 120
42, 126
43, 249
44, 182
45, 396
46, 168
47, 348
48, 197
49, 205
50, 223
51, 214
52, 388
53, 126
54, 133
55, 504
56, 206
57, 228
58, 125
59, 124
60, 128
61, 112
62, 124
63, 118
64, 143
65, 139
66, 159
67, 214
68, 302
69, 244
70, 221
71, 324
72, 118
73, 132
74, 135
75, 143
76, 121
77, 244
78, 120
79, 179
80, 414
81, 198
82, 168
83, 120
84, 364
85, 331
86, 172
87, 544
88, 203
89, 136
90, 131
91, 127
92, 239
93, 192
94, 465
95, 120
96, 122
97, 123
98, 124
99, 540
100, 195
101, 202
102, 316
103, 173
104, 165
105, 130
106, 152
107, 131
108, 108
109, 312
110, 291
111, 151
112, 444
113, 198
114, 224
115, 459
116, 1116
117, 142
118, 157
119, 118
120, 200
121, 126
122, 119
123, 247
124, 125
125, 125
126, 108
127, 112
128, 118
129, 122
130, 110
131, 293
132, 212
133, 153
134, 278
135, 326
136, 149
137, 138
138, 500
139, 284
140, 207
141, 144
142, 137
143, 1839
144, 156
145, 152
146, 549
147, 238
148, 450
149, 128
150, 109
151, 141
152, 177
153, 110
154, 427
155, 752
156, 187
157, 153
158, 136
159, 115
160, 124
161, 124
162, 169
163, 224
164, 894
165, 193
166, 123
167, 291
168, 298
169, 972
170, 161
171, 149
172, 207
173, 120
174, 137
175, 115
176, 323
177, 135
178, 125
179, 112
180, 113
181, 118
182, 133
183, 114
184, 225
185, 254
186, 141
187, 115
188, 246
189, 336
190, 131
