1, 243
2, 201
3, 237
4, 195
5, 256
6, 263
7, 294
8, 251
9, 347
10, 176
11, 300
12, 166
13, 197
14, 200
15, 161
16, 176
17, 205
18, 214
19, 170
20, 186
21, 157
22, 161
23, 184
24, 163
25, 450
26, 427
27, 264
28, 176
29, 179
30, 165
31, 168
32, 172
33, 161
34, 156
35, 191
36, 164
37, 174
38, 169
39, 184
40, 247
41, 183
42, 243
43, 172
44, 283
45, 158
46, 260
47, 158
48, 221
49, 183
50, 1838
51, 154
52, 161
53, 288
54, 144
55, 152
56, 151
57, 176
58, 250
59, 224
60, 366
61, 397
62, 157
63, 244
64, 151
65, 177
66, 184
67, 180
68, 188
69, 224
70, 218
71, 823
72, 166
73, 168
74, 256
75, 223
76, 179
77, 171
78, 192
79, 160
80, 159
81, 173
82, 160
83, 187
84, 211
85, 177
86, 999
87, 163
88, 215
89, 147
90, 178
91, 182
92, 204
93, 316
94, 217
95, 188
96, 5060
97, 204
98, 410
99, 168
100, 261
101, 343
102, 164
103, 374
104, 170
105, 164
106, 185
107, 317
108, 197
109, 165
110, 292
111, 171
112, 633
113, 327
114, 442
115, 232
116, 178
117, 190
118, 421
119, 192
120, 164
121, 183
122, 227
123, 174
124, 149
125, 176
126, 186
127, 245
128, 178
129, 380
130, 241
131, 162
132, 151
133, 179
134, 310
135, 172
136, 196
137, 159
138, 170
139, 169
140, 188
141, 190
142, 152
143, 181
144, 170
145, 171
146, 301
147, 173
148, 163
149, 146
150, 173
