1, 408
2, 201
3, 165
4, 131
5, 319
6, 100
7, 101
8, 177
9, 111
10, 254
11, 227
12, 125
13, 204
14, 136
15, 273
16, 369
17, 169
18, 693
19, 551
20, 440
21, 255
22, 183
23, 827
24, 142
25, 125
26, 209
27, 210
28, 122
29, 339
30, 119
31, 184
32, 132
33, 116
34, 110
35, 112
36, 115
37, 124
38, 102
39, 160
40, 112
41, 210
42, 120
43, 452
44, 161
45, 233
46, 167
47, 222
48, 275
49, 112
50, 275
51, 453
52, 326
53, 98
54, 105
55, 663
56, 116
57, 161
58, 218
59, 110
60, 462
61, 213
62, 518
63, 265
64, 360
65, 222
66, 104
67, 103
68, 110
69, 155
70, 120
71, 198
72, 218
73, 255
74, 336
75, 267
76, 152
77, 217
78, 269
79, 136
80, 110
81, 98
82, 223
83, 172
84, 204
85, 109
86, 136
87, 139
88, 162
89, 116
90, 195
91, 690
92, 217
93, 244
94, 113
95, 339
96, 100
97, 169
98, 1100
99, 145
100, 125
101, 168
102, 152
103, 163
104, 344
105, 126
106, 187
107, 105
108, 293
109, 257
110, 110
111, 105
112, 129
113, 137
114, 122
115, 141
116, 162
117, 111
118, 201
119, 122
120, 164
121, 362
122, 207
123, 288
124, 135
125, 524
126, 170
127, 385
128, 349
129, 302
130, 141
131, 204
132, 252
133, 255
134, 398
135, 192
136, 206
137, 129
138, 289
139, 175
140, 108
141, 104
142, 128
143, 111
144, 113
145, 272
146, 205
147, 388
148, 183
149, 311
150, 122
