1, 286
2, 126
3, 257
4, 184
5, 275
6, 281
7, 265
8, 290
9, 545
10, 116
11, 357
12, 202
13, 224
14, 202
15, 171
16, 157
17, 276
18, 271
19, 122
20, 121
21, 100
22, 109
23, 180
24, 192
25, 518
26, 506
27, 422
28, 116
29, 117
30, 108
31, 119
32, 110
33, 109
34, 110
35, 228
36, 917
37, 168
38, 188
39, 194
40, 318
41, 166
42, 275
43, 143
44, 340
45, 205
46, 298
47, 141
48, 276
49, 120
50, 2107
51, 132
52, 112
53, 355
54, 151
55, 156
56, 104
57, 126
58, 281
59, 249
60, 442
61, 474
62, 144
63, 254
64, 162
65, 182
66, 117
67, 193
68, 157
69, 137
70, 213
71, 677
72, 104
73, 108
74, 280
75, 247
76, 179
77, 117
78, 121
79, 177
80, 111
81, 106
82, 106
83, 113
84, 640
85, 226
86, 1560
87, 175
88, 245
89, 106
90, 116
91, 118
92, 188
93, 333
94, 216
95, 239
96, 5678
97, 285
98, 511
99, 148
100, 304
101, 413
102, 109
103, 472
104, 182
105, 185
106, 144
107, 394
108, 280
109, 123
110, 354
111, 184
112, 1028
113, 395
114, 378
115, 237
116, 178
117, 229
118, 422
119, 195
120, 113
121, 112
122, 291
123, 112
124, 133
125, 144
126, 181
127, 254
128, 223
129, 462
130, 295
131, 119
132, 111
133, 188
134, 313
135, 136
136, 123
137, 154
138, 109
139, 112
140, 115
141, 125
142, 101
143, 118
144, 125
145, 121
146, 348
147, 119
148, 171
149, 102
150, 148
