1, 393
2, 193
3, 172
4, 130
5, 321
6, 107
7, 108
8, 177
9, 113
10, 244
11, 193
12, 118
13, 145
14, 239
15, 264
16, 359
17, 162
18, 669
19, 535
20, 423
21, 248
22, 175
23, 811
24, 135
25, 131
26, 211
27, 202
28, 118
29, 325
30, 115
31, 179
32, 129
33, 124
34, 116
35, 110
36, 124
37, 119
38, 124
39, 153
40, 119
41, 202
42, 120
43, 439
44, 155
45, 228
46, 165
47, 214
48, 257
49, 117
50, 265
51, 441
52, 315
53, 103
54, 111
55, 638
56, 121
57, 155
58, 210
59, 119
60, 441
61, 204
62, 500
63, 255
64, 350
65, 224
66, 110
67, 108
68, 115
69, 150
70, 118
71, 192
72, 200
73, 253
74, 324
75, 263
76, 131
77, 210
78, 263
79, 131
80, 118
81, 105
82, 214
83, 167
84, 271
85, 116
86, 132
87, 136
88, 159
89, 117
90, 186
91, 647
92, 211
93, 235
94, 120
95, 330
96, 107
97, 168
98, 939
99, 140
100, 120
101, 163
102, 148
103, 158
104, 375
105, 126
106, 181
107, 113
108, 313
109, 249
110, 118
111, 112
112, 127
113, 136
114, 121
115, 138
116, 161
117, 113
118, 193
119, 119
120, 167
121, 359
122, 200
123, 277
124, 132
125, 506
126, 162
127, 371
128, 339
129, 294
130, 139
131, 197
132, 249
133, 245
134, 393
135, 185
136, 194
137, 126
138, 276
139, 170
140, 116
141, 110
142, 127
143, 111
144, 121
145, 261
146, 196
147, 377
148, 178
149, 296
150, 122
