1, 378
2, 188
3, 201
4, 131
5, 316
6, 115
7, 115
8, 180
9, 119
10, 234
11, 198
12, 122
13, 195
14, 212
15, 255
16, 349
17, 156
18, 642
19, 522
20, 396
21, 241
22, 164
23, 822
24, 131
25, 134
26, 207
27, 194
28, 120
29, 312
30, 113
31, 173
32, 127
33, 134
34, 124
35, 112
36, 133
37, 118
38, 127
39, 147
40, 128
41, 195
42, 126
43, 428
44, 149
45, 221
46, 163
47, 204
48, 236
49, 125
50, 255
51, 428
52, 303
53, 110
54, 118
55, 614
56, 131
57, 150
58, 203
59, 129
60, 421
61, 196
62, 483
63, 242
64, 340
65, 224
66, 118
67, 114
68, 124
69, 146
70, 121
71, 185
72, 157
73, 240
74, 311
75, 258
76, 124
77, 204
78, 259
79, 127
80, 127
81, 113
82, 204
83, 161
84, 264
85, 125
86, 130
87, 135
88, 157
89, 123
90, 180
91, 609
92, 207
93, 225
94, 128
95, 320
96, 115
97, 166
98, 816
99, 134
100, 120
101, 341
102, 144
103, 152
104, 143
105, 131
106, 175
107, 124
108, 304
109, 234
110, 128
111, 120
112, 128
113, 135
114, 125
115, 133
116, 160
117, 118
118, 187
119, 120
120, 171
121, 347
122, 194
123, 270
124, 132
125, 488
126, 154
127, 374
128, 327
129, 287
130, 190
131, 189
132, 245
133, 235
134, 416
135, 159
136, 181
137, 124
138, 263
139, 165
140, 124
141, 119
142, 130
143, 116
144, 130
145, 251
146, 187
147, 367
148, 172
149, 282
150, 124
151, 496
152, 262
153, 321
154, 127
155, 142
156, 128
157, 178
158, 424
159, 148
160, 193
161, 266
162, 122
163, 156
164, 130
165, 151
166, 135
167, 133
168, 239
169, 190
170, 136
171, 433
172, 122
173, 119
174, 132
175, 137
176, 125
177, 116
178, 225
179, 127
180, 117
181, 177
182, 350
183, 257
184, 229
185, 282
186, 123
187, 200
188, 133
189, 129
190, 409
