1, 218
2, 116
3, 122
4, 120
5, 118
6, 116
7, 116
8, 118
9, 124
10, 118
11, 115
12, 121
13, 165
14, 116
15, 163
16, 117
17, 117
18, 128
19, 115
20, 123
21, 119
22, 116
23, 118
24, 116
25, 130
26, 118
27, 118
28, 118
29, 120
30, 118
31, 118
32, 118
33, 114
34, 117
35, 117
36, 117
37, 117
38, 125
39, 117
40, 180
41, 117
42, 117
43, 117
44, 188
45, 115
46, 113
47, 117
48, 117
49, 116
50, 220
51, 116
52, 114
53, 116
54, 116
55, 117
56, 115
57, 119
58, 117
59, 117
60, 118
61, 116
62, 116
63, 117
64, 117
65, 117
66, 115
67, 118
68, 136
69, 116
70, 119
71, 158
72, 117
73, 117
74, 119
75, 119
76, 144
77, 133
78, 117
79, 118
80, 140
81, 119
82, 117
83, 114
84, 114
85, 115
86, 144
87, 117
88, 116
89, 117
90, 119
91, 115
92, 116
93, 120
94, 121
95, 115
96, 121
97, 116
98, 117
99, 120
100, 143
101, 116
102, 116
103, 296
104, 117
105, 156
106, 117
107, 118
108, 116
109, 116
110, 117
111, 118
112, 115
113, 120
114, 116
115, 114
116, 121
117, 116
118, 123
119, 115
120, 117
121, 117
122, 116
123, 114
124, 112
125, 116
126, 118
127, 116
128, 115
129, 118
130, 185
131, 117
132, 119
133, 117
134, 116
135, 117
136, 199
137, 127
138, 117
139, 116
140, 149
141, 116
142, 115
143, 116
144, 118
145, 205
146, 118
147, 117
148, 117
149, 118
150, 124
151, 116
152, 117
153, 116
154, 116
155, 116
156, 114
157, 118
158, 119
159, 131
160, 117
161, 128
162, 116
163, 115
164, 150
165, 118
166, 118
167, 120
168, 146
169, 117
170, 118
171, 117
172, 122
173, 118
174, 118
175, 113
176, 115
177, 119
178, 117
179, 117
180, 116
181, 116
182, 118
183, 116
184, 115
185, 116
186, 116
187, 118
188, 130
189, 120
190, 117
