1, 129
2, 130
3, 127
4, 128
5, 127
6, 126
7, 123
8, 126
9, 128
10, 129
11, 125
12, 125
13, 129
14, 131
15, 139
16, 297
17, 128
18, 129
19, 126
20, 128
21, 127
22, 126
23, 128
24, 210
25, 126
26, 130
27, 131
28, 133
29, 127
30, 128
31, 127
32, 130
33, 127
34, 126
35, 129
36, 129
37, 130
38, 127
39, 131
40, 129
41, 125
42, 130
43, 128
44, 127
45, 128
46, 127
47, 125
48, 127
49, 132
50, 130
51, 126
52, 134
53, 130
54, 131
55, 127
56, 126
57, 263
58, 130
59, 130
60, 125
61, 130
62, 128
63, 132
64, 128
65, 128
66, 128
67, 125
68, 128
69, 129
70, 130
71, 127
72, 128
73, 128
74, 128
75, 127
76, 127
77, 130
78, 126
79, 128
80, 240
81, 127
82, 168
83, 127
84, 128
85, 138
86, 129
87, 130
88, 126
89, 129
90, 128
91, 225
92, 152
93, 126
94, 129
95, 177
96, 132
97, 137
98, 127
99, 132
100, 126
101, 135
102, 127
103, 127
104, 131
105, 128
106, 129
107, 126
108, 128
109, 127
110, 128
111, 131
112, 128
113, 125
114, 127
115, 133
116, 146
117, 129
118, 126
119, 130
120, 125
121, 129
122, 128
123, 125
124, 129
125, 129
126, 128
127, 130
128, 128
129, 125
130, 126
131, 125
132, 126
133, 129
134, 180
135, 127
136, 129
137, 130
138, 146
139, 129
140, 128
141, 128
142, 125
143, 124
144, 133
145, 156
146, 129
147, 126
148, 128
149, 129
150, 127
151, 127
152, 129
153, 131
154, 128
155, 126
156, 129
157, 124
158, 127
159, 130
160, 132
161, 127
162, 131
163, 147
164, 143
165, 135
166, 125
167, 127
168, 130
169, 128
170, 126
171, 126
172, 124
173, 128
174, 127
175, 130
176, 130
177, 126
178, 126
179, 142
180, 126
181, 130
182, 127
183, 126
184, 128
185, 129
186, 128
187, 126
188, 178
189, 166
190, 126
