1, 97
2, 84
3, 83
4, 86
5, 176
6, 81
7, 83
8, 83
9, 83
10, 118
11, 84
12, 82
13, 82
14, 89
15, 141
16, 424
17, 81
18, 82
19, 82
20, 129
21, 82
22, 79
23, 91
24, 469
25, 85
26, 82
27, 80
28, 150
29, 81
30, 88
31, 83
32, 95
33, 84
34, 84
35, 87
36, 81
37, 125
38, 82
39, 81
40, 83
41, 90
42, 83
43, 82
44, 81
45, 81
46, 82
47, 99
48, 125
49, 155
50, 83
51, 111
52, 97
53, 80
54, 83
55, 313
56, 82
57, 446
58, 82
59, 81
60, 83
61, 95
62, 81
63, 94
64, 81
65, 82
66, 81
67, 82
68, 85
69, 81
70, 103
71, 107
72, 82
73, 88
74, 108
75, 84
76, 85
77, 110
78, 91
79, 82
80, 97
81, 80
82, 144
83, 81
84, 80
85, 181
86, 79
87, 135
88, 81
89, 126
90, 129
91, 352
92, 121
93, 79
94, 89
95, 190
96, 81
97, 103
98, 83
99, 123
100, 81
101, 82
102, 79
103, 83
104, 81
105, 83
106, 84
107, 80
108, 83
109, 82
110, 82
111, 83
112, 82
113, 91
114, 82
115, 82
116, 87
117, 82
118, 82
119, 82
120, 82
121, 102
122, 83
123, 81
124, 81
125, 80
126, 83
127, 80
128, 129
129, 83
130, 83
131, 82
132, 79
133, 81
134, 184
135, 106
136, 280
137, 92
138, 92
139, 83
140, 80
141, 84
142, 82
143, 84
144, 88
145, 100
146, 83
147, 83
148, 80
149, 82
150, 84
151, 81
152, 81
153, 84
154, 83
155, 87
156, 81
157, 113
158, 84
159, 89
160, 105
161, 81
162, 134
163, 129
164, 212
165, 94
166, 81
167, 80
168, 93
169, 87
170, 83
171, 182
172, 82
173, 80
174, 83
175, 84
176, 130
177, 82
178, 82
179, 92
180, 107
181, 83
182, 82
183, 84
184, 230
185, 112
186, 107
187, 107
188, 146
189, 106
190, 140
