1, 143
2, 101
3, 98
4, 98
5, 156
6, 99
7, 100
8, 99
9, 98
10, 118
11, 97
12, 100
13, 95
14, 115
15, 140
16, 345
17, 99
18, 100
19, 99
20, 124
21, 97
22, 98
23, 117
24, 207
25, 230
26, 100
27, 100
28, 142
29, 101
30, 99
31, 99
32, 98
33, 100
34, 101
35, 235
36, 101
37, 134
38, 98
39, 100
40, 98
41, 99
42, 100
43, 98
44, 99
45, 98
46, 98
47, 100
48, 127
49, 99
50, 97
51, 126
52, 110
53, 100
54, 98
55, 117
56, 102
57, 203
58, 100
59, 99
60, 98
61, 102
62, 96
63, 99
64, 99
65, 97
66, 98
67, 99
68, 100
69, 99
70, 98
71, 99
72, 98
73, 102
74, 122
75, 118
76, 97
77, 99
78, 101
79, 97
80, 108
81, 97
82, 156
83, 101
84, 99
85, 99
86, 100
87, 119
88, 97
89, 99
90, 100
91, 286
92, 140
93, 96
94, 97
95, 188
96, 97
97, 101
98, 99
99, 98
100, 98
101, 100
102, 100
103, 98
104, 100
105, 98
106, 106
107, 96
108, 99
109, 97
110, 97
111, 99
112, 100
113, 98
114, 98
115, 96
116, 100
117, 99
118, 97
119, 99
120, 99
121, 235
122, 98
123, 99
124, 96
125, 95
126, 98
127, 98
128, 98
129, 98
130, 99
131, 99
132, 97
133, 100
134, 177
135, 119
136, 98
137, 98
138, 121
139, 100
140, 98
141, 96
142, 96
143, 96
144, 98
145, 99
146, 101
147, 97
148, 107
149, 100
150, 99
151, 98
152, 99
153, 106
154, 97
155, 96
156, 98
157, 105
158, 107
159, 100
160, 110
161, 101
162, 103
163, 118
164, 512
165, 125
166, 99
167, 97
168, 100
169, 100
170, 98
171, 99
172, 99
173, 98
174, 108
175, 97
176, 103
177, 98
178, 97
179, 162
180, 193
181, 98
182, 98
183, 104
184, 290
185, 115
186, 140
187, 101
188, 112
189, 209
190, 114
