1, 96
2, 101
3, 53
4, 87
5, 238
6, 53
7, 68
8, 59
9, 57
10, 201
11, 57
12, 118
13, 56
14, 123
15, 162
16, 166
17, 64
18, 63
19, 55
20, 295
21, 58
22, 54
23, 124
24, 214
25, 75
26, 55
27, 67
28, 164
29, 71
30, 99
31, 62
32, 77
33, 55
34, 72
35, 304
36, 77
37, 83
38, 89
39, 54
40, 122
41, 76
42, 69
43, 75
44, 54
45, 79
46, 55
47, 72
48, 167
49, 161
50, 63
51, 140
52, 93
53, 101
54, 53
55, 374
56, 87
57, 595
58, 54
59, 55
60, 61
61, 117
62, 57
63, 92
64, 55
65, 55
66, 65
67, 55
68, 62
69, 55
70, 177
71, 82
72, 57
73, 103
74, 119
75, 70
76, 125
77, 133
78, 149
79, 56
80, 129
81, 83
82, 141
83, 54
84, 55
85, 77
86, 63
87, 205
88, 80
89, 285
90, 79
91, 436
92, 153
93, 55
94, 69
95, 261
96, 53
97, 113
98, 68
99, 100
100, 55
101, 88
102, 54
103, 78
104, 55
105, 72
106, 126
107, 57
108, 86
109, 66
110, 57
111, 76
112, 58
113, 95
114, 99
115, 55
116, 210
117, 54
118, 55
119, 58
120, 57
121, 182
122, 74
123, 98
124, 56
125, 57
126, 87
127, 54
128, 149
129, 57
130, 94
131, 56
132, 55
133, 56
134, 257
135, 128
136, 427
137, 144
138, 151
139, 74
140, 59
141, 100
142, 74
143, 56
144, 72
145, 112
146, 62
147, 84
148, 62
149, 271
150, 71
151, 55
152, 96
153, 101
154, 65
155, 67
156, 55
157, 232
158, 611
159, 124
160, 169
161, 66
162, 209
163, 115
164, 232
165, 113
166, 55
167, 57
168, 91
169, 98
170, 82
171, 190
172, 62
173, 55
174, 84
175, 86
176, 240
177, 77
178, 59
179, 173
180, 99
181, 69
182, 87
183, 78
184, 408
185, 278
186, 183
187, 127
188, 211
189, 271
190, 182
