1, 182
2, 66
3, 202
4, 59
5, 167
6, 131
7, 77
8, 178
9, 175
10, 137
11, 176
12, 198
13, 312
14, 57
15, 145
16, 52
17, 79
18, 200
19, 60
20, 423
21, 86
22, 57
23, 118
24, 67
25, 317
26, 107
27, 52
28, 85
29, 54
30, 52
31, 54
32, 56
33, 77
34, 181
35, 52
36, 62
37, 69
38, 150
39, 52
40, 442
41, 52
42, 61
43, 54
44, 141
45, 76
46, 60
47, 144
48, 105
49, 53
50, 121
51, 79
52, 64
53, 50
54, 61
55, 116
56, 58
57, 54
58, 192
59, 100
60, 65
61, 134
62, 68
63, 70
64, 92
65, 61
66, 71
67, 51
68, 106
69, 66
70, 171
71, 154
72, 64
73, 88
74, 53
75, 64
76, 223
77, 132
78, 57
79, 127
80, 120
81, 52
82, 222
83, 51
84, 72
85, 93
86, 97
87, 119
88, 139
89, 85
90, 105
91, 55
92, 155
93, 99
94, 162
95, 122
96, 89
97, 75
98, 153
99, 105
100, 97
101, 74
102, 73
103, 452
104, 51
105, 195
106, 73
107, 53
108, 78
109, 55
110, 61
111, 74
112, 100
113, 88
114, 52
115, 52
116, 102
117, 52
118, 101
119, 74
120, 139
121, 89
122, 101
123, 143
124, 54
125, 76
126, 79
127, 61
128, 74
129, 509
130, 157
131, 169
132, 63
133, 132
134, 98
135, 74
136, 360
137, 120
138, 68
139, 127
140, 168
141, 85
142, 138
143, 96
144, 127
145, 433
146, 185
147, 102
148, 77
149, 153
150, 186
151, 143
152, 53
153, 57
154, 55
155, 51
156, 109
157, 51
158, 97
159, 96
160, 55
161, 203
162, 50
163, 61
164, 224
165, 63
166, 111
167, 92
168, 122
169, 54
170, 145
171, 52
172, 169
173, 82
174, 79
175, 70
176, 107
177, 54
178, 111
179, 81
180, 52
181, 52
182, 88
183, 57
184, 115
185, 164
186, 60
187, 61
188, 186
189, 54
190, 103
