1, 149
2, 79
3, 145
4, 79
5, 124
6, 94
7, 82
8, 133
9, 121
10, 101
11, 124
12, 136
13, 189
14, 78
15, 113
16, 78
17, 81
18, 196
19, 86
20, 289
21, 78
22, 80
23, 85
24, 77
25, 149
26, 80
27, 78
28, 79
29, 79
30, 79
31, 79
32, 80
33, 79
34, 79
35, 78
36, 79
37, 79
38, 117
39, 79
40, 165
41, 77
42, 79
43, 81
44, 309
45, 80
46, 82
47, 95
48, 78
49, 78
50, 259
51, 79
52, 79
53, 82
54, 79
55, 104
56, 80
57, 82
58, 86
59, 78
60, 79
61, 99
62, 81
63, 79
64, 133
65, 80
66, 82
67, 78
68, 122
69, 81
70, 95
71, 146
72, 78
73, 105
74, 81
75, 80
76, 164
77, 93
78, 85
79, 98
80, 118
81, 80
82, 79
83, 78
84, 82
85, 95
86, 82
87, 165
88, 87
89, 77
90, 80
91, 77
92, 100
93, 131
94, 82
95, 99
96, 86
97, 86
98, 111
99, 107
100, 112
101, 83
102, 83
103, 399
104, 80
105, 174
106, 79
107, 116
108, 79
109, 78
110, 77
111, 79
112, 86
113, 80
114, 79
115, 80
116, 92
117, 78
118, 97
119, 79
120, 92
121, 81
122, 85
123, 99
124, 78
125, 97
126, 79
127, 79
128, 80
129, 232
130, 124
131, 105
132, 79
133, 80
134, 88
135, 88
136, 291
137, 134
138, 80
139, 95
140, 149
141, 83
142, 101
143, 81
144, 103
145, 164
146, 105
147, 88
148, 80
149, 83
150, 165
151, 166
152, 83
153, 80
154, 80
155, 80
156, 103
157, 77
158, 91
159, 94
160, 77
161, 104
162, 82
163, 79
164, 182
165, 78
166, 86
167, 82
168, 118
169, 79
170, 84
171, 77
172, 135
173, 85
174, 80
175, 81
176, 103
177, 78
178, 137
179, 78
180, 78
181, 78
182, 83
183, 78
184, 88
185, 95
186, 79
187, 80
188, 88
189, 78
190, 81
