1, 144
2, 145
3, 141
4, 151
5, 142
6, 143
7, 141
8, 143
9, 143
10, 171
11, 142
12, 139
13, 142
14, 143
15, 148
16, 273
17, 139
18, 141
19, 141
20, 140
21, 143
22, 141
23, 144
24, 246
25, 140
26, 140
27, 152
28, 149
29, 142
30, 139
31, 141
32, 140
33, 143
34, 141
35, 150
36, 144
37, 142
38, 139
39, 143
40, 138
41, 144
42, 140
43, 142
44, 143
45, 145
46, 142
47, 142
48, 145
49, 140
50, 145
51, 144
52, 143
53, 141
54, 141
55, 142
56, 141
57, 221
58, 138
59, 143
60, 140
61, 138
62, 141
63, 144
64, 141
65, 144
66, 140
67, 143
68, 141
69, 143
70, 142
71, 143
72, 141
73, 142
74, 142
75, 145
76, 146
77, 143
78, 140
79, 145
80, 138
81, 142
82, 182
83, 142
84, 142
85, 143
86, 141
87, 143
88, 139
89, 148
90, 148
91, 262
92, 161
93, 142
94, 143
95, 178
96, 140
97, 141
98, 144
99, 141
100, 142
101, 144
102, 143
103, 141
104, 143
105, 140
106, 141
107, 141
108, 140
109, 140
110, 143
111, 143
112, 144
113, 139
114, 142
115, 142
116, 156
117, 142
118, 140
119, 142
120, 141
121, 142
122, 141
123, 140
124, 138
125, 143
126, 144
127, 141
128, 140
129, 139
130, 137
131, 144
132, 144
133, 140
134, 167
135, 144
136, 143
137, 141
138, 144
139, 141
140, 144
141, 177
142, 140
143, 144
144, 141
145, 140
146, 140
147, 142
148, 141
149, 138
150, 141
151, 144
152, 139
153, 144
154, 143
155, 138
156, 142
157, 146
158, 145
159, 143
160, 140
161, 138
162, 173
163, 159
164, 363
165, 149
166, 140
167, 142
168, 147
169, 142
170, 145
171, 139
172, 141
173, 143
174, 140
175, 139
176, 142
177, 141
178, 139
179, 140
180, 143
181, 142
182, 138
183, 140
184, 231
185, 141
186, 142
187, 148
188, 199
189, 148
190, 140
