1, 183
2, 64
3, 166
4, 66
5, 159
6, 104
7, 89
8, 202
9, 107
10, 163
11, 192
12, 169
13, 305
14, 60
15, 98
16, 51
17, 77
18, 234
19, 62
20, 205
21, 79
22, 53
23, 84
24, 68
25, 186
26, 88
27, 50
28, 79
29, 55
30, 49
31, 53
32, 55
33, 82
34, 161
35, 50
36, 60
37, 74
38, 155
39, 64
40, 439
41, 50
42, 63
43, 56
44, 155
45, 75
46, 60
47, 161
48, 132
49, 52
50, 420
51, 66
52, 66
53, 51
54, 50
55, 124
56, 51
57, 57
58, 245
59, 130
60, 57
61, 133
62, 77
63, 107
64, 119
65, 65
66, 66
67, 50
68, 144
69, 63
70, 186
71, 144
72, 71
73, 101
74, 49
75, 65
76, 154
77, 207
78, 63
79, 123
80, 129
81, 59
82, 121
83, 50
84, 75
85, 104
86, 103
87, 285
88, 139
89, 82
90, 116
91, 49
92, 116
93, 113
94, 83
95, 103
96, 96
97, 87
98, 203
99, 105
100, 118
101, 71
102, 91
103, 157
104, 56
105, 190
106, 78
107, 52
108, 75
109, 51
110, 59
111, 78
112, 104
113, 95
114, 56
115, 51
116, 90
117, 50
118, 98
119, 63
120, 109
121, 199
122, 92
123, 150
124, 59
125, 73
126, 80
127, 56
128, 88
129, 118
130, 141
131, 131
132, 64
133, 106
134, 115
135, 80
136, 287
137, 151
138, 76
139, 122
140, 170
141, 78
142, 155
143, 126
144, 155
145, 244
146, 174
147, 77
148, 71
149, 105
150, 165
151, 203
152, 52
153, 60
154, 51
155, 50
156, 142
157, 50
158, 88
159, 114
160, 57
161, 215
162, 51
163, 61
164, 215
165, 58
166, 118
167, 103
168, 166
169, 49
170, 101
171, 51
172, 217
173, 77
174, 64
175, 64
176, 103
177, 52
178, 74
179, 77
180, 51
181, 51
182, 91
183, 65
184, 109
185, 190
186, 56
187, 64
188, 170
189, 51
190, 68
