1, 162
2, 107
3, 187
4, 107
5, 107
6, 108
7, 107
8, 119
9, 109
10, 108
11, 104
12, 109
13, 170
14, 108
15, 106
16, 107
17, 108
18, 193
19, 108
20, 222
21, 108
22, 106
23, 113
24, 107
25, 163
26, 106
27, 105
28, 108
29, 108
30, 109
31, 109
32, 108
33, 106
34, 108
35, 109
36, 106
37, 106
38, 110
39, 105
40, 121
41, 106
42, 110
43, 109
44, 107
45, 108
46, 106
47, 128
48, 108
49, 108
50, 213
51, 107
52, 104
53, 106
54, 105
55, 107
56, 104
57, 105
58, 111
59, 107
60, 106
61, 107
62, 106
63, 108
64, 105
65, 108
66, 127
67, 110
68, 134
69, 109
70, 107
71, 170
72, 104
73, 107
74, 107
75, 108
76, 108
77, 133
78, 109
79, 109
80, 123
81, 108
82, 111
83, 108
84, 105
85, 107
86, 107
87, 144
88, 110
89, 106
90, 108
91, 104
92, 106
93, 124
94, 105
95, 107
96, 109
97, 112
98, 108
99, 105
100, 119
101, 112
102, 108
103, 137
104, 109
105, 141
106, 108
107, 107
108, 107
109, 105
110, 108
111, 108
112, 105
113, 109
114, 105
115, 104
116, 113
117, 108
118, 119
119, 106
120, 108
121, 111
122, 109
123, 109
124, 108
125, 108
126, 107
127, 105
128, 105
129, 112
130, 183
131, 108
132, 107
133, 108
134, 111
135, 109
136, 209
137, 111
138, 105
139, 107
140, 108
141, 110
142, 139
143, 112
144, 106
145, 214
146, 109
147, 107
148, 105
149, 106
150, 114
151, 110
152, 109
153, 105
154, 107
155, 108
156, 108
157, 106
158, 109
159, 107
160, 108
161, 107
162, 108
163, 104
164, 165
165, 108
166, 108
167, 108
168, 147
169, 108
170, 108
171, 104
172, 106
173, 109
174, 110
175, 108
176, 106
177, 106
178, 106
179, 110
180, 111
181, 109
182, 371
183, 108
184, 104
185, 106
186, 106
187, 107
188, 107
189, 108
190, 111
