1, 135
2, 134
3, 135
4, 136
5, 186
6, 136
7, 137
8, 134
9, 132
10, 135
11, 136
12, 129
13, 135
14, 133
15, 137
16, 133
17, 137
18, 135
19, 134
20, 134
21, 137
22, 135
23, 136
24, 228
25, 134
26, 134
27, 137
28, 148
29, 135
30, 131
31, 132
32, 139
33, 137
34, 137
35, 134
36, 136
37, 138
38, 134
39, 135
40, 134
41, 133
42, 137
43, 138
44, 138
45, 132
46, 131
47, 133
48, 136
49, 132
50, 135
51, 136
52, 135
53, 137
54, 136
55, 135
56, 135
57, 191
58, 133
59, 135
60, 138
61, 133
62, 134
63, 131
64, 135
65, 131
66, 138
67, 136
68, 135
69, 136
70, 136
71, 136
72, 135
73, 133
74, 137
75, 134
76, 134
77, 133
78, 135
79, 133
80, 138
81, 133
82, 184
83, 132
84, 135
85, 147
86, 134
87, 135
88, 136
89, 136
90, 132
91, 215
92, 153
93, 132
94, 132
95, 159
96, 136
97, 140
98, 136
99, 135
100, 132
101, 134
102, 132
103, 132
104, 133
105, 135
106, 137
107, 137
108, 133
109, 135
110, 136
111, 130
112, 136
113, 132
114, 138
115, 132
116, 145
117, 136
118, 131
119, 132
120, 136
121, 134
122, 134
123, 135
124, 135
125, 134
126, 130
127, 134
128, 133
129, 133
130, 133
131, 136
132, 134
133, 135
134, 185
135, 136
136, 135
137, 137
138, 131
139, 134
140, 136
141, 136
142, 131
143, 135
144, 136
145, 131
146, 135
147, 131
148, 132
149, 135
150, 138
151, 133
152, 134
153, 136
154, 132
155, 134
156, 133
157, 139
158, 144
159, 135
160, 140
161, 133
162, 138
163, 142
164, 362
165, 134
166, 134
167, 134
168, 133
169, 135
170, 132
171, 137
172, 133
173, 140
174, 135
175, 132
176, 132
177, 133
178, 134
179, 136
180, 133
181, 136
182, 132
183, 137
184, 185
185, 137
186, 134
187, 130
188, 134
189, 135
190, 136
