1, 143
2, 95
3, 82
4, 90
5, 156
6, 85
7, 86
8, 85
9, 86
10, 173
11, 85
12, 87
13, 85
14, 119
15, 138
16, 346
17, 86
18, 88
19, 85
20, 360
21, 85
22, 84
23, 131
24, 196
25, 88
26, 84
27, 87
28, 140
29, 85
30, 85
31, 82
32, 83
33, 85
34, 84
35, 210
36, 87
37, 93
38, 90
39, 84
40, 93
41, 84
42, 85
43, 83
44, 85
45, 84
46, 83
47, 87
48, 129
49, 136
50, 82
51, 103
52, 97
53, 87
54, 85
55, 85
56, 85
57, 297
58, 85
59, 85
60, 86
61, 86
62, 87
63, 93
64, 85
65, 84
66, 84
67, 86
68, 83
69, 85
70, 82
71, 89
72, 86
73, 87
74, 96
75, 85
76, 88
77, 89
78, 87
79, 86
80, 89
81, 84
82, 145
83, 84
84, 85
85, 196
86, 88
87, 135
88, 86
89, 158
90, 139
91, 311
92, 117
93, 84
94, 88
95, 197
96, 84
97, 105
98, 85
99, 98
100, 86
101, 85
102, 84
103, 84
104, 82
105, 84
106, 104
107, 82
108, 84
109, 86
110, 83
111, 85
112, 83
113, 91
114, 85
115, 83
116, 96
117, 82
118, 82
119, 83
120, 84
121, 233
122, 86
123, 98
124, 88
125, 85
126, 88
127, 83
128, 150
129, 85
130, 86
131, 83
132, 83
133, 85
134, 187
135, 104
136, 87
137, 107
138, 141
139, 86
140, 84
141, 106
142, 85
143, 86
144, 86
145, 84
146, 86
147, 88
148, 114
149, 89
150, 87
151, 84
152, 86
153, 203
154, 87
155, 84
156, 86
157, 116
158, 326
159, 95
160, 96
161, 85
162, 157
163, 124
164, 586
165, 106
166, 83
167, 86
168, 218
169, 84
170, 85
171, 87
172, 86
173, 86
174, 84
175, 87
176, 112
177, 84
178, 86
179, 87
180, 92
181, 85
182, 84
183, 99
184, 115
185, 130
186, 103
187, 88
188, 152
189, 97
190, 136
