1, 181
2, 63
3, 160
4, 64
5, 138
6, 97
7, 70
8, 162
9, 247
10, 128
11, 153
12, 129
13, 273
14, 63
15, 142
16, 65
17, 66
18, 193
19, 90
20, 336
21, 73
22, 63
23, 84
24, 66
25, 292
26, 74
27, 62
28, 68
29, 64
30, 61
31, 65
32, 64
33, 83
34, 79
35, 62
36, 66
37, 64
38, 302
39, 63
40, 215
41, 63
42, 62
43, 63
44, 203
45, 69
46, 64
47, 148
48, 94
49, 65
50, 630
51, 65
52, 63
53, 63
54, 65
55, 97
56, 67
57, 64
58, 142
59, 82
60, 67
61, 106
62, 65
63, 63
64, 86
65, 70
66, 75
67, 63
68, 83
69, 64
70, 73
71, 146
72, 64
73, 89
74, 63
75, 74
76, 167
77, 148
78, 64
79, 93
80, 178
81, 63
82, 88
83, 63
84, 68
85, 88
86, 85
87, 101
88, 107
89, 67
90, 98
91, 64
92, 110
93, 115
94, 84
95, 123
96, 80
97, 85
98, 152
99, 116
100, 117
101, 65
102, 69
103, 141
104, 64
105, 166
106, 71
107, 63
108, 77
109, 65
110, 69
111, 82
112, 83
113, 85
114, 66
115, 61
116, 96
117, 62
118, 99
119, 73
120, 117
121, 82
122, 115
123, 79
124, 61
125, 76
126, 71
127, 64
128, 69
129, 127
130, 93
131, 130
132, 69
133, 92
134, 92
135, 65
136, 401
137, 157
138, 65
139, 107
140, 150
141, 73
142, 120
143, 78
144, 160
145, 155
146, 163
147, 90
148, 65
149, 81
150, 224
151, 117
152, 64
153, 69
154, 64
155, 62
156, 107
157, 64
158, 84
159, 99
160, 64
161, 160
162, 63
163, 66
164, 168
165, 66
166, 99
167, 84
168, 133
169, 65
170, 85
171, 64
172, 180
173, 69
174, 67
175, 60
176, 111
177, 62
178, 69
179, 78
180, 62
181, 63
182, 198
183, 64
184, 89
185, 124
186, 65
187, 63
188, 143
189, 64
190, 84
