1, 111
2, 114
3, 59
4, 74
5, 121
6, 58
7, 67
8, 61
9, 58
10, 242
11, 62
12, 81
13, 61
14, 222
15, 161
16, 425
17, 67
18, 70
19, 59
20, 477
21, 66
22, 58
23, 156
24, 178
25, 107
26, 60
27, 59
28, 173
29, 70
30, 77
31, 64
32, 96
33, 59
34, 61
35, 170
36, 66
37, 114
38, 81
39, 58
40, 74
41, 64
42, 70
43, 65
44, 60
45, 70
46, 58
47, 82
48, 173
49, 174
50, 62
51, 130
52, 90
53, 250
54, 60
55, 136
56, 74
57, 540
58, 58
59, 59
60, 61
61, 90
62, 59
63, 92
64, 59
65, 62
66, 62
67, 61
68, 64
69, 58
70, 128
71, 83
72, 59
73, 100
74, 163
75, 67
76, 102
77, 118
78, 136
79, 62
80, 192
81, 73
82, 150
83, 59
84, 62
85, 267
86, 63
87, 178
88, 63
89, 154
90, 85
91, 450
92, 146
93, 59
94, 63
95, 229
96, 59
97, 105
98, 64
99, 119
100, 63
101, 119
102, 61
103, 70
104, 60
105, 97
106, 80
107, 59
108, 88
109, 62
110, 60
111, 73
112, 60
113, 90
114, 94
115, 58
116, 134
117, 57
118, 61
119, 59
120, 61
121, 126
122, 73
123, 102
124, 60
125, 66
126, 90
127, 60
128, 151
129, 62
130, 98
131, 62
132, 58
133, 64
134, 253
135, 128
136, 106
137, 134
138, 142
139, 69
140, 61
141, 121
142, 64
143, 60
144, 62
145, 89
146, 63
147, 98
148, 77
149, 67
150, 81
151, 59
152, 94
153, 84
154, 64
155, 68
156, 60
157, 166
158, 120
159, 117
160, 107
161, 61
162, 160
163, 110
164, 731
165, 111
166, 59
167, 61
168, 323
169, 86
170, 70
171, 76
172, 64
173, 59
174, 75
175, 76
176, 179
177, 71
178, 62
179, 153
180, 110
181, 61
182, 84
183, 75
184, 203
185, 175
186, 139
187, 136
188, 280
189, 138
190, 158
