1, 241
2, 94
3, 127
4, 97
5, 111
6, 97
7, 93
8, 95
9, 129
10, 96
11, 104
12, 101
13, 218
14, 93
15, 100
16, 95
17, 95
18, 145
19, 94
20, 115
21, 93
22, 94
23, 95
24, 96
25, 194
26, 99
27, 92
28, 96
29, 95
30, 95
31, 95
32, 94
33, 93
34, 151
35, 94
36, 95
37, 95
38, 120
39, 93
40, 225
41, 94
42, 93
43, 94
44, 262
45, 95
46, 94
47, 104
48, 96
49, 96
50, 98
51, 95
52, 92
53, 94
54, 93
55, 101
56, 94
57, 94
58, 152
59, 96
60, 94
61, 95
62, 94
63, 95
64, 95
65, 95
66, 96
67, 95
68, 101
69, 94
70, 95
71, 145
72, 93
73, 93
74, 93
75, 95
76, 99
77, 109
78, 94
79, 107
80, 126
81, 97
82, 96
83, 94
84, 94
85, 95
86, 96
87, 92
88, 96
89, 97
90, 93
91, 93
92, 95
93, 120
94, 105
95, 99
96, 95
97, 96
98, 110
99, 96
100, 101
101, 97
102, 98
103, 366
104, 94
105, 156
106, 95
107, 94
108, 93
109, 95
110, 95
111, 95
112, 96
113, 95
114, 93
115, 97
116, 104
117, 96
118, 97
119, 96
120, 141
121, 96
122, 96
123, 97
124, 93
125, 127
126, 95
127, 95
128, 94
129, 286
130, 133
131, 94
132, 94
133, 95
134, 100
135, 104
136, 243
137, 128
138, 96
139, 101
140, 104
141, 99
142, 99
143, 96
144, 95
145, 105
146, 102
147, 94
148, 95
149, 94
150, 110
151, 99
152, 97
153, 96
154, 95
155, 94
156, 99
157, 95
158, 97
159, 95
160, 96
161, 97
162, 95
163, 95
164, 142
165, 94
166, 98
167, 98
168, 130
169, 94
170, 96
171, 93
172, 113
173, 93
174, 96
175, 93
176, 96
177, 95
178, 94
179, 93
180, 96
181, 93
182, 162
183, 95
184, 93
185, 97
186, 95
187, 94
188, 109
189, 95
190, 101
