1, 179
2, 57
3, 192
4, 57
5, 141
6, 101
7, 81
8, 151
9, 193
10, 132
11, 167
12, 140
13, 293
14, 59
15, 156
16, 56
17, 58
18, 139
19, 58
20, 401
21, 86
22, 57
23, 92
24, 65
25, 204
26, 73
27, 56
28, 69
29, 56
30, 56
31, 55
32, 59
33, 80
34, 182
35, 58
36, 76
37, 69
38, 159
39, 57
40, 242
41, 57
42, 56
43, 58
44, 268
45, 66
46, 62
47, 147
48, 109
49, 57
50, 181
51, 63
52, 65
53, 56
54, 56
55, 123
56, 57
57, 63
58, 241
59, 138
60, 64
61, 127
62, 66
63, 88
64, 97
65, 63
66, 65
67, 57
68, 317
69, 64
70, 69
71, 192
72, 60
73, 64
74, 57
75, 60
76, 125
77, 164
78, 58
79, 110
80, 113
81, 57
82, 97
83, 56
84, 69
85, 102
86, 94
87, 415
88, 117
89, 69
90, 97
91, 57
92, 136
93, 142
94, 110
95, 114
96, 95
97, 87
98, 162
99, 78
100, 136
101, 71
102, 71
103, 503
104, 56
105, 181
106, 68
107, 54
108, 73
109, 56
110, 58
111, 70
112, 100
113, 87
114, 56
115, 57
116, 93
117, 57
118, 97
119, 68
120, 165
121, 91
122, 94
123, 76
124, 59
125, 73
126, 73
127, 59
128, 86
129, 112
130, 278
131, 107
132, 65
133, 104
134, 91
135, 85
136, 328
137, 122
138, 60
139, 123
140, 131
141, 76
142, 85
143, 90
144, 141
145, 395
146, 155
147, 91
148, 70
149, 100
150, 192
151, 195
152, 60
153, 68
154, 56
155, 55
156, 90
157, 56
158, 87
159, 120
160, 58
161, 153
162, 55
163, 58
164, 214
165, 60
166, 101
167, 91
168, 127
169, 55
170, 134
171, 55
172, 171
173, 85
174, 71
175, 59
176, 67
177, 59
178, 79
179, 80
180, 54
181, 58
182, 249
183, 63
184, 107
185, 126
186, 58
187, 61
188, 113
189, 56
190, 75
