1, 201
2, 96
3, 64
4, 66
5, 166
6, 64
7, 67
8, 70
9, 65
10, 197
11, 66
12, 108
13, 66
14, 114
15, 174
16, 151
17, 92
18, 67
19, 63
20, 478
21, 70
22, 66
23, 102
24, 270
25, 74
26, 66
27, 67
28, 145
29, 69
30, 82
31, 65
32, 94
33, 65
34, 65
35, 342
36, 69
37, 87
38, 68
39, 66
40, 88
41, 68
42, 80
43, 67
44, 65
45, 68
46, 64
47, 70
48, 130
49, 142
50, 69
51, 201
52, 94
53, 78
54, 65
55, 67
56, 73
57, 264
58, 66
59, 66
60, 68
61, 77
62, 65
63, 83
64, 65
65, 64
66, 65
67, 65
68, 68
69, 67
70, 137
71, 533
72, 66
73, 89
74, 162
75, 70
76, 98
77, 111
78, 122
79, 65
80, 166
81, 64
82, 150
83, 63
84, 65
85, 72
86, 68
87, 172
88, 70
89, 225
90, 86
91, 245
92, 131
93, 64
94, 76
95, 228
96, 65
97, 91
98, 67
99, 132
100, 65
101, 81
102, 65
103, 81
104, 65
105, 67
106, 99
107, 65
108, 76
109, 70
110, 66
111, 74
112, 66
113, 80
114, 94
115, 66
116, 116
117, 65
118, 66
119, 64
120, 65
121, 131
122, 71
123, 91
124, 68
125, 65
126, 81
127, 65
128, 127
129, 69
130, 87
131, 66
132, 64
133, 67
134, 221
135, 115
136, 92
137, 142
138, 139
139, 75
140, 64
141, 188
142, 81
143, 66
144, 80
145, 267
146, 66
147, 71
148, 80
149, 92
150, 72
151, 78
152, 100
153, 106
154, 78
155, 75
156, 67
157, 151
158, 109
159, 104
160, 113
161, 66
162, 115
163, 101
164, 265
165, 91
166, 64
167, 67
168, 90
169, 110
170, 66
171, 65
172, 69
173, 65
174, 72
175, 81
176, 204
177, 84
178, 66
179, 180
180, 353
181, 86
182, 80
183, 94
184, 394
185, 222
186, 146
187, 81
188, 168
189, 101
190, 161
