1, 125
2, 126
3, 123
4, 121
5, 123
6, 123
7, 119
8, 121
9, 121
10, 127
11, 123
12, 121
13, 123
14, 120
15, 126
16, 295
17, 123
18, 122
19, 122
20, 121
21, 121
22, 124
23, 125
24, 212
25, 121
26, 122
27, 163
28, 141
29, 120
30, 128
31, 121
32, 125
33, 122
34, 123
35, 120
36, 122
37, 123
38, 120
39, 122
40, 125
41, 121
42, 126
43, 125
44, 123
45, 124
46, 122
47, 121
48, 124
49, 157
50, 124
51, 140
52, 123
53, 121
54, 122
55, 123
56, 121
57, 163
58, 122
59, 122
60, 124
61, 124
62, 120
63, 124
64, 121
65, 119
66, 123
67, 120
68, 122
69, 119
70, 123
71, 124
72, 122
73, 121
74, 125
75, 118
76, 129
77, 128
78, 123
79, 120
80, 119
81, 122
82, 157
83, 122
84, 122
85, 122
86, 122
87, 123
88, 121
89, 138
90, 122
91, 232
92, 139
93, 124
94, 127
95, 172
96, 122
97, 130
98, 120
99, 123
100, 123
101, 124
102, 124
103, 121
104, 123
105, 122
106, 122
107, 122
108, 120
109, 122
110, 125
111, 122
112, 119
113, 124
114, 121
115, 123
116, 145
117, 122
118, 125
119, 120
120, 123
121, 122
122, 119
123, 124
124, 122
125, 123
126, 122
127, 123
128, 122
129, 123
130, 123
131, 123
132, 123
133, 123
134, 191
135, 123
136, 121
137, 124
138, 120
139, 123
140, 122
141, 121
142, 122
143, 123
144, 120
145, 159
146, 123
147, 121
148, 123
149, 120
150, 124
151, 121
152, 119
153, 122
154, 124
155, 122
156, 120
157, 123
158, 121
159, 122
160, 122
161, 121
162, 126
163, 136
164, 427
165, 133
166, 125
167, 120
168, 124
169, 120
170, 123
171, 186
172, 120
173, 121
174, 121
175, 120
176, 122
177, 122
178, 119
179, 120
180, 122
181, 118
182, 121
183, 121
184, 146
185, 125
186, 119
187, 122
188, 127
189, 123
190, 121
