1, 108
2, 120
3, 104
4, 108
5, 109
6, 108
7, 105
8, 106
9, 106
10, 106
11, 105
12, 108
13, 108
14, 108
15, 120
16, 306
17, 109
18, 105
19, 111
20, 109
21, 105
22, 104
23, 249
24, 204
25, 139
26, 107
27, 109
28, 135
29, 107
30, 108
31, 106
32, 106
33, 106
34, 108
35, 148
36, 105
37, 142
38, 106
39, 109
40, 108
41, 107
42, 106
43, 109
44, 108
45, 107
46, 109
47, 107
48, 121
49, 107
50, 109
51, 129
52, 114
53, 108
54, 111
55, 107
56, 106
57, 156
58, 102
59, 109
60, 109
61, 109
62, 108
63, 108
64, 107
65, 107
66, 105
67, 106
68, 105
69, 107
70, 105
71, 114
72, 108
73, 105
74, 116
75, 108
76, 110
77, 106
78, 107
79, 107
80, 271
81, 106
82, 150
83, 104
84, 105
85, 107
86, 107
87, 112
88, 108
89, 110
90, 106
91, 270
92, 141
93, 107
94, 105
95, 183
96, 106
97, 114
98, 107
99, 107
100, 105
101, 107
102, 107
103, 109
104, 106
105, 106
106, 105
107, 109
108, 107
109, 107
110, 108
111, 110
112, 107
113, 113
114, 107
115, 107
116, 116
117, 111
118, 107
119, 108
120, 106
121, 107
122, 108
123, 108
124, 105
125, 107
126, 106
127, 108
128, 105
129, 107
130, 109
131, 106
132, 104
133, 105
134, 180
135, 113
136, 213
137, 105
138, 128
139, 108
140, 104
141, 111
142, 107
143, 109
144, 124
145, 110
146, 104
147, 107
148, 104
149, 110
150, 108
151, 106
152, 104
153, 120
154, 104
155, 103
156, 107
157, 122
158, 118
159, 108
160, 112
161, 107
162, 110
163, 119
164, 480
165, 121
166, 108
167, 108
168, 107
169, 149
170, 108
171, 156
172, 105
173, 107
174, 105
175, 106
176, 129
177, 107
178, 110
179, 111
180, 172
181, 108
182, 106
183, 109
184, 133
185, 159
186, 140
187, 110
188, 111
189, 208
190, 121
