1, 327
2, 62
3, 223
4, 62
5, 143
6, 97
7, 78
8, 131
9, 156
10, 108
11, 156
12, 136
13, 280
14, 60
15, 141
16, 60
17, 70
18, 200
19, 59
20, 170
21, 72
22, 60
23, 104
24, 63
25, 201
26, 93
27, 58
28, 75
29, 59
30, 59
31, 62
32, 60
33, 74
34, 146
35, 59
36, 66
37, 63
38, 244
39, 60
40, 313
41, 60
42, 70
43, 59
44, 260
45, 68
46, 63
47, 114
48, 112
49, 59
50, 403
51, 60
52, 61
53, 57
54, 61
55, 109
56, 59
57, 70
58, 131
59, 99
60, 59
61, 103
62, 63
63, 60
64, 99
65, 66
66, 115
67, 58
68, 105
69, 64
70, 82
71, 131
72, 60
73, 91
74, 60
75, 70
76, 123
77, 183
78, 60
79, 93
80, 126
81, 60
82, 78
83, 58
84, 67
85, 84
86, 84
87, 116
88, 129
89, 79
90, 92
91, 62
92, 125
93, 112
94, 94
95, 106
96, 79
97, 87
98, 106
99, 89
100, 115
101, 68
102, 66
103, 139
104, 59
105, 189
106, 78
107, 60
108, 75
109, 61
110, 62
111, 75
112, 82
113, 82
114, 60
115, 58
116, 97
117, 58
118, 103
119, 66
120, 155
121, 87
122, 110
123, 74
124, 61
125, 69
126, 78
127, 60
128, 69
129, 127
130, 129
131, 138
132, 64
133, 91
134, 87
135, 113
136, 302
137, 120
138, 63
139, 101
140, 152
141, 82
142, 119
143, 98
144, 136
145, 140
146, 146
147, 70
148, 74
149, 92
150, 328
151, 152
152, 60
153, 65
154, 60
155, 59
156, 104
157, 62
158, 88
159, 125
160, 59
161, 140
162, 60
163, 62
164, 178
165, 60
166, 66
167, 91
168, 230
169, 59
170, 86
171, 59
172, 138
173, 79
174, 67
175, 62
176, 104
177, 60
178, 72
179, 78
180, 60
181, 60
182, 193
183, 63
184, 91
185, 136
186, 59
187, 61
188, 106
189, 60
190, 69
