1, 112
2, 110
3, 109
4, 120
5, 111
6, 111
7, 111
8, 113
9, 112
10, 114
11, 115
12, 113
13, 109
14, 113
15, 138
16, 111
17, 112
18, 113
19, 113
20, 128
21, 112
22, 110
23, 119
24, 204
25, 192
26, 112
27, 113
28, 141
29, 113
30, 114
31, 112
32, 115
33, 111
34, 110
35, 112
36, 115
37, 112
38, 109
39, 112
40, 113
41, 115
42, 113
43, 108
44, 110
45, 112
46, 113
47, 113
48, 118
49, 114
50, 110
51, 125
52, 113
53, 113
54, 111
55, 237
56, 111
57, 287
58, 108
59, 112
60, 111
61, 115
62, 113
63, 110
64, 111
65, 113
66, 113
67, 113
68, 110
69, 111
70, 117
71, 197
72, 110
73, 113
74, 114
75, 110
76, 111
77, 115
78, 113
79, 111
80, 112
81, 114
82, 155
83, 113
84, 109
85, 114
86, 110
87, 116
88, 115
89, 127
90, 125
91, 162
92, 128
93, 111
94, 112
95, 165
96, 111
97, 111
98, 111
99, 111
100, 111
101, 112
102, 112
103, 112
104, 110
105, 112
106, 111
107, 112
108, 114
109, 112
110, 111
111, 112
112, 113
113, 114
114, 110
115, 113
116, 123
117, 111
118, 111
119, 111
120, 110
121, 112
122, 111
123, 109
124, 110
125, 111
126, 112
127, 109
128, 113
129, 115
130, 111
131, 112
132, 111
133, 113
134, 167
135, 113
136, 115
137, 111
138, 112
139, 110
140, 113
141, 114
142, 110
143, 110
144, 112
145, 109
146, 112
147, 113
148, 110
149, 108
150, 114
151, 112
152, 113
153, 178
154, 110
155, 112
156, 113
157, 111
158, 125
159, 110
160, 114
161, 112
162, 114
163, 140
164, 400
165, 115
166, 111
167, 111
168, 113
169, 113
170, 112
171, 111
172, 115
173, 113
174, 112
175, 111
176, 114
177, 110
178, 109
179, 112
180, 113
181, 108
182, 111
183, 113
184, 264
185, 122
186, 149
187, 129
188, 135
189, 115
190, 114
