1, 95
2, 87
3, 73
4, 82
5, 159
6, 71
7, 71
8, 70
9, 70
10, 162
11, 72
12, 81
13, 70
14, 78
15, 151
16, 488
17, 72
18, 76
19, 71
20, 188
21, 70
22, 72
23, 258
24, 221
25, 76
26, 72
27, 73
28, 143
29, 72
30, 74
31, 73
32, 71
33, 73
34, 72
35, 335
36, 71
37, 151
38, 76
39, 70
40, 74
41, 73
42, 81
43, 73
44, 73
45, 75
46, 71
47, 72
48, 143
49, 105
50, 72
51, 122
52, 85
53, 80
54, 70
55, 332
56, 75
57, 434
58, 71
59, 73
60, 73
61, 87
62, 71
63, 82
64, 72
65, 72
66, 74
67, 72
68, 71
69, 69
70, 123
71, 92
72, 71
73, 87
74, 95
75, 84
76, 90
77, 113
78, 74
79, 72
80, 398
81, 73
82, 138
83, 72
84, 72
85, 73
86, 73
87, 148
88, 80
89, 190
90, 82
91, 305
92, 126
93, 70
94, 70
95, 195
96, 73
97, 96
98, 73
99, 114
100, 72
101, 138
102, 70
103, 75
104, 72
105, 72
106, 79
107, 73
108, 74
109, 74
110, 72
111, 72
112, 72
113, 90
114, 87
115, 72
116, 98
117, 70
118, 71
119, 72
120, 71
121, 219
122, 74
123, 77
124, 72
125, 71
126, 74
127, 71
128, 71
129, 73
130, 77
131, 71
132, 72
133, 71
134, 195
135, 119
136, 337
137, 111
138, 109
139, 72
140, 73
141, 307
142, 72
143, 72
144, 85
145, 96
146, 75
147, 74
148, 84
149, 75
150, 77
151, 76
152, 90
153, 97
154, 78
155, 71
156, 71
157, 125
158, 118
159, 100
160, 112
161, 71
162, 158
163, 111
164, 278
165, 98
166, 70
167, 72
168, 325
169, 92
170, 76
171, 73
172, 72
173, 71
174, 71
175, 81
176, 195
177, 74
178, 73
179, 106
180, 95
181, 77
182, 74
183, 83
184, 159
185, 121
186, 92
187, 78
188, 190
189, 242
190, 162
