1, 238
2, 146
3, 152
4, 154
5, 154
6, 152
7, 147
8, 146
9, 149
10, 148
11, 153
12, 153
13, 151
14, 148
15, 152
16, 148
17, 151
18, 146
19, 148
20, 169
21, 150
22, 150
23, 147
24, 148
25, 147
26, 148
27, 147
28, 147
29, 149
30, 151
31, 149
32, 150
33, 146
34, 153
35, 150
36, 149
37, 146
38, 220
39, 151
40, 150
41, 148
42, 150
43, 152
44, 160
45, 152
46, 152
47, 152
48, 148
49, 149
50, 150
51, 151
52, 151
53, 151
54, 153
55, 169
56, 152
57, 152
58, 167
59, 153
60, 152
61, 147
62, 150
63, 156
64, 159
65, 148
66, 151
67, 151
68, 210
69, 150
70, 174
71, 176
72, 150
73, 151
74, 150
75, 151
76, 169
77, 150
78, 146
79, 149
80, 147
81, 150
82, 148
83, 148
84, 147
85, 150
86, 151
87, 153
88, 150
89, 147
90, 150
91, 152
92, 148
93, 150
94, 151
95, 147
96, 148
97, 149
98, 151
99, 149
100, 158
101, 147
102, 147
103, 248
104, 149
105, 155
106, 149
107, 146
108, 151
109, 148
110, 147
111, 149
112, 151
113, 148
114, 150
115, 151
116, 147
117, 148
118, 149
119, 150
120, 151
121, 149
122, 148
123, 148
124, 147
125, 149
126, 149
127, 150
128, 148
129, 151
130, 202
131, 149
132, 150
133, 147
134, 146
135, 153
136, 248
137, 150
138, 149
139, 146
140, 149
141, 146
142, 150
143, 147
144, 149
145, 147
146, 149
147, 150
148, 148
149, 148
150, 213
151, 147
152, 151
153, 150
154, 149
155, 151
156, 160
157, 151
158, 147
159, 159
160, 147
161, 151
162, 148
163, 148
164, 167
165, 150
166, 147
167, 147
168, 180
169, 152
170, 147
171, 148
172, 150
173, 152
174, 148
175, 150
176, 150
177, 155
178, 152
179, 149
180, 150
181, 151
182, 147
183, 147
184, 148
185, 149
186, 149
187, 149
188, 148
189, 149
190, 149
