1, 114
2, 98
3, 88
4, 86
5, 126
6, 88
7, 86
8, 88
9, 88
10, 176
11, 90
12, 89
13, 86
14, 105
15, 139
16, 124
17, 90
18, 88
19, 87
20, 143
21, 86
22, 86
23, 88
24, 214
25, 91
26, 88
27, 87
28, 152
29, 89
30, 90
31, 87
32, 102
33, 89
34, 88
35, 114
36, 89
37, 94
38, 91
39, 86
40, 88
41, 89
42, 90
43, 87
44, 87
45, 87
46, 88
47, 89
48, 123
49, 144
50, 88
51, 120
52, 97
53, 86
54, 87
55, 260
56, 87
57, 195
58, 88
59, 87
60, 88
61, 100
62, 88
63, 90
64, 90
65, 88
66, 91
67, 89
68, 89
69, 87
70, 111
71, 89
72, 90
73, 90
74, 97
75, 87
76, 91
77, 107
78, 103
79, 88
80, 94
81, 89
82, 140
83, 88
84, 89
85, 90
86, 88
87, 132
88, 90
89, 134
90, 111
91, 399
92, 131
93, 90
94, 94
95, 199
96, 91
97, 93
98, 88
99, 97
100, 91
101, 128
102, 90
103, 89
104, 89
105, 149
106, 90
107, 86
108, 89
109, 88
110, 87
111, 87
112, 88
113, 93
114, 92
115, 89
116, 116
117, 88
118, 89
119, 85
120, 90
121, 252
122, 87
123, 90
124, 88
125, 88
126, 88
127, 87
128, 89
129, 89
130, 92
131, 88
132, 86
133, 87
134, 204
135, 105
136, 183
137, 104
138, 114
139, 90
140, 87
141, 274
142, 87
143, 88
144, 90
145, 92
146, 88
147, 87
148, 87
149, 89
150, 91
151, 88
152, 89
153, 92
154, 89
155, 89
156, 87
157, 103
158, 91
159, 91
160, 109
161, 87
162, 92
163, 115
164, 186
165, 116
166, 87
167, 87
168, 89
169, 120
170, 93
171, 91
172, 88
173, 88
174, 92
175, 90
176, 115
177, 98
178, 85
179, 88
180, 206
181, 89
182, 90
183, 91
184, 183
185, 121
186, 94
187, 114
188, 181
189, 99
190, 133
