1, 98
2, 113
3, 63
4, 65
5, 295
6, 62
7, 63
8, 63
9, 62
10, 174
11, 62
12, 75
13, 61
14, 105
15, 165
16, 574
17, 69
18, 63
19, 59
20, 170
21, 66
22, 62
23, 99
24, 198
25, 76
26, 61
27, 63
28, 156
29, 60
30, 77
31, 64
32, 97
33, 61
34, 64
35, 132
36, 67
37, 97
38, 77
39, 63
40, 77
41, 67
42, 83
43, 81
44, 61
45, 70
46, 62
47, 78
48, 160
49, 168
50, 78
51, 139
52, 93
53, 84
54, 60
55, 71
56, 81
57, 576
58, 61
59, 62
60, 62
61, 97
62, 61
63, 72
64, 61
65, 62
66, 61
67, 62
68, 65
69, 63
70, 146
71, 82
72, 64
73, 94
74, 150
75, 73
76, 85
77, 152
78, 130
79, 62
80, 109
81, 71
82, 142
83, 62
84, 60
85, 259
86, 64
87, 168
88, 64
89, 299
90, 127
91, 414
92, 128
93, 62
94, 66
95, 242
96, 63
97, 99
98, 66
99, 107
100, 60
101, 79
102, 61
103, 75
104, 64
105, 69
106, 74
107, 61
108, 105
109, 61
110, 61
111, 71
112, 61
113, 92
114, 98
115, 65
116, 131
117, 62
118, 61
119, 63
120, 62
121, 127
122, 79
123, 77
124, 66
125, 63
126, 83
127, 63
128, 131
129, 63
130, 75
131, 62
132, 60
133, 60
134, 233
135, 115
136, 79
137, 152
138, 168
139, 77
140, 60
141, 183
142, 61
143, 62
144, 85
145, 119
146, 73
147, 72
148, 90
149, 69
150, 79
151, 62
152, 101
153, 99
154, 67
155, 65
156, 63
157, 177
158, 118
159, 111
160, 145
161, 63
162, 105
163, 126
164, 269
165, 99
166, 61
167, 64
168, 304
169, 90
170, 69
171, 79
172, 64
173, 61
174, 72
175, 88
176, 182
177, 74
178, 65
179, 140
180, 96
181, 68
182, 75
183, 75
184, 197
185, 233
186, 188
187, 84
188, 511
189, 118
190, 139
