1, 214
2, 71
3, 115
4, 70
5, 119
6, 103
7, 72
8, 123
9, 241
10, 106
11, 131
12, 106
13, 224
14, 70
15, 70
16, 67
17, 70
18, 168
19, 71
20, 318
21, 70
22, 69
23, 88
24, 69
25, 262
26, 81
27, 68
28, 69
29, 70
30, 68
31, 69
32, 69
33, 77
34, 135
35, 70
36, 71
37, 70
38, 145
39, 71
40, 194
41, 69
42, 69
43, 71
44, 216
45, 70
46, 68
47, 106
48, 85
49, 73
50, 284
51, 68
52, 71
53, 68
54, 69
55, 102
56, 69
57, 71
58, 541
59, 87
60, 69
61, 106
62, 70
63, 127
64, 103
65, 71
66, 71
67, 69
68, 105
69, 70
70, 79
71, 118
72, 67
73, 82
74, 68
75, 74
76, 115
77, 149
78, 68
79, 108
80, 167
81, 69
82, 76
83, 70
84, 70
85, 87
86, 73
87, 91
88, 102
89, 70
90, 85
91, 70
92, 119
93, 121
94, 71
95, 99
96, 97
97, 88
98, 167
99, 70
100, 145
101, 74
102, 74
103, 320
104, 69
105, 173
106, 71
107, 70
108, 75
109, 71
110, 67
111, 79
112, 82
113, 81
114, 70
115, 70
116, 93
117, 69
118, 91
119, 69
120, 82
121, 82
122, 94
123, 74
124, 69
125, 71
126, 78
127, 69
128, 69
129, 96
130, 107
131, 89
132, 71
133, 74
134, 88
135, 70
136, 284
137, 152
138, 70
139, 131
140, 155
141, 80
142, 171
143, 85
144, 120
145, 133
146, 143
147, 73
148, 76
149, 81
150, 139
151, 145
152, 71
153, 72
154, 69
155, 68
156, 104
157, 70
158, 81
159, 84
160, 72
161, 109
162, 69
163, 69
164, 166
165, 70
166, 97
167, 80
168, 119
169, 69
170, 88
171, 70
172, 154
173, 73
174, 74
175, 70
176, 98
177, 70
178, 102
179, 73
180, 71
181, 68
182, 185
183, 69
184, 86
185, 108
186, 70
187, 70
188, 106
189, 69
190, 73
