1, 97
2, 94
3, 95
4, 95
5, 143
6, 93
7, 96
8, 94
9, 93
10, 102
11, 96
12, 104
13, 96
14, 93
15, 127
16, 351
17, 95
18, 104
19, 94
20, 104
21, 95
22, 95
23, 107
24, 219
25, 94
26, 94
27, 98
28, 143
29, 94
30, 94
31, 95
32, 101
33, 96
34, 95
35, 182
36, 94
37, 99
38, 95
39, 94
40, 93
41, 95
42, 96
43, 94
44, 96
45, 93
46, 96
47, 98
48, 111
49, 134
50, 97
51, 130
52, 105
53, 95
54, 93
55, 96
56, 95
57, 224
58, 97
59, 93
60, 95
61, 105
62, 95
63, 98
64, 96
65, 95
66, 94
67, 92
68, 93
69, 96
70, 97
71, 156
72, 94
73, 98
74, 97
75, 98
76, 96
77, 98
78, 95
79, 94
80, 109
81, 95
82, 144
83, 96
84, 93
85, 95
86, 98
87, 126
88, 99
89, 105
90, 114
91, 194
92, 140
93, 94
94, 96
95, 182
96, 95
97, 110
98, 93
99, 95
100, 95
101, 134
102, 95
103, 98
104, 95
105, 95
106, 94
107, 95
108, 96
109, 94
110, 93
111, 93
112, 95
113, 94
114, 96
115, 95
116, 100
117, 94
118, 92
119, 95
120, 94
121, 94
122, 94
123, 96
124, 95
125, 96
126, 93
127, 93
128, 96
129, 95
130, 100
131, 94
132, 95
133, 95
134, 168
135, 98
136, 100
137, 107
138, 96
139, 94
140, 94
141, 108
142, 97
143, 94
144, 96
145, 94
146, 94
147, 96
148, 94
149, 97
150, 92
151, 95
152, 92
153, 164
154, 94
155, 104
156, 94
157, 105
158, 98
159, 94
160, 120
161, 96
162, 136
163, 121
164, 499
165, 105
166, 95
167, 94
168, 209
169, 92
170, 96
171, 176
172, 95
173, 95
174, 104
175, 95
176, 149
177, 96
178, 97
179, 144
180, 111
181, 94
182, 94
183, 108
184, 146
185, 119
186, 96
187, 107
188, 105
189, 95
190, 108
