1, 343
2, 62
3, 225
4, 64
5, 164
6, 86
7, 73
8, 122
9, 121
10, 114
11, 144
12, 143
13, 288
14, 62
15, 94
16, 60
17, 73
18, 228
19, 62
20, 142
21, 75
22, 60
23, 88
24, 62
25, 293
26, 93
27, 62
28, 79
29, 62
30, 61
31, 63
32, 62
33, 73
34, 77
35, 62
36, 64
37, 71
38, 141
39, 61
40, 365
41, 62
42, 61
43, 61
44, 199
45, 149
46, 62
47, 132
48, 100
49, 62
50, 796
51, 106
52, 62
53, 61
54, 61
55, 106
56, 62
57, 62
58, 238
59, 116
60, 64
61, 128
62, 64
63, 65
64, 100
65, 66
66, 63
67, 63
68, 108
69, 64
70, 69
71, 161
72, 61
73, 78
74, 61
75, 69
76, 152
77, 121
78, 63
79, 107
80, 122
81, 62
82, 77
83, 61
84, 73
85, 84
86, 84
87, 97
88, 103
89, 75
90, 95
91, 64
92, 113
93, 117
94, 71
95, 97
96, 92
97, 84
98, 229
99, 81
100, 114
101, 75
102, 66
103, 486
104, 62
105, 167
106, 68
107, 62
108, 64
109, 61
110, 89
111, 68
112, 84
113, 83
114, 61
115, 60
116, 95
117, 62
118, 108
119, 64
120, 114
121, 94
122, 116
123, 74
124, 61
125, 106
126, 73
127, 62
128, 76
129, 96
130, 110
131, 140
132, 64
133, 109
134, 99
135, 68
136, 284
137, 150
138, 64
139, 107
140, 116
141, 79
142, 127
143, 78
144, 153
145, 372
146, 179
147, 82
148, 66
149, 78
150, 167
151, 156
152, 62
153, 63
154, 60
155, 61
156, 115
157, 61
158, 87
159, 100
160, 62
161, 139
162, 60
163, 64
164, 170
165, 61
166, 100
167, 93
168, 114
169, 61
170, 86
171, 61
172, 152
173, 76
174, 69
175, 60
176, 108
177, 60
178, 178
179, 74
180, 62
181, 60
182, 159
183, 64
184, 84
185, 136
186, 61
187, 65
188, 137
189, 63
190, 85
