1, 98
2, 99
3, 91
4, 103
5, 133
6, 92
7, 90
8, 92
9, 91
10, 153
11, 89
12, 96
13, 92
14, 100
15, 137
16, 360
17, 106
18, 92
19, 90
20, 103
21, 93
22, 91
23, 92
24, 177
25, 258
26, 92
27, 93
28, 158
29, 91
30, 91
31, 90
32, 93
33, 90
34, 92
35, 204
36, 92
37, 98
38, 95
39, 91
40, 94
41, 88
42, 90
43, 90
44, 90
45, 93
46, 90
47, 92
48, 121
49, 115
50, 89
51, 117
52, 105
53, 90
54, 92
55, 111
56, 90
57, 226
58, 90
59, 90
60, 89
61, 91
62, 93
63, 92
64, 92
65, 89
66, 90
67, 92
68, 92
69, 91
70, 91
71, 93
72, 88
73, 90
74, 120
75, 94
76, 92
77, 106
78, 93
79, 90
80, 309
81, 90
82, 135
83, 91
84, 92
85, 94
86, 93
87, 132
88, 91
89, 174
90, 91
91, 315
92, 113
93, 91
94, 92
95, 183
96, 91
97, 104
98, 93
99, 99
100, 93
101, 91
102, 88
103, 91
104, 90
105, 98
106, 92
107, 89
108, 91
109, 92
110, 92
111, 91
112, 91
113, 100
114, 92
115, 93
116, 91
117, 90
118, 91
119, 89
120, 92
121, 230
122, 92
123, 90
124, 93
125, 91
126, 91
127, 91
128, 91
129, 91
130, 91
131, 93
132, 89
133, 90
134, 181
135, 105
136, 92
137, 96
138, 111
139, 90
140, 92
141, 93
142, 93
143, 91
144, 110
145, 90
146, 91
147, 94
148, 91
149, 109
150, 97
151, 90
152, 91
153, 136
154, 91
155, 105
156, 92
157, 109
158, 91
159, 95
160, 91
161, 90
162, 99
163, 146
164, 503
165, 100
166, 91
167, 92
168, 96
169, 92
170, 92
171, 92
172, 90
173, 92
174, 92
175, 91
176, 160
177, 93
178, 91
179, 153
180, 90
181, 107
182, 93
183, 90
184, 163
185, 122
186, 98
187, 93
188, 118
189, 187
190, 122
