1, 110
2, 86
3, 78
4, 83
5, 84
6, 79
7, 79
8, 78
9, 76
10, 175
11, 78
12, 82
13, 79
14, 108
15, 143
16, 126
17, 80
18, 79
19, 79
20, 357
21, 79
22, 78
23, 90
24, 221
25, 80
26, 78
27, 79
28, 136
29, 78
30, 81
31, 82
32, 92
33, 78
34, 79
35, 97
36, 78
37, 133
38, 103
39, 79
40, 87
41, 86
42, 79
43, 79
44, 79
45, 79
46, 79
47, 79
48, 125
49, 98
50, 78
51, 121
52, 97
53, 83
54, 78
55, 320
56, 84
57, 376
58, 79
59, 79
60, 78
61, 84
62, 79
63, 79
64, 79
65, 78
66, 79
67, 79
68, 77
69, 79
70, 120
71, 85
72, 79
73, 93
74, 89
75, 87
76, 87
77, 100
78, 103
79, 79
80, 332
81, 81
82, 162
83, 79
84, 81
85, 219
86, 80
87, 138
88, 82
89, 131
90, 88
91, 211
92, 125
93, 77
94, 87
95, 230
96, 80
97, 98
98, 79
99, 98
100, 79
101, 89
102, 78
103, 82
104, 80
105, 117
106, 79
107, 78
108, 77
109, 80
110, 78
111, 81
112, 78
113, 81
114, 92
115, 78
116, 85
117, 79
118, 78
119, 79
120, 80
121, 110
122, 78
123, 82
124, 77
125, 80
126, 87
127, 79
128, 111
129, 79
130, 92
131, 80
132, 79
133, 79
134, 194
135, 107
136, 166
137, 116
138, 95
139, 78
140, 77
141, 155
142, 80
143, 81
144, 82
145, 140
146, 82
147, 83
148, 79
149, 82
150, 80
151, 78
152, 84
153, 131
154, 82
155, 82
156, 78
157, 159
158, 90
159, 96
160, 107
161, 78
162, 106
163, 135
164, 576
165, 105
166, 79
167, 79
168, 83
169, 84
170, 79
171, 157
172, 81
173, 79
174, 106
175, 81
176, 147
177, 79
178, 81
179, 78
180, 90
181, 78
182, 82
183, 79
184, 88
185, 150
186, 175
187, 87
188, 180
189, 89
190, 134
