1, 150
2, 85
3, 140
4, 84
5, 120
6, 101
7, 92
8, 87
9, 258
10, 109
11, 118
12, 131
13, 228
14, 87
15, 122
16, 82
17, 87
18, 125
19, 84
20, 274
21, 87
22, 84
23, 88
24, 86
25, 89
26, 87
27, 84
28, 85
29, 84
30, 83
31, 85
32, 84
33, 85
34, 85
35, 85
36, 86
37, 84
38, 104
39, 85
40, 166
41, 85
42, 87
43, 85
44, 157
45, 84
46, 84
47, 92
48, 85
49, 86
50, 262
51, 87
52, 85
53, 83
54, 83
55, 122
56, 85
57, 87
58, 394
59, 87
60, 86
61, 93
62, 84
63, 87
64, 111
65, 87
66, 91
67, 87
68, 100
69, 85
70, 132
71, 134
72, 86
73, 86
74, 85
75, 91
76, 110
77, 91
78, 85
79, 108
80, 109
81, 85
82, 91
83, 87
84, 84
85, 86
86, 96
87, 168
88, 87
89, 86
90, 87
91, 84
92, 89
93, 98
94, 96
95, 94
96, 124
97, 90
98, 121
99, 85
100, 117
101, 85
102, 86
103, 351
104, 84
105, 156
106, 85
107, 84
108, 86
109, 84
110, 84
111, 84
112, 87
113, 85
114, 84
115, 86
116, 103
117, 84
118, 99
119, 85
120, 111
121, 89
122, 86
123, 98
124, 83
125, 86
126, 83
127, 85
128, 84
129, 106
130, 187
131, 94
132, 85
133, 83
134, 90
135, 97
136, 220
137, 116
138, 84
139, 89
140, 90
141, 85
142, 85
143, 85
144, 221
145, 107
146, 109
147, 83
148, 83
149, 84
150, 129
151, 97
152, 84
153, 83
154, 85
155, 83
156, 87
157, 84
158, 89
159, 90
160, 85
161, 140
162, 85
163, 85
164, 163
165, 84
166, 84
167, 90
168, 125
169, 83
170, 84
171, 84
172, 179
173, 87
174, 82
175, 85
176, 84
177, 84
178, 85
179, 84
180, 85
181, 84
182, 88
183, 94
184, 91
185, 94
186, 86
187, 86
188, 88
189, 86
190, 85
