1, 164
2, 120
3, 158
4, 128
5, 124
6, 123
7, 123
8, 124
9, 122
10, 121
11, 122
12, 126
13, 135
14, 123
15, 121
16, 123
17, 125
18, 136
19, 122
20, 189
21, 124
22, 123
23, 122
24, 122
25, 122
26, 122
27, 121
28, 122
29, 121
30, 123
31, 121
32, 124
33, 120
34, 124
35, 122
36, 121
37, 122
38, 123
39, 124
40, 121
41, 122
42, 124
43, 124
44, 169
45, 122
46, 122
47, 120
48, 122
49, 121
50, 219
51, 121
52, 123
53, 121
54, 121
55, 174
56, 121
57, 123
58, 125
59, 120
60, 124
61, 121
62, 119
63, 121
64, 122
65, 122
66, 120
67, 120
68, 138
69, 125
70, 143
71, 166
72, 124
73, 121
74, 123
75, 124
76, 124
77, 137
78, 118
79, 122
80, 122
81, 119
82, 123
83, 124
84, 124
85, 121
86, 124
87, 127
88, 120
89, 124
90, 119
91, 124
92, 121
93, 121
94, 119
95, 121
96, 124
97, 124
98, 125
99, 122
100, 123
101, 122
102, 123
103, 252
104, 122
105, 178
106, 124
107, 120
108, 125
109, 122
110, 121
111, 126
112, 124
113, 123
114, 125
115, 123
116, 127
117, 123
118, 121
119, 121
120, 125
121, 124
122, 121
123, 125
124, 122
125, 118
126, 125
127, 123
128, 122
129, 124
130, 126
131, 121
132, 123
133, 120
134, 120
135, 122
136, 250
137, 132
138, 121
139, 125
140, 124
141, 122
142, 122
143, 124
144, 126
145, 129
146, 121
147, 121
148, 121
149, 119
150, 122
151, 123
152, 121
153, 121
154, 121
155, 121
156, 130
157, 124
158, 121
159, 124
160, 123
161, 123
162, 125
163, 122
164, 161
165, 124
166, 122
167, 121
168, 140
169, 122
170, 122
171, 122
172, 119
173, 121
174, 122
175, 122
176, 137
177, 124
178, 123
179, 121
180, 121
181, 122
182, 229
183, 123
184, 127
185, 124
186, 122
187, 123
188, 124
189, 123
190, 123
