1, 203
2, 132
3, 132
4, 131
5, 138
6, 139
7, 135
8, 133
9, 135
10, 135
11, 135
12, 136
13, 143
14, 135
15, 137
16, 134
17, 134
18, 139
19, 137
20, 138
21, 135
22, 133
23, 139
24, 132
25, 150
26, 135
27, 132
28, 133
29, 135
30, 132
31, 136
32, 136
33, 134
34, 176
35, 135
36, 135
37, 135
38, 188
39, 133
40, 164
41, 136
42, 135
43, 131
44, 167
45, 133
46, 134
47, 134
48, 133
49, 137
50, 193
51, 134
52, 134
53, 137
54, 133
55, 134
56, 134
57, 134
58, 136
59, 131
60, 135
61, 133
62, 132
63, 136
64, 134
65, 136
66, 135
67, 132
68, 135
69, 134
70, 128
71, 185
72, 133
73, 134
74, 135
75, 133
76, 137
77, 134
78, 136
79, 134
80, 141
81, 136
82, 132
83, 133
84, 134
85, 134
86, 145
87, 136
88, 134
89, 136
90, 136
91, 132
92, 137
93, 343
94, 141
95, 132
96, 135
97, 134
98, 132
99, 137
100, 152
101, 133
102, 134
103, 225
104, 134
105, 159
106, 137
107, 155
108, 139
109, 135
110, 137
111, 134
112, 136
113, 133
114, 136
115, 132
116, 136
117, 136
118, 135
119, 132
120, 132
121, 134
122, 134
123, 133
124, 133
125, 134
126, 132
127, 134
128, 136
129, 135
130, 191
131, 133
132, 132
133, 136
134, 135
135, 135
136, 262
137, 138
138, 135
139, 133
140, 147
141, 131
142, 133
143, 134
144, 135
145, 135
146, 138
147, 139
148, 134
149, 135
150, 135
151, 133
152, 135
153, 134
154, 135
155, 135
156, 134
157, 136
158, 133
159, 144
160, 136
161, 137
162, 135
163, 136
164, 163
165, 135
166, 137
167, 137
168, 204
169, 139
170, 137
171, 135
172, 136
173, 135
174, 133
175, 136
176, 142
177, 132
178, 133
179, 136
180, 136
181, 133
182, 140
183, 134
184, 135
185, 134
186, 135
187, 135
188, 135
189, 135
190, 137
