1, 162
2, 115
3, 63
4, 71
5, 273
6, 63
7, 64
8, 64
9, 63
10, 135
11, 63
12, 80
13, 63
14, 114
15, 184
16, 561
17, 66
18, 78
19, 63
20, 101
21, 67
22, 63
23, 120
24, 246
25, 75
26, 62
27, 94
28, 134
29, 63
30, 69
31, 66
32, 67
33, 62
34, 64
35, 138
36, 65
37, 85
38, 81
39, 65
40, 88
41, 63
42, 72
43, 64
44, 64
45, 78
46, 62
47, 66
48, 132
49, 141
50, 68
51, 196
52, 88
53, 86
54, 61
55, 76
56, 82
57, 453
58, 66
59, 62
60, 63
61, 87
62, 63
63, 88
64, 63
65, 63
66, 69
67, 62
68, 66
69, 63
70, 115
71, 82
72, 65
73, 94
74, 142
75, 72
76, 101
77, 109
78, 119
79, 62
80, 225
81, 71
82, 144
83, 64
84, 64
85, 250
86, 70
87, 181
88, 64
89, 162
90, 92
91, 405
92, 153
93, 62
94, 65
95, 231
96, 63
97, 100
98, 69
99, 138
100, 64
101, 140
102, 62
103, 69
104, 63
105, 65
106, 101
107, 61
108, 97
109, 64
110, 62
111, 77
112, 62
113, 93
114, 87
115, 67
116, 105
117, 63
118, 62
119, 63
120, 63
121, 142
122, 84
123, 146
124, 65
125, 64
126, 81
127, 63
128, 74
129, 64
130, 80
131, 65
132, 61
133, 62
134, 225
135, 117
136, 245
137, 155
138, 131
139, 75
140, 64
141, 211
142, 72
143, 63
144, 68
145, 69
146, 64
147, 77
148, 73
149, 69
150, 74
151, 64
152, 87
153, 99
154, 64
155, 62
156, 63
157, 193
158, 107
159, 114
160, 136
161, 63
162, 134
163, 104
164, 729
165, 110
166, 63
167, 65
168, 146
169, 85
170, 78
171, 100
172, 71
173, 63
174, 70
175, 86
176, 229
177, 68
178, 66
179, 149
180, 104
181, 88
182, 78
183, 86
184, 313
185, 161
186, 168
187, 83
188, 184
189, 115
190, 170
