1, 250
2, 71
3, 93
4, 70
5, 123
6, 95
7, 84
8, 85
9, 98
10, 113
11, 142
12, 136
13, 221
14, 72
15, 93
16, 72
17, 75
18, 175
19, 85
20, 314
21, 71
22, 75
23, 83
24, 72
25, 251
26, 85
27, 71
28, 76
29, 71
30, 71
31, 70
32, 71
33, 77
34, 74
35, 71
36, 74
37, 71
38, 185
39, 72
40, 76
41, 70
42, 71
43, 72
44, 124
45, 70
46, 72
47, 105
48, 80
49, 74
50, 319
51, 72
52, 72
53, 71
54, 72
55, 86
56, 70
57, 72
58, 580
59, 109
60, 73
61, 85
62, 72
63, 72
64, 73
65, 71
66, 74
67, 73
68, 97
69, 72
70, 76
71, 138
72, 69
73, 74
74, 72
75, 78
76, 109
77, 132
78, 72
79, 99
80, 135
81, 71
82, 169
83, 70
84, 87
85, 86
86, 75
87, 338
88, 97
89, 72
90, 80
91, 71
92, 136
93, 80
94, 118
95, 98
96, 88
97, 81
98, 190
99, 95
100, 115
101, 86
102, 71
103, 380
104, 72
105, 152
106, 73
107, 72
108, 77
109, 73
110, 72
111, 75
112, 78
113, 84
114, 71
115, 70
116, 88
117, 72
118, 95
119, 72
120, 142
121, 76
122, 87
123, 77
124, 72
125, 76
126, 71
127, 72
128, 72
129, 248
130, 234
131, 125
132, 71
133, 81
134, 121
135, 76
136, 290
137, 109
138, 71
139, 88
140, 97
141, 79
142, 71
143, 80
144, 137
145, 116
146, 153
147, 76
148, 70
149, 80
150, 136
151, 86
152, 71
153, 70
154, 72
155, 72
156, 78
157, 71
158, 83
159, 92
160, 70
161, 142
162, 74
163, 71
164, 190
165, 70
166, 76
167, 83
168, 124
169, 71
170, 76
171, 70
172, 132
173, 77
174, 79
175, 72
176, 75
177, 73
178, 73
179, 81
180, 72
181, 72
182, 187
183, 69
184, 101
185, 98
186, 71
187, 75
188, 115
189, 72
190, 75
