1, 278
2, 56
3, 277
4, 63
5, 168
6, 107
7, 101
8, 142
9, 117
10, 115
11, 172
12, 190
13, 310
14, 57
15, 95
16, 53
17, 65
18, 222
19, 89
20, 202
21, 80
22, 56
23, 84
24, 61
25, 272
26, 74
27, 55
28, 73
29, 57
30, 54
31, 55
32, 58
33, 88
34, 77
35, 55
36, 61
37, 70
38, 319
39, 55
40, 403
41, 55
42, 58
43, 59
44, 167
45, 79
46, 58
47, 137
48, 134
49, 66
50, 218
51, 70
52, 60
53, 55
54, 55
55, 173
56, 54
57, 63
58, 734
59, 105
60, 63
61, 120
62, 68
63, 94
64, 92
65, 61
66, 66
67, 54
68, 114
69, 62
70, 149
71, 145
72, 62
73, 139
74, 56
75, 64
76, 114
77, 120
78, 59
79, 118
80, 121
81, 55
82, 117
83, 55
84, 79
85, 93
86, 107
87, 115
88, 133
89, 75
90, 106
91, 55
92, 112
93, 71
94, 86
95, 115
96, 98
97, 84
98, 164
99, 69
100, 124
101, 68
102, 71
103, 411
104, 55
105, 216
106, 77
107, 56
108, 83
109, 56
110, 83
111, 83
112, 82
113, 94
114, 54
115, 54
116, 113
117, 55
118, 112
119, 60
120, 117
121, 102
122, 126
123, 80
124, 67
125, 68
126, 76
127, 62
128, 78
129, 522
130, 126
131, 144
132, 64
133, 91
134, 99
135, 99
136, 343
137, 113
138, 62
139, 110
140, 119
141, 79
142, 115
143, 97
144, 146
145, 125
146, 159
147, 84
148, 63
149, 91
150, 190
151, 158
152, 55
153, 69
154, 58
155, 60
156, 87
157, 55
158, 74
159, 121
160, 63
161, 148
162, 54
163, 61
164, 174
165, 57
166, 118
167, 90
168, 121
169, 54
170, 145
171, 57
172, 195
173, 68
174, 60
175, 59
176, 77
177, 55
178, 106
179, 86
180, 55
181, 55
182, 259
183, 61
184, 90
185, 149
186, 58
187, 69
188, 155
189, 56
190, 74
