1, 190
2, 142
3, 145
4, 142
5, 144
6, 143
7, 144
8, 142
9, 149
10, 142
11, 143
12, 142
13, 145
14, 141
15, 140
16, 144
17, 140
18, 146
19, 141
20, 143
21, 141
22, 143
23, 143
24, 142
25, 140
26, 142
27, 140
28, 138
29, 140
30, 142
31, 142
32, 144
33, 139
34, 139
35, 142
36, 141
37, 141
38, 209
39, 141
40, 143
41, 141
42, 138
43, 142
44, 215
45, 140
46, 140
47, 144
48, 142
49, 141
50, 490
51, 141
52, 143
53, 141
54, 142
55, 151
56, 143
57, 139
58, 138
59, 146
60, 140
61, 140
62, 141
63, 146
64, 156
65, 143
66, 144
67, 138
68, 207
69, 140
70, 142
71, 188
72, 139
73, 140
74, 144
75, 141
76, 140
77, 140
78, 141
79, 143
80, 140
81, 143
82, 144
83, 141
84, 142
85, 142
86, 144
87, 141
88, 141
89, 143
90, 142
91, 137
92, 141
93, 148
94, 144
95, 145
96, 147
97, 143
98, 141
99, 142
100, 150
101, 140
102, 142
103, 289
104, 140
105, 142
106, 141
107, 142
108, 143
109, 141
110, 143
111, 141
112, 140
113, 143
114, 140
115, 144
116, 142
117, 143
118, 142
119, 141
120, 150
121, 144
122, 142
123, 143
124, 140
125, 165
126, 139
127, 141
128, 141
129, 151
130, 143
131, 142
132, 139
133, 141
134, 144
135, 143
136, 265
137, 145
138, 147
139, 140
140, 155
141, 141
142, 150
143, 141
144, 143
145, 215
146, 143
147, 142
148, 145
149, 144
150, 210
151, 139
152, 145
153, 139
154, 143
155, 143
156, 153
157, 139
158, 141
159, 142
160, 141
161, 140
162, 141
163, 143
164, 150
165, 143
166, 144
167, 141
168, 159
169, 142
170, 161
171, 140
172, 143
173, 142
174, 143
175, 142
176, 138
177, 144
178, 186
179, 144
180, 147
181, 141
182, 141
183, 141
184, 140
185, 143
186, 141
187, 140
188, 144
189, 142
190, 146
