1, 117
2, 120
3, 116
4, 116
5, 119
6, 117
7, 117
8, 117
9, 117
10, 117
11, 116
12, 121
13, 116
14, 115
15, 136
16, 304
17, 115
18, 114
19, 116
20, 116
21, 118
22, 117
23, 117
24, 587
25, 116
26, 117
27, 116
28, 137
29, 117
30, 116
31, 118
32, 119
33, 115
34, 116
35, 201
36, 117
37, 116
38, 117
39, 116
40, 117
41, 113
42, 118
43, 118
44, 114
45, 115
46, 114
47, 117
48, 125
49, 120
50, 116
51, 141
52, 123
53, 118
54, 115
55, 215
56, 116
57, 286
58, 114
59, 118
60, 119
61, 117
62, 116
63, 116
64, 113
65, 116
66, 115
67, 117
68, 116
69, 117
70, 130
71, 116
72, 117
73, 117
74, 139
75, 119
76, 118
77, 117
78, 118
79, 116
80, 256
81, 118
82, 167
83, 117
84, 117
85, 148
86, 114
87, 116
88, 118
89, 124
90, 128
91, 223
92, 141
93, 120
94, 120
95, 164
96, 115
97, 119
98, 115
99, 115
100, 113
101, 116
102, 116
103, 114
104, 114
105, 116
106, 119
107, 117
108, 116
109, 117
110, 118
111, 117
112, 115
113, 116
114, 118
115, 118
116, 117
117, 121
118, 116
119, 117
120, 115
121, 119
122, 116
123, 116
124, 117
125, 119
126, 116
127, 116
128, 116
129, 123
130, 121
131, 117
132, 117
133, 115
134, 175
135, 115
136, 116
137, 116
138, 115
139, 116
140, 117
141, 121
142, 115
143, 117
144, 122
145, 115
146, 115
147, 118
148, 120
149, 116
150, 117
151, 118
152, 115
153, 119
154, 115
155, 117
156, 115
157, 120
158, 191
159, 115
160, 116
161, 117
162, 144
163, 142
164, 313
165, 128
166, 117
167, 116
168, 159
169, 116
170, 116
171, 113
172, 117
173, 118
174, 118
175, 117
176, 119
177, 115
178, 116
179, 151
180, 115
181, 119
182, 117
183, 119
184, 177
185, 138
186, 120
187, 121
188, 133
189, 119
190, 118
