1, 157
2, 82
3, 146
4, 83
5, 120
6, 104
7, 95
8, 115
9, 110
10, 103
11, 117
12, 114
13, 213
14, 82
15, 90
16, 81
17, 82
18, 164
19, 81
20, 282
21, 81
22, 83
23, 86
24, 83
25, 211
26, 84
27, 83
28, 82
29, 81
30, 81
31, 80
32, 82
33, 83
34, 142
35, 82
36, 81
37, 83
38, 127
39, 83
40, 216
41, 83
42, 82
43, 84
44, 102
45, 83
46, 83
47, 89
48, 83
49, 82
50, 390
51, 82
52, 81
53, 83
54, 85
55, 94
56, 81
57, 80
58, 86
59, 104
60, 83
61, 97
62, 83
63, 85
64, 90
65, 81
66, 83
67, 79
68, 101
69, 80
70, 156
71, 137
72, 82
73, 84
74, 81
75, 84
76, 128
77, 136
78, 82
79, 84
80, 92
81, 80
82, 81
83, 81
84, 80
85, 83
86, 88
87, 85
88, 89
89, 81
90, 84
91, 82
92, 95
93, 114
94, 120
95, 96
96, 109
97, 92
98, 234
99, 83
100, 136
101, 81
102, 84
103, 424
104, 82
105, 169
106, 83
107, 82
108, 84
109, 82
110, 83
111, 82
112, 88
113, 84
114, 81
115, 81
116, 103
117, 83
118, 104
119, 81
120, 83
121, 82
122, 94
123, 81
124, 83
125, 85
126, 81
127, 85
128, 86
129, 108
130, 185
131, 98
132, 81
133, 85
134, 91
135, 88
136, 259
137, 106
138, 80
139, 96
140, 88
141, 106
142, 112
143, 85
144, 120
145, 158
146, 106
147, 82
148, 80
149, 82
150, 119
151, 117
152, 83
153, 82
154, 81
155, 83
156, 86
157, 82
158, 87
159, 84
160, 80
161, 114
162, 82
163, 82
164, 157
165, 81
166, 82
167, 87
168, 226
169, 83
170, 129
171, 81
172, 138
173, 80
174, 83
175, 81
176, 106
177, 82
178, 82
179, 82
180, 81
181, 80
182, 241
183, 80
184, 92
185, 94
186, 83
187, 83
188, 124
189, 79
190, 89
