1, 103
2, 103
3, 101
4, 104
5, 238
6, 102
7, 100
8, 105
9, 100
10, 106
11, 105
12, 106
13, 101
14, 103
15, 117
16, 331
17, 102
18, 103
19, 102
20, 107
21, 104
22, 102
23, 122
24, 174
25, 102
26, 104
27, 102
28, 144
29, 101
30, 101
31, 101
32, 105
33, 102
34, 104
35, 145
36, 101
37, 107
38, 104
39, 101
40, 112
41, 102
42, 103
43, 101
44, 103
45, 102
46, 100
47, 102
48, 115
49, 108
50, 103
51, 122
52, 106
53, 106
54, 104
55, 106
56, 102
57, 155
58, 103
59, 110
60, 103
61, 102
62, 102
63, 104
64, 102
65, 100
66, 103
67, 103
68, 104
69, 102
70, 105
71, 103
72, 106
73, 103
74, 104
75, 103
76, 105
77, 115
78, 105
79, 103
80, 273
81, 99
82, 152
83, 101
84, 103
85, 201
86, 104
87, 116
88, 103
89, 104
90, 132
91, 231
92, 125
93, 104
94, 103
95, 190
96, 104
97, 125
98, 103
99, 105
100, 106
101, 103
102, 104
103, 100
104, 105
105, 138
106, 101
107, 103
108, 103
109, 101
110, 103
111, 103
112, 102
113, 109
114, 105
115, 103
116, 108
117, 104
118, 101
119, 102
120, 103
121, 103
122, 105
123, 105
124, 103
125, 102
126, 101
127, 102
128, 103
129, 101
130, 104
131, 103
132, 102
133, 101
134, 171
135, 114
136, 107
137, 103
138, 101
139, 101
140, 101
141, 154
142, 103
143, 102
144, 100
145, 102
146, 102
147, 103
148, 100
149, 139
150, 103
151, 100
152, 105
153, 105
154, 100
155, 106
156, 104
157, 108
158, 102
159, 104
160, 107
161, 100
162, 102
163, 129
164, 195
165, 112
166, 101
167, 102
168, 206
169, 102
170, 102
171, 136
172, 102
173, 99
174, 102
175, 103
176, 124
177, 104
178, 104
179, 103
180, 103
181, 108
182, 103
183, 103
184, 264
185, 117
186, 141
187, 102
188, 119
189, 110
190, 107
