1, 262
2, 76
3, 204
4, 76
5, 125
6, 103
7, 82
8, 138
9, 116
10, 108
11, 121
12, 105
13, 197
14, 76
15, 81
16, 76
17, 77
18, 160
19, 80
20, 296
21, 78
22, 76
23, 78
24, 75
25, 78
26, 91
27, 76
28, 78
29, 76
30, 75
31, 77
32, 77
33, 80
34, 84
35, 75
36, 76
37, 77
38, 112
39, 75
40, 152
41, 76
42, 77
43, 76
44, 232
45, 80
46, 78
47, 92
48, 92
49, 83
50, 85
51, 76
52, 76
53, 76
54, 75
55, 88
56, 78
57, 76
58, 183
59, 78
60, 77
61, 88
62, 78
63, 84
64, 83
65, 77
66, 79
67, 77
68, 124
69, 76
70, 83
71, 129
72, 76
73, 80
74, 76
75, 76
76, 113
77, 144
78, 78
79, 92
80, 103
81, 78
82, 77
83, 76
84, 75
85, 92
86, 97
87, 88
88, 90
89, 77
90, 85
91, 77
92, 119
93, 100
94, 76
95, 84
96, 83
97, 89
98, 118
99, 80
100, 135
101, 81
102, 78
103, 321
104, 76
105, 163
106, 78
107, 76
108, 77
109, 78
110, 77
111, 75
112, 87
113, 76
114, 78
115, 76
116, 99
117, 76
118, 96
119, 77
120, 101
121, 78
122, 79
123, 86
124, 75
125, 76
126, 78
127, 78
128, 77
129, 217
130, 112
131, 105
132, 76
133, 77
134, 85
135, 76
136, 257
137, 120
138, 76
139, 98
140, 133
141, 84
142, 83
143, 81
144, 95
145, 281
146, 158
147, 79
148, 77
149, 76
150, 144
151, 100
152, 76
153, 77
154, 76
155, 77
156, 87
157, 77
158, 86
159, 107
160, 82
161, 138
162, 76
163, 78
164, 150
165, 77
166, 81
167, 91
168, 121
169, 75
170, 75
171, 75
172, 124
173, 79
174, 77
175, 78
176, 104
177, 75
178, 79
179, 77
180, 77
181, 77
182, 88
183, 82
184, 90
185, 99
186, 76
187, 76
188, 105
189, 77
190, 78
