1, 174
2, 88
3, 118
4, 86
5, 115
6, 96
7, 100
8, 112
9, 102
10, 94
11, 87
12, 134
13, 197
14, 88
15, 101
16, 88
17, 88
18, 157
19, 90
20, 220
21, 89
22, 87
23, 96
24, 86
25, 103
26, 88
27, 85
28, 86
29, 86
30, 89
31, 87
32, 89
33, 86
34, 89
35, 86
36, 88
37, 87
38, 101
39, 90
40, 156
41, 88
42, 87
43, 89
44, 203
45, 87
46, 86
47, 98
48, 90
49, 90
50, 246
51, 90
52, 87
53, 88
54, 89
55, 124
56, 87
57, 91
58, 163
59, 95
60, 88
61, 92
62, 86
63, 92
64, 89
65, 87
66, 93
67, 87
68, 142
69, 86
70, 131
71, 141
72, 88
73, 88
74, 87
75, 88
76, 95
77, 132
78, 95
79, 97
80, 119
81, 87
82, 88
83, 88
84, 89
85, 92
86, 88
87, 96
88, 88
89, 87
90, 87
91, 88
92, 86
93, 102
94, 90
95, 92
96, 93
97, 90
98, 94
99, 90
100, 120
101, 87
102, 88
103, 134
104, 87
105, 151
106, 90
107, 88
108, 89
109, 90
110, 89
111, 88
112, 89
113, 86
114, 86
115, 88
116, 97
117, 88
118, 96
119, 86
120, 89
121, 88
122, 94
123, 87
124, 88
125, 94
126, 86
127, 90
128, 88
129, 110
130, 140
131, 89
132, 88
133, 92
134, 97
135, 87
136, 245
137, 119
138, 88
139, 100
140, 155
141, 89
142, 93
143, 88
144, 106
145, 129
146, 124
147, 86
148, 89
149, 88
150, 110
151, 105
152, 88
153, 87
154, 88
155, 91
156, 93
157, 87
158, 89
159, 102
160, 89
161, 112
162, 90
163, 86
164, 143
165, 88
166, 89
167, 87
168, 126
169, 88
170, 90
171, 87
172, 117
173, 94
174, 89
175, 87
176, 90
177, 88
178, 87
179, 89
180, 88
181, 86
182, 91
183, 88
184, 89
185, 87
186, 89
187, 89
188, 112
189, 87
190, 114
