1, 107
2, 130
3, 57
4, 93
5, 228
6, 56
7, 71
8, 62
9, 61
10, 241
11, 58
12, 94
13, 58
14, 116
15, 174
16, 202
17, 98
18, 63
19, 58
20, 478
21, 72
22, 57
23, 131
24, 809
25, 90
26, 59
27, 61
28, 155
29, 60
30, 81
31, 63
32, 110
33, 57
34, 66
35, 287
36, 63
37, 97
38, 75
39, 58
40, 68
41, 58
42, 77
43, 71
44, 59
45, 70
46, 57
47, 89
48, 164
49, 158
50, 77
51, 138
52, 89
53, 271
54, 57
55, 67
56, 84
57, 371
58, 58
59, 58
60, 63
61, 113
62, 60
63, 116
64, 59
65, 58
66, 64
67, 57
68, 64
69, 60
70, 135
71, 79
72, 59
73, 113
74, 125
75, 79
76, 85
77, 132
78, 152
79, 60
80, 142
81, 75
82, 149
83, 57
84, 58
85, 273
86, 59
87, 196
88, 72
89, 222
90, 149
91, 449
92, 146
93, 60
94, 64
95, 231
96, 58
97, 105
98, 70
99, 145
100, 62
101, 71
102, 58
103, 72
104, 58
105, 163
106, 85
107, 58
108, 108
109, 60
110, 58
111, 76
112, 58
113, 80
114, 101
115, 59
116, 169
117, 58
118, 61
119, 59
120, 57
121, 112
122, 79
123, 83
124, 63
125, 60
126, 96
127, 58
128, 177
129, 62
130, 83
131, 57
132, 57
133, 59
134, 266
135, 120
136, 178
137, 240
138, 127
139, 72
140, 58
141, 87
142, 62
143, 64
144, 61
145, 98
146, 60
147, 84
148, 85
149, 73
150, 72
151, 60
152, 104
153, 96
154, 66
155, 102
156, 58
157, 217
158, 124
159, 126
160, 120
161, 57
162, 162
163, 123
164, 315
165, 96
166, 60
167, 60
168, 84
169, 110
170, 67
171, 63
172, 60
173, 58
174, 98
175, 88
176, 199
177, 70
178, 62
179, 177
180, 90
181, 76
182, 89
183, 84
184, 203
185, 198
186, 120
187, 90
188, 365
189, 252
190, 174
