1, 93
2, 73
3, 73
4, 80
5, 76
6, 73
7, 75
8, 74
9, 73
10, 136
11, 73
12, 98
13, 73
14, 82
15, 146
16, 471
17, 80
18, 74
19, 74
20, 104
21, 76
22, 76
23, 222
24, 603
25, 77
26, 73
27, 88
28, 137
29, 73
30, 74
31, 75
32, 94
33, 73
34, 74
35, 89
36, 74
37, 81
38, 75
39, 75
40, 104
41, 76
42, 90
43, 75
44, 74
45, 75
46, 74
47, 74
48, 143
49, 124
50, 77
51, 122
52, 97
53, 78
54, 72
55, 91
56, 78
57, 349
58, 75
59, 72
60, 72
61, 97
62, 74
63, 84
64, 73
65, 72
66, 74
67, 74
68, 75
69, 73
70, 110
71, 78
72, 75
73, 81
74, 94
75, 83
76, 83
77, 88
78, 103
79, 72
80, 92
81, 73
82, 135
83, 73
84, 76
85, 75
86, 75
87, 162
88, 85
89, 121
90, 80
91, 342
92, 135
93, 74
94, 78
95, 208
96, 73
97, 108
98, 74
99, 126
100, 77
101, 77
102, 73
103, 74
104, 74
105, 73
106, 76
107, 71
108, 96
109, 74
110, 75
111, 75
112, 74
113, 86
114, 91
115, 72
116, 105
117, 72
118, 75
119, 73
120, 73
121, 88
122, 75
123, 76
124, 73
125, 74
126, 80
127, 73
128, 121
129, 76
130, 83
131, 75
132, 70
133, 73
134, 213
135, 104
136, 87
137, 110
138, 185
139, 87
140, 73
141, 189
142, 74
143, 73
144, 75
145, 73
146, 74
147, 76
148, 74
149, 77
150, 79
151, 75
152, 84
153, 135
154, 77
155, 73
156, 72
157, 164
158, 106
159, 89
160, 123
161, 73
162, 163
163, 174
164, 599
165, 95
166, 73
167, 73
168, 184
169, 81
170, 78
171, 85
172, 73
173, 72
174, 74
175, 81
176, 157
177, 75
178, 76
179, 79
180, 291
181, 80
182, 75
183, 79
184, 208
185, 162
186, 177
187, 87
188, 346
189, 110
190, 112
