1, 286
2, 67
3, 206
4, 69
5, 130
6, 94
7, 67
8, 146
9, 145
10, 118
11, 146
12, 116
13, 206
14, 65
15, 70
16, 66
17, 66
18, 115
19, 67
20, 123
21, 74
22, 67
23, 92
24, 66
25, 168
26, 78
27, 67
28, 70
29, 65
30, 66
31, 66
32, 64
33, 79
34, 73
35, 64
36, 66
37, 66
38, 101
39, 64
40, 292
41, 66
42, 66
43, 65
44, 104
45, 67
46, 68
47, 104
48, 100
49, 75
50, 261
51, 69
52, 65
53, 65
54, 64
55, 136
56, 64
57, 66
58, 118
59, 104
60, 66
61, 100
62, 68
63, 69
64, 81
65, 67
66, 66
67, 65
68, 99
69, 66
70, 67
71, 138
72, 67
73, 91
74, 66
75, 69
76, 97
77, 106
78, 66
79, 98
80, 121
81, 67
82, 93
83, 65
84, 70
85, 90
86, 88
87, 356
88, 115
89, 71
90, 87
91, 64
92, 105
93, 96
94, 83
95, 107
96, 81
97, 75
98, 170
99, 94
100, 107
101, 78
102, 65
103, 465
104, 66
105, 161
106, 72
107, 67
108, 67
109, 65
110, 67
111, 70
112, 85
113, 77
114, 66
115, 65
116, 90
117, 64
118, 89
119, 66
120, 95
121, 91
122, 79
123, 75
124, 66
125, 76
126, 65
127, 66
128, 69
129, 106
130, 125
131, 118
132, 73
133, 82
134, 103
135, 70
136, 185
137, 125
138, 65
139, 107
140, 139
141, 80
142, 133
143, 91
144, 140
145, 165
146, 139
147, 83
148, 69
149, 105
150, 155
151, 147
152, 65
153, 67
154, 64
155, 64
156, 79
157, 65
158, 85
159, 97
160, 62
161, 175
162, 65
163, 64
164, 199
165, 65
166, 92
167, 86
168, 118
169, 66
170, 83
171, 65
172, 153
173, 73
174, 68
175, 65
176, 99
177, 72
178, 69
179, 67
180, 63
181, 65
182, 187
183, 66
184, 81
185, 112
186, 66
187, 67
188, 132
189, 65
190, 70
