1, 137
2, 98
3, 116
4, 98
5, 115
6, 101
7, 99
8, 100
9, 99
10, 98
11, 112
12, 113
13, 187
14, 99
15, 101
16, 100
17, 98
18, 142
19, 99
20, 99
21, 98
22, 99
23, 110
24, 98
25, 121
26, 97
27, 99
28, 99
29, 97
30, 97
31, 97
32, 100
33, 98
34, 143
35, 96
36, 102
37, 98
38, 150
39, 99
40, 152
41, 97
42, 98
43, 98
44, 112
45, 97
46, 99
47, 110
48, 100
49, 100
50, 213
51, 114
52, 97
53, 98
54, 98
55, 101
56, 98
57, 96
58, 113
59, 100
60, 98
61, 98
62, 96
63, 98
64, 100
65, 96
66, 98
67, 99
68, 160
69, 96
70, 98
71, 196
72, 99
73, 99
74, 99
75, 100
76, 132
77, 98
78, 97
79, 105
80, 100
81, 99
82, 97
83, 99
84, 98
85, 102
86, 101
87, 99
88, 104
89, 95
90, 99
91, 99
92, 98
93, 128
94, 103
95, 102
96, 98
97, 101
98, 101
99, 98
100, 111
101, 98
102, 101
103, 102
104, 99
105, 162
106, 99
107, 112
108, 101
109, 98
110, 99
111, 97
112, 100
113, 99
114, 99
115, 98
116, 104
117, 97
118, 101
119, 97
120, 101
121, 144
122, 106
123, 101
124, 100
125, 98
126, 97
127, 99
128, 96
129, 192
130, 184
131, 97
132, 99
133, 98
134, 110
135, 98
136, 274
137, 119
138, 101
139, 113
140, 100
141, 101
142, 97
143, 101
144, 99
145, 98
146, 141
147, 98
148, 99
149, 99
150, 144
151, 110
152, 98
153, 98
154, 98
155, 98
156, 98
157, 100
158, 98
159, 103
160, 98
161, 125
162, 98
163, 100
164, 160
165, 99
166, 100
167, 99
168, 127
169, 97
170, 97
171, 99
172, 98
173, 98
174, 102
175, 95
176, 97
177, 98
178, 102
179, 96
180, 98
181, 97
182, 119
183, 99
184, 101
185, 100
186, 99
187, 97
188, 115
189, 99
190, 98
