1, 148
2, 110
3, 114
4, 112
5, 113
6, 115
7, 111
8, 153
9, 111
10, 114
11, 112
12, 123
13, 167
14, 110
15, 111
16, 110
17, 108
18, 112
19, 111
20, 114
21, 111
22, 113
23, 111
24, 113
25, 149
26, 111
27, 112
28, 112
29, 111
30, 110
31, 108
32, 109
33, 112
34, 113
35, 111
36, 112
37, 110
38, 146
39, 111
40, 175
41, 110
42, 110
43, 111
44, 135
45, 111
46, 111
47, 110
48, 113
49, 114
50, 167
51, 108
52, 111
53, 111
54, 114
55, 111
56, 109
57, 109
58, 110
59, 114
60, 116
61, 111
62, 112
63, 111
64, 123
65, 111
66, 112
67, 113
68, 115
69, 112
70, 138
71, 160
72, 112
73, 113
74, 107
75, 109
76, 125
77, 112
78, 112
79, 112
80, 125
81, 112
82, 113
83, 112
84, 115
85, 112
86, 113
87, 113
88, 112
89, 110
90, 111
91, 110
92, 113
93, 162
94, 111
95, 114
96, 112
97, 111
98, 118
99, 110
100, 127
101, 111
102, 110
103, 184
104, 112
105, 148
106, 113
107, 109
108, 111
109, 111
110, 114
111, 113
112, 111
113, 112
114, 114
115, 110
116, 114
117, 112
118, 112
119, 112
120, 116
121, 113
122, 115
123, 112
124, 113
125, 113
126, 110
127, 112
128, 107
129, 116
130, 148
131, 113
132, 112
133, 116
134, 114
135, 111
136, 237
137, 111
138, 110
139, 113
140, 110
141, 112
142, 119
143, 114
144, 111
145, 113
146, 114
147, 112
148, 111
149, 110
150, 132
151, 113
152, 109
153, 113
154, 110
155, 109
156, 112
157, 112
158, 111
159, 110
160, 109
161, 111
162, 111
163, 111
164, 169
165, 109
166, 110
167, 118
168, 118
169, 109
170, 117
171, 112
172, 112
173, 112
174, 111
175, 112
176, 131
177, 110
178, 112
179, 113
180, 108
181, 112
182, 112
183, 111
184, 111
185, 111
186, 110
187, 110
188, 134
189, 110
190, 110
