1, 140
2, 102
3, 54
4, 61
5, 216
6, 51
7, 76
8, 57
9, 53
10, 175
11, 56
12, 134
13, 53
14, 125
15, 195
16, 216
17, 94
18, 66
19, 53
20, 194
21, 68
22, 52
23, 157
24, 276
25, 86
26, 52
27, 57
28, 157
29, 72
30, 75
31, 59
32, 101
33, 57
34, 65
35, 319
36, 76
37, 96
38, 88
39, 53
40, 104
41, 81
42, 68
43, 72
44, 52
45, 82
46, 51
47, 76
48, 153
49, 274
50, 58
51, 140
52, 89
53, 299
54, 50
55, 421
56, 87
57, 381
58, 54
59, 57
60, 72
61, 103
62, 54
63, 96
64, 53
65, 57
66, 66
67, 51
68, 74
69, 53
70, 152
71, 93
72, 52
73, 113
74, 139
75, 101
76, 96
77, 171
78, 153
79, 56
80, 145
81, 78
82, 153
83, 52
84, 52
85, 297
86, 60
87, 208
88, 76
89, 288
90, 200
91, 535
92, 147
93, 51
94, 66
95, 290
96, 51
97, 107
98, 77
99, 148
100, 57
101, 99
102, 52
103, 79
104, 53
105, 304
106, 143
107, 55
108, 104
109, 65
110, 55
111, 65
112, 52
113, 99
114, 110
115, 52
116, 112
117, 52
118, 51
119, 63
120, 51
121, 153
122, 77
123, 83
124, 61
125, 50
126, 90
127, 51
128, 107
129, 54
130, 92
131, 53
132, 52
133, 52
134, 298
135, 132
136, 106
137, 168
138, 170
139, 76
140, 57
141, 234
142, 68
143, 55
144, 67
145, 103
146, 56
147, 94
148, 90
149, 105
150, 62
151, 53
152, 120
153, 96
154, 60
155, 99
156, 54
157, 207
158, 283
159, 119
160, 137
161, 65
162, 188
163, 114
164, 857
165, 101
166, 57
167, 58
168, 133
169, 98
170, 67
171, 218
172, 66
173, 51
174, 87
175, 92
176, 282
177, 98
178, 58
179, 88
180, 100
181, 66
182, 90
183, 83
184, 485
185, 297
186, 117
187, 145
188, 242
189, 372
190, 191
