1, 162
2, 128
3, 181
4, 128
5, 127
6, 130
7, 128
8, 130
9, 134
10, 126
11, 128
12, 130
13, 129
14, 128
15, 131
16, 129
17, 129
18, 147
19, 128
20, 151
21, 133
22, 128
23, 131
24, 126
25, 181
26, 129
27, 128
28, 127
29, 127
30, 129
31, 128
32, 128
33, 127
34, 127
35, 127
36, 128
37, 129
38, 177
39, 129
40, 129
41, 128
42, 130
43, 127
44, 129
45, 127
46, 130
47, 129
48, 130
49, 129
50, 184
51, 139
52, 127
53, 124
54, 126
55, 130
56, 127
57, 129
58, 159
59, 132
60, 129
61, 128
62, 129
63, 131
64, 128
65, 125
66, 127
67, 129
68, 126
69, 128
70, 128
71, 171
72, 131
73, 131
74, 129
75, 126
76, 159
77, 128
78, 130
79, 128
80, 130
81, 125
82, 128
83, 127
84, 127
85, 129
86, 130
87, 245
88, 129
89, 130
90, 127
91, 134
92, 130
93, 127
94, 125
95, 129
96, 129
97, 128
98, 127
99, 126
100, 134
101, 128
102, 128
103, 279
104, 127
105, 155
106, 130
107, 137
108, 130
109, 130
110, 128
111, 125
112, 127
113, 130
114, 134
115, 129
116, 133
117, 129
118, 130
119, 127
120, 125
121, 129
122, 131
123, 126
124, 128
125, 126
126, 129
127, 126
128, 125
129, 131
130, 126
131, 128
132, 128
133, 129
134, 129
135, 131
136, 258
137, 133
138, 130
139, 134
140, 132
141, 128
142, 128
143, 130
144, 126
145, 160
146, 127
147, 126
148, 127
149, 129
150, 139
151, 131
152, 127
153, 130
154, 124
155, 128
156, 128
157, 128
158, 129
159, 142
160, 126
161, 135
162, 129
163, 126
164, 164
165, 127
166, 132
167, 128
168, 148
169, 129
170, 131
171, 126
172, 129
173, 126
174, 124
175, 126
176, 137
177, 130
178, 124
179, 129
180, 127
181, 130
182, 127
183, 131
184, 130
185, 131
186, 126
187, 131
188, 128
189, 130
190, 128
