1, 161
2, 90
3, 99
4, 91
5, 100
6, 94
7, 91
8, 92
9, 144
10, 94
11, 97
12, 111
13, 202
14, 92
15, 106
16, 93
17, 95
18, 143
19, 89
20, 142
21, 92
22, 94
23, 92
24, 93
25, 177
26, 94
27, 92
28, 92
29, 90
30, 90
31, 92
32, 92
33, 93
34, 89
35, 90
36, 93
37, 92
38, 301
39, 91
40, 214
41, 92
42, 93
43, 89
44, 96
45, 91
46, 92
47, 93
48, 95
49, 91
50, 274
51, 90
52, 89
53, 93
54, 92
55, 91
56, 92
57, 94
58, 91
59, 94
60, 90
61, 96
62, 90
63, 130
64, 91
65, 91
66, 92
67, 91
68, 248
69, 92
70, 103
71, 140
72, 91
73, 90
74, 91
75, 90
76, 187
77, 97
78, 92
79, 99
80, 106
81, 92
82, 95
83, 89
84, 91
85, 93
86, 92
87, 90
88, 92
89, 93
90, 92
91, 88
92, 90
93, 95
94, 90
95, 92
96, 94
97, 93
98, 95
99, 91
100, 127
101, 90
102, 90
103, 302
104, 92
105, 166
106, 89
107, 90
108, 91
109, 90
110, 92
111, 92
112, 91
113, 93
114, 90
115, 91
116, 102
117, 88
118, 94
119, 91
120, 91
121, 90
122, 96
123, 96
124, 93
125, 93
126, 90
127, 91
128, 93
129, 107
130, 142
131, 101
132, 90
133, 92
134, 118
135, 93
136, 284
137, 114
138, 90
139, 103
140, 98
141, 92
142, 90
143, 92
144, 106
145, 174
146, 102
147, 90
148, 90
149, 91
150, 127
151, 94
152, 91
153, 94
154, 90
155, 92
156, 112
157, 93
158, 95
159, 96
160, 91
161, 98
162, 93
163, 90
164, 140
165, 91
166, 93
167, 91
168, 146
169, 94
170, 102
171, 91
172, 106
173, 91
174, 89
175, 92
176, 90
177, 91
178, 90
179, 91
180, 89
181, 90
182, 236
183, 92
184, 93
185, 92
186, 93
187, 91
188, 93
189, 91
190, 91
