1, 309
2, 67
3, 183
4, 65
5, 140
6, 99
7, 73
8, 97
9, 116
10, 118
11, 150
12, 114
13, 250
14, 67
15, 83
16, 67
17, 68
18, 131
19, 66
20, 331
21, 68
22, 69
23, 90
24, 69
25, 213
26, 90
27, 66
28, 68
29, 67
30, 68
31, 68
32, 69
33, 71
34, 81
35, 68
36, 69
37, 67
38, 160
39, 67
40, 82
41, 65
42, 68
43, 67
44, 239
45, 69
46, 74
47, 113
48, 83
49, 67
50, 215
51, 66
52, 68
53, 66
54, 67
55, 100
56, 67
57, 67
58, 213
59, 100
60, 68
61, 108
62, 69
63, 68
64, 72
65, 69
66, 68
67, 69
68, 274
69, 68
70, 91
71, 194
72, 69
73, 77
74, 67
75, 71
76, 108
77, 132
78, 68
79, 107
80, 125
81, 67
82, 70
83, 67
84, 76
85, 99
86, 91
87, 351
88, 96
89, 71
90, 81
91, 67
92, 106
93, 303
94, 81
95, 100
96, 82
97, 84
98, 82
99, 70
100, 121
101, 81
102, 79
103, 372
104, 67
105, 164
106, 66
107, 67
108, 72
109, 66
110, 68
111, 70
112, 90
113, 73
114, 68
115, 67
116, 101
117, 67
118, 97
119, 68
120, 143
121, 93
122, 90
123, 102
124, 66
125, 82
126, 68
127, 69
128, 70
129, 268
130, 235
131, 127
132, 72
133, 78
134, 93
135, 71
136, 278
137, 119
138, 73
139, 87
140, 160
141, 78
142, 85
143, 84
144, 111
145, 324
146, 190
147, 74
148, 75
149, 79
150, 154
151, 137
152, 66
153, 81
154, 68
155, 69
156, 80
157, 68
158, 92
159, 87
160, 75
161, 123
162, 66
163, 67
164, 176
165, 67
166, 100
167, 91
168, 200
169, 69
170, 129
171, 67
172, 173
173, 74
174, 86
175, 68
176, 104
177, 70
178, 79
179, 78
180, 67
181, 67
182, 91
183, 67
184, 92
185, 114
186, 68
187, 81
188, 109
189, 67
190, 69
