1, 1
2, 111
3, 108
4, 125
5, 300
6, 86
7, 86
8, 160
9, 98
10, 301
11, 155
12, 153
13, 160
14, 113
15, 194
16, 262
17, 101
18, 394
19, 504
20, 237
21, 1232
22, 110
23, 240
24, 128
25, 101
26, 116
27, 141
28, 181
29, 401
30, 89
31, 117
32, 110
33, 140
34, 88
35, 87
36, 97
37, 94
38, 103
39, 98
40, 87
41, 128
42, 110
43, 262
44, 142
45, 133
46, 127
47, 122
48, 179
49, 94
50, 214
51, 178
52, 158
53, 89
54, 92
55, 289
56, 106
57, 120
58, 101
59, 89
60, 299
61, 233
62, 281
63, 143
64, 251
65, 155
66, 87
67, 90
68, 109
69, 99
70, 122
71, 122
72, 163
73, 206
74, 179
75, 195
76, 131
77, 288
78, 142
79, 155
80, 87
81, 95
82, 119
83, 95
84, 138
85, 97
86, 87
87, 108
88, 136
89, 124
90, 124
91, 251
92, 184
93, 156
94, 100
95, 159
96, 96
97, 138
98, 154
99, 122
100, 101
101, 141
102, 108
103, 101
104, 176
105, 85
106, 131
107, 85
108, 151
109, 177
110, 88
111, 87
112, 100
113, 123
114, 103
115, 128
116, 232
117, 102
118, 292
119, 96
120, 132
121, 188
122, 118
123, 169
124, 114
125, 94
126, 116
127, 360
128, 293
129, 186
130, 122
131, 281
132, 197
133, 150
134, 158
135, 117
136, 117
137, 87
138, 153
139, 133
140, 100
141, 87
142, 124
143, 91
144, 105
145, 171
146, 147
147, 181
148, 154
149, 190
150, 239
151, 319
