1, 222
2, 136
3, 461
4, 188
5, 87
6, 175
7, 117
8, 92
9, 149
10, 88
11, 88
12, 117
13, 124
14, 258
15, 152
16, 133
17, 108
18, 169
19, 93
20, 177
21, 107
22, 154
23, 103
24, 134
25, 130
26, 125
27, 114
28, 111
29, 116
30, 157
31, 403
32, 102
33, 149
34, 194
35, 236
36, 223
37, 342
38, 228
39, 120
40, 177
41, 122
42, 454
43, 126
44, 97
45, 88
46, 177
47, 91
48, 104
49, 168
50, 126
51, 126
52, 213
53, 186
54, 109
55, 117
56, 192
57, 88
58, 108
59, 98
60, 166
61, 375
62, 182
63, 88
64, 91
65, 94
66, 150
67, 260
68, 127
69, 124
70, 129
71, 306
72, 101
73, 255
74, 308
75, 189
76, 186
77, 475
78, 183
79, 143
80, 191
81, 94
82, 157
83, 98
84, 90
85, 95
86, 92
87, 424
88, 123
89, 137
90, 116
91, 315
92, 166
93, 149
94, 86
95, 90
96, 88
97, 121
98, 140
99, 98
100, 97
101, 425
102, 95
103, 89
104, 97
105, 107
106, 90
107, 122
108, 122
109, 99
110, 187
111, 90
112, 210
113, 102
114, 91
115, 100
116, 355
117, 273
118, 173
119, 138
120, 180
121, 116
122, 261
123, 131
124, 149
125, 93
126, 110
127, 194
128, 133
129, 134
130, 105
131, 96
132, 530
133, 89
134, 288
135, 104
136, 224
137, 86
138, 97
139, 132
140, 132
141, 238
142, 159
143, 175
144, 121
145, 88
146, 183
147, 96
148, 495
149, 129
150, 149
151, 167
152, 115
153, 99
154, 305
155, 104
156, 112
157, 88
158, 133
159, 96
160, 121
161, 88
162, 110
163, 180
164, 172
165, 91
166, 380
167, 193
168, 211
169, 130
170, 149
171, 104
172, 107
173, 127
174, 89
175, 125
176, 220
177, 143
178, 103
179, 116
180, 89
181, 87
182, 90
183, 126
184, 116
185, 163
186, 422
187, 137
188, 114
189, 130
190, 88
191, 113
192, 110
193, 99
194, 197
195, 158
196, 136
197, 261
198, 141
199, 154
200, 118
