1, 1
2, 114
3, 114
4, 128
5, 269
6, 94
7, 94
8, 168
9, 104
10, 258
11, 162
12, 156
13, 151
14, 114
15, 171
16, 257
17, 101
18, 383
19, 462
20, 247
21, 170
22, 112
23, 219
24, 128
25, 105
26, 110
27, 140
28, 170
29, 362
30, 94
31, 109
32, 113
33, 142
34, 96
35, 93
36, 104
37, 102
38, 108
39, 97
40, 95
41, 128
42, 114
43, 236
44, 108
45, 114
46, 126
47, 114
48, 116
49, 100
50, 186
51, 171
52, 133
53, 94
54, 98
55, 329
56, 105
57, 125
58, 100
59, 97
60, 259
61, 237
62, 247
63, 123
64, 244
65, 117
66, 95
67, 97
68, 116
69, 98
70, 127
71, 121
72, 133
73, 210
74, 165
75, 189
76, 132
77, 277
78, 127
79, 155
80, 95
81, 103
82, 119
83, 98
84, 127
85, 102
86, 94
87, 112
88, 140
89, 127
90, 128
91, 228
92, 178
93, 146
94, 108
95, 136
96, 104
97, 121
98, 148
99, 123
100, 106
101, 136
102, 109
103, 104
104, 108
105, 94
106, 124
107, 93
108, 154
109, 238
110, 96
111, 96
112, 101
113, 125
114, 106
115, 129
116, 124
117, 107
118, 266
119, 102
120, 135
121, 186
122, 117
123, 145
124, 115
125, 93
126, 116
127, 170
128, 282
129, 181
130, 126
131, 241
132, 174
133, 137
134, 150
135, 122
136, 103
137, 93
138, 142
139, 132
140, 105
141, 96
142, 129
143, 95
144, 111
145, 150
146, 159
147, 159
148, 145
149, 178
150, 201
151, 291
