1, 1
2, 115
3, 118
4, 129
5, 274
6, 99
7, 99
8, 172
9, 110
10, 240
11, 161
12, 157
13, 149
14, 114
15, 158
16, 253
17, 102
18, 382
19, 442
20, 235
21, 172
22, 114
23, 209
24, 131
25, 109
26, 112
27, 144
28, 165
29, 342
30, 99
31, 108
32, 112
33, 142
34, 100
35, 97
36, 108
37, 107
38, 107
39, 102
40, 100
41, 125
42, 117
43, 223
44, 107
45, 103
46, 128
47, 111
48, 119
49, 103
50, 170
51, 172
52, 115
53, 98
54, 102
55, 317
56, 106
57, 127
58, 104
59, 102
60, 238
61, 235
62, 204
63, 112
64, 239
65, 140
66, 99
67, 102
68, 120
69, 101
70, 128
71, 119
72, 106
73, 211
74, 164
75, 186
76, 132
77, 267
78, 121
79, 156
80, 100
81, 107
82, 117
83, 101
84, 141
85, 105
86, 99
87, 115
88, 142
89, 132
90, 133
91, 217
92, 179
93, 155
94, 112
95, 127
96, 108
97, 115
98, 144
99, 123
100, 108
101, 136
102, 109
103, 103
104, 142
105, 99
106, 125
107, 99
108, 155
109, 238
110, 101
111, 101
112, 103
113, 127
114, 108
115, 121
116, 124
117, 111
118, 254
119, 106
120, 138
121, 195
122, 115
123, 132
124, 118
125, 97
126, 119
127, 152
128, 276
129, 178
130, 126
131, 242
132, 162
133, 134
134, 141
135, 126
136, 107
137, 98
138, 138
139, 130
140, 108
141, 101
142, 133
143, 99
144, 114
145, 137
146, 158
147, 147
148, 141
149, 172
150, 183
151, 277
