0, 224
1, 139
2, 393
3, 177
4, 100
5, 148
6, 118
7, 104
8, 114
9, 102
10, 100
11, 116
12, 130
13, 216
14, 148
15, 128
16, 116
17, 179
18, 103
19, 174
20, 109
21, 161
22, 114
23, 137
24, 127
25, 114
26, 115
27, 119
28, 117
29, 150
30, 341
31, 111
32, 146
33, 172
34, 212
35, 232
36, 338
37, 187
38, 129
39, 174
40, 119
41, 130
42, 122
43, 110
44, 101
45, 186
46, 99
47, 113
48, 168
49, 127
50, 121
51, 183
52, 186
53, 114
54, 123
55, 179
56, 101
57, 109
58, 104
59, 169
60, 338
61, 183
62, 102
63, 104
64, 105
65, 163
66, 232
67, 120
68, 124
69, 137
70, 290
71, 111
72, 225
73, 296
74, 187
75, 179
76, 402
77, 149
78, 155
79, 153
80, 104
81, 156
82, 110
83, 100
84, 108
85, 103
86, 346
87, 126
88, 141
89, 127
90, 258
91, 126
92, 129
93, 100
94, 103
95, 102
96, 119
97, 146
98, 108
99, 107
100, 415
101, 106
102, 103
103, 105
104, 131
105, 99
106, 120
107, 126
108, 108
109, 190
110, 100
111, 211
112, 110
113, 103
114, 109
115, 316
116, 242
117, 155
118, 123
119, 159
120, 121
121, 233
122, 129
123, 216
124, 104
125, 110
126, 196
127, 130
128, 135
129, 109
130, 126
131, 465
132, 100
133, 235
134, 109
135, 227
136, 100
137, 99
138, 134
139, 143
140, 247
141, 150
142, 180
143, 111
144, 101
145, 182
146, 108
147, 433
148, 128
149, 149
150, 170
151, 126
152, 110
153, 250
154, 112
155, 118
156, 101
157, 138
158, 108
159, 126
160, 102
161, 108
162, 176
163, 158
164, 105
165, 332
166, 178
167, 212
168, 137
169, 150
170, 115
171, 116
172, 127
173, 102
174, 127
175, 215
176, 125
177, 114
178, 123
179, 103
180, 100
181, 102
182, 131
183, 121
184, 140
185, 368
186, 138
187, 127
188, 196
189, 101
190, 107
191, 112
192, 107
193, 195
194, 163
195, 149
196, 254
197, 132
198, 130
199, 115
