1, 221
2, 137
3, 439
4, 182
5, 91
6, 166
7, 116
8, 95
9, 139
10, 92
11, 91
12, 113
13, 125
14, 244
15, 148
16, 131
17, 109
18, 165
19, 95
20, 173
21, 101
22, 155
23, 106
24, 136
25, 129
26, 122
27, 114
28, 113
29, 114
30, 156
31, 382
32, 103
33, 145
34, 180
35, 228
36, 225
37, 347
38, 214
39, 128
40, 174
41, 117
42, 334
43, 125
44, 101
45, 92
46, 178
47, 91
48, 106
49, 167
50, 126
51, 125
52, 203
53, 186
54, 112
55, 121
56, 188
57, 92
58, 109
59, 101
60, 166
61, 365
62, 182
63, 92
64, 95
65, 97
66, 157
67, 249
68, 125
69, 123
70, 129
71, 302
72, 103
73, 245
74, 305
75, 186
76, 186
77, 451
78, 173
79, 138
80, 179
81, 97
82, 156
83, 102
84, 92
85, 99
86, 95
87, 400
88, 122
89, 137
90, 134
91, 297
92, 154
93, 142
94, 90
95, 94
96, 92
97, 120
98, 140
99, 99
100, 99
101, 420
102, 98
103, 93
104, 99
105, 109
106, 92
107, 121
108, 128
109, 102
110, 187
111, 92
112, 204
113, 105
114, 94
115, 102
116, 344
117, 262
118, 171
119, 133
120, 175
121, 118
122, 251
123, 139
124, 151
125, 96
126, 107
127, 192
128, 129
129, 136
130, 104
131, 101
132, 510
133, 91
134, 270
135, 105
136, 225
137, 90
138, 96
139, 131
140, 136
141, 240
142, 156
143, 176
144, 117
145, 92
146, 181
147, 100
148, 474
149, 129
150, 149
151, 163
152, 117
153, 101
154, 285
155, 107
156, 114
157, 92
158, 132
159, 99
160, 124
161, 92
162, 110
163, 179
164, 166
165, 95
166, 364
167, 188
168, 216
169, 131
170, 147
171, 107
172, 110
173, 126
174, 93
175, 129
176, 222
177, 137
178, 106
179, 118
180, 93
181, 91
182, 94
183, 127
184, 115
185, 155
186, 395
187, 132
188, 119
189, 138
190, 92
191, 109
192, 112
193, 103
194, 194
195, 161
196, 140
197, 256
198, 123
199, 146
200, 118
