1, 221
2, 138
3, 416
4, 176
5, 95
6, 157
7, 116
8, 99
9, 128
10, 97
11, 95
12, 111
13, 127
14, 230
15, 144
16, 130
17, 114
18, 169
19, 99
20, 176
21, 106
22, 156
23, 110
24, 138
25, 127
26, 118
27, 114
28, 115
29, 113
30, 154
31, 361
32, 106
33, 146
34, 171
35, 220
36, 229
37, 343
38, 201
39, 129
40, 171
41, 117
42, 155
43, 124
44, 105
45, 96
46, 179
47, 95
48, 109
49, 167
50, 127
51, 123
52, 194
53, 187
54, 115
55, 123
56, 183
57, 96
58, 108
59, 103
60, 166
61, 352
62, 184
63, 97
64, 99
65, 101
66, 162
67, 239
68, 122
69, 123
70, 130
71, 296
72, 106
73, 235
74, 303
75, 185
76, 184
77, 426
78, 161
79, 154
80, 166
81, 101
82, 156
83, 106
84, 96
85, 103
86, 99
87, 374
88, 123
89, 138
90, 125
91, 278
92, 141
93, 135
94, 95
95, 98
96, 97
97, 120
98, 140
99, 103
100, 103
101, 417
102, 102
103, 98
104, 102
105, 116
106, 94
107, 120
108, 128
109, 104
110, 188
111, 95
112, 201
113, 107
114, 98
115, 105
116, 330
117, 251
118, 158
119, 127
120, 167
121, 119
122, 240
123, 136
124, 155
125, 100
126, 104
127, 192
128, 129
129, 137
130, 106
131, 103
132, 489
133, 95
134, 253
135, 107
136, 229
137, 95
138, 96
139, 134
140, 139
141, 243
142, 153
143, 178
144, 113
145, 96
146, 182
147, 104
148, 453
149, 129
150, 149
151, 169
152, 121
153, 105
154, 266
155, 109
156, 115
157, 96
158, 136
159, 103
160, 125
161, 97
162, 109
163, 178
164, 161
165, 100
166, 348
167, 181
168, 216
169, 132
170, 149
171, 110
172, 113
173, 125
174, 97
175, 130
176, 220
177, 131
178, 109
179, 120
180, 98
181, 95
182, 97
183, 129
184, 120
185, 147
186, 392
187, 137
188, 123
189, 199
190, 96
191, 106
192, 112
193, 104
194, 193
195, 163
196, 144
197, 255
198, 136
199, 137
200, 117
