1, 228
2, 140
3, 368
4, 179
5, 105
6, 139
7, 120
8, 110
9, 120
10, 108
11, 105
12, 117
13, 132
14, 203
15, 151
16, 125
17, 121
18, 188
19, 109
20, 171
21, 115
22, 164
23, 118
24, 135
25, 129
26, 116
27, 116
28, 122
29, 119
30, 147
31, 320
32, 116
33, 146
34, 175
35, 206
36, 236
37, 329
38, 172
39, 127
40, 178
41, 124
42, 130
43, 119
44, 116
45, 106
46, 190
47, 105
48, 116
49, 169
50, 127
51, 124
52, 173
53, 186
54, 118
55, 126
56, 176
57, 106
58, 112
59, 109
60, 172
61, 323
62, 181
63, 107
64, 110
65, 110
66, 171
67, 226
68, 121
69, 125
70, 141
71, 292
72, 116
73, 217
74, 288
75, 189
76, 173
77, 391
78, 138
79, 153
80, 151
81, 110
82, 157
83, 116
84, 105
85, 113
86, 109
87, 319
88, 129
89, 143
90, 126
91, 237
92, 108
93, 127
94, 105
95, 108
96, 108
97, 120
98, 148
99, 113
100, 112
101, 411
102, 112
103, 108
104, 109
105, 134
106, 103
107, 122
108, 125
109, 112
110, 193
111, 105
112, 216
113, 114
114, 108
115, 114
116, 305
117, 160
118, 151
119, 129
120, 152
121, 124
122, 250
123, 127
124, 214
125, 109
126, 111
127, 196
128, 129
129, 133
130, 111
131, 115
132, 441
133, 106
134, 215
135, 113
136, 223
137, 106
138, 104
139, 141
140, 149
141, 250
142, 147
143, 183
144, 113
145, 106
146, 180
147, 113
148, 413
149, 132
150, 153
151, 167
152, 130
153, 115
154, 261
155, 117
156, 122
157, 107
158, 143
159, 113
160, 129
161, 107
162, 111
163, 175
164, 158
165, 110
166, 317
167, 187
168, 206
169, 140
170, 148
171, 120
172, 121
173, 128
174, 108
175, 125
176, 209
177, 120
178, 118
179, 127
180, 109
181, 106
182, 107
183, 134
184, 121
185, 170
186, 344
187, 137
188, 133
189, 191
190, 106
191, 109
192, 110
193, 112
194, 195
195, 165
196, 155
197, 251
198, 126
199, 125
200, 116
