1, 176
2, 219
3, 205
4, 179
5, 218
6, 225
7, 186
8, 194
9, 204
10, 179
11, 181
12, 185
13, 229
14, 162
15, 215
16, 202
17, 213
18, 187
19, 207
20, 164
21, 180
22, 221
23, 257
24, 240
25, 185
26, 256
27, 182
28, 185
29, 221
30, 197
31, 177
32, 203
33, 210
34, 185
35, 159
36, 170
37, 192
38, 167
39, 232
40, 207
41, 206
42, 204
43, 186
44, 186
45, 227
46, 248
47, 183
48, 197
49, 197
50, 211
51, 195
52, 205
53, 181
54, 268
55, 333
56, 177
57, 359
58, 199
59, 202
60, 223
61, 187
62, 190
63, 178
64, 256
65, 207
66, 212
67, 188
68, 225
69, 222
70, 181
71, 227
72, 205
73, 186
74, 214
75, 215
76, 188
77, 182
78, 179
79, 216
80, 186
81, 197
82, 178
83, 205
84, 217
85, 232
86, 199
87, 175
88, 215
89, 200
90, 187
91, 225
92, 196
93, 223
94, 193
95, 192
96, 218
97, 176
98, 201
99, 240
100, 210
101, 185
102, 207
103, 175
104, 216
105, 171
106, 168
107, 192
108, 220
109, 197
110, 205
111, 201
112, 179
113, 194
114, 212
115, 199
116, 179
117, 226
118, 229
119, 208
120, 204
121, 192
122, 207
123, 189
124, 184
125, 196
126, 166
127, 207
128, 228
129, 166
130, 181
131, 210
132, 220
133, 213
134, 226
135, 237
136, 213
137, 176
138, 202
139, 196
140, 192
141, 179
142, 183
143, 259
144, 191
145, 228
146, 163
147, 189
148, 212
149, 168
150, 198
151, 189
152, 171
153, 197
154, 214
155, 188
156, 193
157, 174
158, 188
159, 175
160, 181
161, 209
162, 186
163, 181
164, 644
165, 218
166, 222
167, 204
168, 251
169, 182
170, 175
171, 196
172, 172
173, 231
174, 181
175, 180
176, 220
177, 194
178, 208
179, 166
180, 347
181, 218
182, 177
183, 175
184, 184
185, 202
186, 193
187, 173
188, 218
189, 197
190, 195
