1, 564
2, 537
3, 293
4, 377
5, 371
6, 478
7, 486
8, 308
9, 289
10, 445
11, 304
12, 353
13, 365
14, 460
15, 341
16, 567
17, 393
18, 373
19, 442
20, 289
21, 402
22, 533
23, 376
24, 413
25, 323
26, 385
27, 853
28, 401
29, 422
30, 550
31, 683
32, 557
33, 447
34, 435
35, 744
36, 392
37, 564
38, 349
39, 577
40, 377
41, 487
42, 413
43, 782
44, 361
45, 470
46, 404
47, 492
48, 370
49, 381
50, 361
51, 538
52, 541
53, 712
54, 331
55, 547
56, 508
57, 440
58, 330
59, 475
60, 418
61, 342
62, 379
63, 449
64, 458
65, 507
66, 482
67, 837
68, 347
69, 376
70, 382
71, 546
72, 453
73, 378
74, 728
75, 403
76, 281
77, 543
78, 573
79, 378
80, 419
81, 551
82, 340
83, 519
84, 319
85, 372
86, 307
87, 348
88, 426
89, 684
90, 539
91, 459
92, 325
93, 418
94, 350
95, 363
96, 547
97, 578
98, 371
99, 282
100, 745
101, 304
102, 339
103, 698
104, 544
105, 315
106, 696
107, 538
108, 383
109, 883
110, 451
111, 386
112, 367
113, 627
114, 610
115, 480
116, 351
117, 487
118, 341
119, 471
120, 301
121, 346
122, 339
123, 346
124, 634
125, 378
126, 521
127, 585
128, 354
129, 358
130, 837
131, 442
132, 425
133, 592
134, 329
135, 557
136, 322
137, 417
138, 574
139, 375
140, 305
141, 338
142, 472
143, 505
144, 310
145, 284
146, 358
147, 492
148, 409
149, 390
150, 280
151, 384
152, 417
153, 352
154, 581
155, 511
156, 305
157, 434
158, 505
159, 525
160, 354
161, 463
162, 455
163, 467
164, 892
165, 571
166, 433
167, 338
168, 370
169, 560
170, 450
171, 546
172, 325
173, 351
174, 586
175, 516
176, 389
177, 334
178, 323
179, 385
180, 1047
181, 447
182, 308
183, 369
184, 490
185, 436
186, 403
187, 533
188, 407
189, 528
190, 350
