1, 493
2, 696
3, 897
4, 718
5, 660
6, 1813
7, 812
8, 3180
9, 708
10, 521
11, 743
12, 617
13, 724
14, 429
15, 513
16, 613
17, 683
18, 649
19, 945
20, 1272
21, 736
22, 1426
23, 446
24, 1148
25, 1948
26, 8093
27, 668
28, 543
29, 2371
30, 2048
31, 2702
32, 1374
33, 2188
34, 4088
35, 591
36, 638
37, 2143
38, 605
39, 1077
40, 626
41, 646
42, 814
43, 2384
44, 1412
45, 4433
46, 947
47, 570
48, 622
49, 639
50, 1271
51, 989
52, 1124
53, 843
54, 924
55, 451
56, 930
57, 510
58, 2325
59, 1001
60, 4942
61, 573
62, 724
63, 519
64, 3369
65, 821
66, 1310
67, 1215
68, 1575
69, 869
70, 925
71, 1532
72, 985
73, 576
74, 1676
75, 634
76, 548
77, 878
78, 706
79, 1526
80, 708
81, 962
82, 542
83, 1213
84, 1470
85, 777
86, 888
87, 644
88, 945
89, 502
90, 596
91, 655
92, 771
93, 2024
94, 499
95, 694
96, 1255
97, 599
98, 1827
99, 1666
100, 2061
101, 599
102, 938
103, 638
104, 2525
105, 739
106, 888
107, 2285
108, 12907
109, 623
110, 1096
111, 876
112, 667
113, 893
114, 466
115, 632
116, 510
117, 1102
118, 2331
119, 1245
120, 779
121, 748
122, 992
123, 586
124, 1123
125, 659
126, 1287
127, 5819
128, 1373
129, 488
130, 637
131, 1385
132, 2239
133, 661
134, 1126
135, 664
136, 553
137, 852
138, 625
139, 773
140, 771
141, 455
142, 1373
143, 1904
144, 1736
145, 448
146, 1647
147, 1200
148, 1659
149, 528
150, 754
151, 2503
152, 1241
153, 512
154, 1029
155, 753
156, 3349
157, 1038
158, 413
159, 933
160, 984
161, 20828
162, 531
163, 567
164, 1731
165, 754
166, 1975
167, 663
168, 580
169, 822
170, 486
171, 689
172, 521
173, 1069
174, 1187
175, 570
176, 798
177, 1271
178, 715
179, 446
180, 612
181, 543
182, 513
183, 719
184, 1011
185, 3291
186, 641
187, 472
188, 840
189, 423
190, 599
