1, 601
2, 432
3, 525
4, 580
5, 388
6, 713
7, 468
8, 769
9, 702
10, 493
11, 416
12, 474
13, 896
14, 2267
15, 451
16, 501
17, 483
18, 480
19, 746
20, 734
21, 429
22, 798
23, 472
24, 684
25, 735
26, 1279
27, 541
28, 424
29, 520
30, 827
31, 426
32, 1233
33, 692
34, 1084
35, 338
36, 490
37, 2096
38, 451
39, 607
40, 579
41, 495
42, 507
43, 630
44, 823
45, 471
46, 632
47, 606
48, 457
49, 396
50, 725
51, 903
52, 494
53, 450
54, 595
55, 473
56, 422
57, 470
58, 815
59, 538
60, 2040
61, 528
62, 1126
63, 403
64, 862
65, 622
66, 1083
67, 691
68, 684
69, 636
70, 466
71, 700
72, 618
73, 710
74, 676
75, 735
76, 558
77, 481
78, 473
79, 1065
80, 957
81, 945
82, 417
83, 751
84, 683
85, 511
86, 619
87, 554
88, 491
89, 376
90, 433
91, 404
92, 751
93, 832
94, 1007
95, 2438
96, 798
97, 502
98, 543
99, 499
100, 773
101, 506
102, 2587
103, 520
104, 663
105, 614
106, 554
107, 631
108, 672
109, 631
110, 685
111, 403
112, 631
113, 533
114, 864
115, 619
116, 456
117, 2145
118, 1105
119, 573
120, 728
121, 358
122, 590
123, 496
124, 433
125, 504
126, 1369
127, 696
128, 697
129, 419
130, 566
131, 868
132, 1677
133, 572
134, 478
135, 668
136, 536
137, 506
138, 700
139, 543
140, 1340
141, 584
142, 1794
143, 624
144, 1564
145, 427
146, 1335
147, 558
148, 594
149, 477
150, 453
151, 572
152, 536
153, 403
154, 562
155, 766
156, 567
157, 403
158, 470
159, 395
160, 392
161, 1143
162, 390
163, 382
164, 711
165, 1369
166, 975
167, 535
168, 421
169, 643
170, 522
171, 391
172, 481
173, 729
174, 426
175, 383
176, 387
177, 722
178, 716
179, 404
180, 426
181, 451
182, 488
183, 916
184, 431
185, 642
186, 389
187, 484
188, 442
189, 396
190, 620
