1, 152
2, 165
3, 198
4, 163
5, 231
6, 210
7, 167
8, 193
9, 186
10, 169
11, 157
12, 154
13, 176
14, 160
15, 193
16, 206
17, 164
18, 172
19, 181
20, 353
21, 162
22, 177
23, 182
24, 576
25, 196
26, 208
27, 158
28, 226
29, 175
30, 197
31, 185
32, 180
33, 195
34, 207
35, 236
36, 173
37, 216
38, 163
39, 184
40, 176
41, 162
42, 202
43, 167
44, 211
45, 174
46, 182
47, 166
48, 186
49, 174
50, 170
51, 179
52, 162
53, 164
54, 202
55, 350
56, 172
57, 314
58, 181
59, 183
60, 192
61, 202
62, 175
63, 156
64, 204
65, 172
66, 174
67, 190
68, 190
69, 189
70, 202
71, 371
72, 207
73, 181
74, 192
75, 168
76, 184
77, 155
78, 175
79, 202
80, 169
81, 172
82, 176
83, 236
84, 195
85, 242
86, 178
87, 173
88, 174
89, 187
90, 166
91, 209
92, 240
93, 221
94, 177
95, 231
96, 183
97, 168
98, 183
99, 185
100, 179
101, 170
102, 206
103, 179
104, 193
105, 193
106, 158
107, 221
108, 176
109, 174
110, 178
111, 175
112, 179
113, 162
114, 161
115, 179
116, 166
117, 192
118, 190
119, 178
120, 174
121, 160
122, 179
123, 159
124, 172
125, 180
126, 188
127, 191
128, 198
129, 187
130, 176
131, 192
132, 196
133, 181
134, 176
135, 174
136, 177
137, 167
138, 178
139, 179
140, 179
141, 303
142, 187
143, 230
144, 174
145, 157
146, 159
147, 175
148, 182
149, 169
150, 174
151, 229
152, 173
153, 154
154, 169
155, 171
156, 188
157, 173
158, 483
159, 172
160, 172
161, 198
162, 182
163, 162
164, 730
165, 175
166, 186
167, 195
168, 165
169, 161
170, 169
171, 185
172, 163
173, 186
174, 191
175, 168
176, 239
177, 185
178, 181
179, 157
180, 326
181, 174
182, 180
183, 150
184, 187
185, 225
186, 173
187, 188
188, 199
189, 181
190, 167
