1, 406
2, 87
3, 205
4, 86
5, 132
6, 126
7, 89
8, 154
9, 149
10, 146
11, 202
12, 133
13, 384
14, 84
15, 172
16, 85
17, 87
18, 230
19, 83
20, 466
21, 90
22, 89
23, 108
24, 85
25, 374
26, 126
27, 92
28, 89
29, 81
30, 96
31, 88
32, 84
33, 91
34, 96
35, 92
36, 83
37, 83
38, 255
39, 89
40, 443
41, 86
42, 86
43, 89
44, 140
45, 85
46, 83
47, 147
48, 127
49, 80
50, 171
51, 85
52, 89
53, 84
54, 81
55, 146
56, 85
57, 82
58, 157
59, 140
60, 84
61, 135
62, 86
63, 92
64, 97
65, 90
66, 90
67, 94
68, 140
69, 88
70, 98
71, 131
72, 92
73, 80
74, 86
75, 86
76, 156
77, 186
78, 84
79, 133
80, 135
81, 88
82, 145
83, 90
84, 86
85, 101
86, 106
87, 260
88, 149
89, 87
90, 94
91, 87
92, 134
93, 87
94, 107
95, 118
96, 102
97, 93
98, 260
99, 104
100, 108
101, 80
102, 102
103, 309
104, 87
105, 205
106, 96
107, 86
108, 94
109, 91
110, 84
111, 87
112, 88
113, 99
114, 82
115, 87
116, 112
117, 95
118, 92
119, 92
120, 89
121, 102
122, 105
123, 94
124, 88
125, 141
126, 79
127, 84
128, 85
129, 134
130, 123
131, 140
132, 85
133, 112
134, 117
135, 87
136, 345
137, 183
138, 81
139, 131
140, 131
141, 87
142, 169
143, 104
144, 307
145, 193
146, 166
147, 88
148, 87
149, 103
150, 207
151, 123
152, 83
153, 82
154, 89
155, 88
156, 104
157, 81
158, 96
159, 110
160, 82
161, 193
162, 84
163, 83
164, 182
165, 87
166, 106
167, 91
168, 149
169, 93
170, 116
171, 90
172, 137
173, 92
174, 91
175, 82
176, 88
177, 85
178, 92
179, 90
180, 92
181, 89
182, 117
183, 81
184, 113
185, 149
186, 82
187, 84
188, 129
189, 87
190, 95
