1, 367
2, 227
3, 77
4, 198
5, 298
6, 55
7, 142
8, 114
9, 110
10, 350
11, 130
12, 196
13, 88
14, 234
15, 372
16, 371
17, 177
18, 156
19, 53
20, 224
21, 135
22, 79
23, 357
24, 392
25, 155
26, 69
27, 160
28, 315
29, 138
30, 142
31, 102
32, 191
33, 75
34, 146
35, 694
36, 180
37, 184
38, 248
39, 65
40, 182
41, 112
42, 79
43, 167
44, 52
45, 221
46, 85
47, 149
48, 407
49, 322
50, 105
51, 291
52, 141
53, 194
54, 68
55, 213
56, 150
57, 787
58, 76
59, 85
60, 107
61, 238
62, 109
63, 228
64, 51
65, 80
66, 147
67, 60
68, 141
69, 83
70, 292
71, 216
72, 120
73, 208
74, 237
75, 240
76, 292
77, 325
78, 287
79, 88
80, 230
81, 189
82, 285
83, 69
84, 80
85, 185
86, 102
87, 430
88, 116
89, 368
90, 202
91, 1149
92, 210
93, 96
94, 122
95, 559
96, 50
97, 239
98, 109
99, 355
100, 112
101, 161
102, 82
103, 139
104, 82
105, 158
106, 240
107, 77
108, 182
109, 115
110, 85
111, 106
112, 79
113, 129
114, 205
115, 132
116, 320
117, 87
118, 53
119, 111
120, 69
121, 258
122, 168
123, 178
124, 112
125, 78
126, 205
127, 69
128, 311
129, 114
130, 161
131, 83
132, 57
133, 95
134, 579
135, 226
136, 196
137, 362
138, 444
139, 141
140, 85
141, 602
142, 153
143, 105
144, 176
145, 263
146, 90
147, 164
148, 215
149, 120
150, 112
151, 88
152, 224
153, 161
154, 95
155, 215
156, 80
157, 402
158, 243
159, 274
160, 368
161, 110
162, 366
163, 200
164, 551
165, 156
166, 93
167, 101
168, 207
169, 200
170, 105
171, 182
172, 123
173, 48
174, 155
175, 181
176, 418
177, 140
178, 83
179, 367
180, 246
181, 241
182, 170
183, 194
184, 542
185, 611
186, 258
187, 368
188, 429
189, 546
190, 332
