1, 204
2, 123
3, 166
4, 132
5, 148
6, 119
7, 123
8, 135
9, 135
10, 132
11, 148
12, 132
13, 295
14, 126
15, 122
16, 136
17, 118
18, 192
19, 124
20, 403
21, 120
22, 123
23, 116
24, 112
25, 190
26, 122
27, 133
28, 127
29, 114
30, 141
31, 130
32, 122
33, 129
34, 117
35, 138
36, 126
37, 126
38, 156
39, 145
40, 233
41, 135
42, 121
43, 128
44, 136
45, 122
46, 123
47, 172
48, 116
49, 119
50, 185
51, 123
52, 127
53, 136
54, 124
55, 153
56, 139
57, 114
58, 158
59, 130
60, 130
61, 141
62, 127
63, 123
64, 126
65, 118
66, 120
67, 138
68, 222
69, 120
70, 127
71, 148
72, 117
73, 114
74, 133
75, 124
76, 165
77, 159
78, 127
79, 123
80, 122
81, 134
82, 117
83, 120
84, 115
85, 120
86, 119
87, 500
88, 122
89, 142
90, 131
91, 125
92, 116
93, 112
94, 108
95, 131
96, 114
97, 117
98, 116
99, 120
100, 158
101, 117
102, 114
103, 431
104, 124
105, 177
106, 116
107, 113
108, 124
109, 126
110, 129
111, 118
112, 114
113, 127
114, 123
115, 131
116, 115
117, 123
118, 125
119, 119
120, 111
121, 119
122, 133
123, 119
124, 118
125, 115
126, 120
127, 129
128, 112
129, 120
130, 138
131, 152
132, 128
133, 119
134, 134
135, 116
136, 314
137, 127
138, 143
139, 117
140, 126
141, 117
142, 106
143, 133
144, 118
145, 396
146, 156
147, 134
148, 124
149, 117
150, 198
151, 174
152, 119
153, 125
154, 123
155, 122
156, 115
157, 138
158, 125
159, 123
160, 132
161, 207
162, 136
163, 146
164, 180
165, 121
166, 132
167, 117
168, 133
169, 130
170, 128
171, 134
172, 161
173, 138
174, 143
175, 127
176, 130
177, 116
178, 124
179, 131
180, 128
181, 130
182, 118
183, 117
184, 116
185, 135
186, 123
187, 121
188, 142
189, 129
190, 131
