1, 170
2, 205
3, 226
4, 189
5, 211
6, 245
7, 207
8, 277
9, 218
10, 191
11, 193
12, 194
13, 235
14, 233
15, 266
16, 394
17, 287
18, 215
19, 289
20, 211
21, 215
22, 228
23, 167
24, 447
25, 202
26, 249
27, 206
28, 214
29, 211
30, 239
31, 217
32, 208
33, 226
34, 217
35, 206
36, 199
37, 297
38, 174
39, 218
40, 196
41, 195
42, 235
43, 240
44, 227
45, 213
46, 223
47, 181
48, 206
49, 216
50, 195
51, 213
52, 244
53, 190
54, 208
55, 339
56, 207
57, 318
58, 219
59, 201
60, 228
61, 229
62, 222
63, 191
64, 278
65, 232
66, 233
67, 217
68, 206
69, 227
70, 188
71, 191
72, 260
73, 183
74, 207
75, 192
76, 184
77, 219
78, 187
79, 249
80, 210
81, 225
82, 222
83, 215
84, 214
85, 224
86, 237
87, 190
88, 210
89, 189
90, 204
91, 250
92, 219
93, 251
94, 251
95, 239
96, 242
97, 217
98, 219
99, 205
100, 233
101, 200
102, 216
103, 205
104, 239
105, 202
106, 188
107, 250
108, 206
109, 210
110, 201
111, 177
112, 244
113, 239
114, 225
115, 210
116, 199
117, 249
118, 285
119, 215
120, 235
121, 170
122, 213
123, 187
124, 210
125, 197
126, 201
127, 250
128, 263
129, 194
130, 197
131, 227
132, 234
133, 225
134, 208
135, 278
136, 224
137, 194
138, 262
139, 228
140, 220
141, 386
142, 223
143, 245
144, 192
145, 197
146, 216
147, 202
148, 201
149, 216
150, 213
151, 235
152, 196
153, 207
154, 221
155, 230
156, 235
157, 211
158, 300
159, 196
160, 215
161, 228
162, 206
163, 205
164, 212
165, 243
166, 221
167, 213
168, 206
169, 216
170, 239
171, 243
172, 191
173, 240
174, 221
175, 186
176, 220
177, 212
178, 232
179, 183
180, 244
181, 209
182, 205
183, 204
184, 229
185, 224
186, 182
187, 191
188, 230
189, 173
190, 209
