1, 101
2, 133
3, 90
4, 90
5, 334
6, 98
7, 80
8, 91
9, 85
10, 172
11, 88
12, 122
13, 91
14, 168
15, 169
16, 186
17, 102
18, 93
19, 92
20, 329
21, 86
22, 92
23, 119
24, 250
25, 92
26, 89
27, 90
28, 174
29, 93
30, 91
31, 85
32, 103
33, 91
34, 90
35, 433
36, 87
37, 99
38, 94
39, 89
40, 99
41, 89
42, 94
43, 94
44, 97
45, 92
46, 87
47, 90
48, 188
49, 136
50, 92
51, 132
52, 92
53, 92
54, 93
55, 412
56, 97
57, 599
58, 96
59, 87
60, 85
61, 106
62, 96
63, 107
64, 94
65, 86
66, 86
67, 87
68, 89
69, 90
70, 174
71, 443
72, 90
73, 120
74, 124
75, 83
76, 118
77, 143
78, 166
79, 91
80, 311
81, 89
82, 161
83, 88
84, 93
85, 276
86, 92
87, 192
88, 88
89, 175
90, 150
91, 503
92, 144
93, 93
94, 93
95, 187
96, 92
97, 106
98, 88
99, 143
100, 95
101, 95
102, 100
103, 96
104, 96
105, 170
106, 116
107, 89
108, 92
109, 89
110, 92
111, 93
112, 92
113, 90
114, 129
115, 90
116, 145
117, 86
118, 91
119, 94
120, 92
121, 135
122, 89
123, 94
124, 86
125, 93
126, 98
127, 96
128, 181
129, 95
130, 94
131, 92
132, 101
133, 85
134, 222
135, 124
136, 118
137, 167
138, 193
139, 84
140, 94
141, 189
142, 89
143, 96
144, 108
145, 86
146, 89
147, 97
148, 99
149, 86
150, 90
151, 88
152, 110
153, 111
154, 84
155, 97
156, 87
157, 192
158, 266
159, 161
160, 161
161, 87
162, 184
163, 147
164, 371
165, 109
166, 93
167, 87
168, 313
169, 87
170, 90
171, 90
172, 84
173, 96
174, 90
175, 113
176, 227
177, 89
178, 86
179, 233
180, 100
181, 96
182, 106
183, 86
184, 490
185, 161
186, 126
187, 123
188, 289
189, 138
190, 237
