1, 931
2, 133
3, 1050
4, 151
5, 332
6, 248
7, 192
8, 355
9, 541
10, 298
11, 421
12, 391
13, 766
14, 164
15, 234
16, 68
17, 156
18, 507
19, 158
20, 376
21, 206
22, 129
23, 205
24, 137
25, 572
26, 217
27, 63
28, 155
29, 85
30, 53
31, 111
32, 117
33, 186
34, 406
35, 53
36, 119
37, 152
38, 805
39, 98
40, 1022
41, 97
42, 131
43, 106
44, 399
45, 173
46, 159
47, 334
48, 297
49, 115
50, 2182
51, 163
52, 158
53, 73
54, 91
55, 320
56, 99
57, 94
58, 470
59, 210
60, 122
61, 207
62, 149
63, 133
64, 194
65, 125
66, 138
67, 91
68, 253
69, 137
70, 232
71, 300
72, 138
73, 175
74, 83
75, 140
76, 572
77, 327
78, 158
79, 329
80, 233
81, 112
82, 260
83, 79
84, 166
85, 217
86, 183
87, 818
88, 287
89, 196
90, 280
91, 81
92, 274
93, 341
94, 365
95, 289
96, 179
97, 189
98, 1135
99, 248
100, 370
101, 182
102, 164
103, 746
104, 80
105, 378
106, 190
107, 108
108, 204
109, 98
110, 184
111, 214
112, 218
113, 196
114, 119
115, 68
116, 209
117, 73
118, 213
119, 128
120, 248
121, 252
122, 217
123, 218
124, 124
125, 134
126, 168
127, 143
128, 233
129, 325
130, 702
131, 392
132, 116
133, 254
134, 241
135, 233
136, 719
137, 208
138, 130
139, 369
140, 421
141, 191
142, 167
143, 200
144, 308
145, 392
146, 363
147, 226
148, 184
149, 361
150, 689
151, 406
152, 124
153, 153
154, 113
155, 95
156, 227
157, 77
158, 193
159, 400
160, 111
161, 530
162, 79
163, 96
164, 491
165, 109
166, 259
167, 219
168, 242
169, 67
170, 376
171, 62
172, 552
173, 161
174, 158
175, 137
176, 220
177, 115
178, 204
179, 207
180, 53
181, 80
182, 239
183, 184
184, 237
185, 399
186, 117
187, 133
188, 418
189, 105
190, 172
