1, 160
2, 94
3, 75
4, 111
5, 602
6, 47
7, 109
8, 85
9, 81
10, 262
11, 78
12, 166
13, 73
14, 207
15, 329
16, 1030
17, 114
18, 116
19, 46
20, 338
21, 113
22, 67
23, 455
24, 389
25, 133
26, 56
27, 137
28, 269
29, 124
30, 127
31, 89
32, 135
33, 66
34, 106
35, 792
36, 135
37, 158
38, 149
39, 53
40, 144
41, 107
42, 64
43, 130
44, 44
45, 179
46, 65
47, 117
48, 242
49, 262
50, 77
51, 216
52, 123
53, 183
54, 61
55, 196
56, 128
57, 588
58, 64
59, 66
60, 104
61, 167
62, 88
63, 200
64, 47
65, 65
66, 127
67, 47
68, 123
69, 67
70, 258
71, 166
72, 102
73, 169
74, 222
75, 110
76, 228
77, 249
78, 220
79, 78
80, 223
81, 148
82, 201
83, 60
84, 62
85, 425
86, 90
87, 375
88, 95
89, 376
90, 195
91, 877
92, 206
93, 75
94, 84
95, 393
96, 42
97, 188
98, 98
99, 191
100, 89
101, 175
102, 74
103, 116
104, 78
105, 121
106, 154
107, 53
108, 164
109, 89
110, 77
111, 81
112, 73
113, 129
114, 168
115, 75
116, 266
117, 64
118, 53
119, 94
120, 51
121, 213
122, 138
123, 149
124, 92
125, 54
126, 211
127, 59
128, 250
129, 91
130, 113
131, 67
132, 52
133, 67
134, 463
135, 187
136, 369
137, 274
138, 345
139, 109
140, 73
141, 383
142, 107
143, 80
144, 112
145, 200
146, 80
147, 132
148, 179
149, 125
150, 107
151, 83
152, 172
153, 158
154, 75
155, 165
156, 65
157, 324
158, 229
159, 232
160, 332
161, 83
162, 183
163, 307
164, 1178
165, 134
166, 81
167, 92
168, 615
169, 164
170, 110
171, 284
172, 121
173, 39
174, 116
175, 159
176, 365
177, 162
178, 78
179, 339
180, 156
181, 158
182, 137
183, 118
184, 529
185, 351
186, 223
187, 185
188, 396
189, 223
190, 286
