1, 271
2, 319
3, 391
4, 408
5, 281
6, 628
7, 441
8, 588
9, 359
10, 288
11, 313
12, 393
13, 449
14, 329
15, 319
16, 356
17, 393
18, 338
19, 531
20, 325
21, 377
22, 533
23, 262
24, 463
25, 378
26, 691
27, 353
28, 286
29, 555
30, 350
31, 357
32, 335
33, 402
34, 486
35, 356
36, 343
37, 358
38, 344
39, 460
40, 385
41, 380
42, 458
43, 614
44, 557
45, 667
46, 477
47, 439
48, 421
49, 459
50, 395
51, 424
52, 559
53, 308
54, 740
55, 321
56, 350
57, 343
58, 468
59, 331
60, 667
61, 456
62, 592
63, 291
64, 549
65, 357
66, 373
67, 367
68, 524
69, 418
70, 389
71, 602
72, 886
73, 316
74, 400
75, 392
76, 339
77, 331
78, 304
79, 600
80, 403
81, 421
82, 525
83, 545
84, 434
85, 378
86, 349
87, 339
88, 430
89, 298
90, 302
91, 393
92, 600
93, 683
94, 577
95, 942
96, 523
97, 317
98, 557
99, 384
100, 500
101, 426
102, 532
103, 340
104, 505
105, 338
106, 391
107, 473
108, 416
109, 403
110, 470
111, 438
112, 402
113, 396
114, 414
115, 429
116, 391
117, 551
118, 546
119, 405
120, 344
121, 343
122, 456
123, 368
124, 338
125, 467
126, 423
127, 617
128, 367
129, 309
130, 334
131, 639
132, 681
133, 499
134, 310
135, 531
136, 380
137, 335
138, 422
139, 567
140, 501
141, 344
142, 524
143, 734
144, 396
145, 314
146, 313
147, 366
148, 406
149, 483
150, 350
151, 381
152, 362
153, 325
154, 404
155, 511
156, 594
157, 440
158, 293
159, 369
160, 293
161, 431
162, 311
163, 345
164, 599
165, 377
166, 442
167, 370
168, 365
169, 316
170, 340
171, 306
172, 340
173, 477
174, 344
175, 349
176, 327
177, 453
178, 477
179, 402
180, 393
181, 351
182, 317
183, 382
184, 372
185, 605
186, 374
187, 426
188, 441
189, 504
190, 311
