1, 295
2, 87
3, 352
4, 101
5, 307
6, 146
7, 157
8, 232
9, 320
10, 225
11, 325
12, 360
13, 479
14, 91
15, 139
16, 49
17, 110
18, 417
19, 97
20, 274
21, 135
22, 83
23, 145
24, 77
25, 334
26, 193
27, 43
28, 124
29, 63
30, 41
31, 65
32, 82
33, 137
34, 159
35, 40
36, 80
37, 108
38, 190
39, 68
40, 582
41, 54
42, 85
43, 96
44, 701
45, 116
46, 93
47, 213
48, 194
49, 77
50, 583
51, 99
52, 129
53, 51
54, 49
55, 248
56, 67
57, 67
58, 323
59, 142
60, 79
61, 221
62, 90
63, 107
64, 162
65, 86
66, 109
67, 58
68, 198
69, 91
70, 385
71, 217
72, 95
73, 164
74, 60
75, 89
76, 330
77, 196
78, 101
79, 194
80, 241
81, 77
82, 164
83, 57
84, 106
85, 151
86, 130
87, 616
88, 193
89, 132
90, 194
91, 60
92, 225
93, 199
94, 115
95, 198
96, 142
97, 97
98, 340
99, 175
100, 189
101, 122
102, 135
103, 804
104, 50
105, 282
106, 152
107, 75
108, 112
109, 68
110, 98
111, 147
112, 172
113, 136
114, 76
115, 54
116, 144
117, 62
118, 148
119, 83
120, 178
121, 170
122, 128
123, 147
124, 93
125, 108
126, 115
127, 80
128, 145
129, 741
130, 215
131, 269
132, 88
133, 142
134, 136
135, 120
136, 463
137, 182
138, 98
139, 227
140, 302
141, 117
142, 135
143, 128
144, 244
145, 702
146, 268
147, 176
148, 117
149, 147
150, 333
151, 227
152, 76
153, 83
154, 81
155, 67
156, 135
157, 56
158, 100
159, 156
160, 97
161, 177
162, 58
163, 68
164, 337
165, 90
166, 185
167, 150
168, 164
169, 40
170, 177
171, 46
172, 365
173, 133
174, 85
175, 98
176, 112
177, 74
178, 145
179, 123
180, 41
181, 56
182, 577
183, 109
184, 168
185, 248
186, 78
187, 92
188, 182
189, 67
190, 101
