1, 168
2, 136
3, 227
4, 142
5, 147
6, 145
7, 153
8, 135
9, 151
10, 146
11, 127
12, 147
13, 280
14, 157
15, 128
16, 141
17, 129
18, 148
19, 158
20, 294
21, 136
22, 140
23, 131
24, 133
25, 303
26, 138
27, 161
28, 125
29, 128
30, 163
31, 142
32, 144
33, 169
34, 156
35, 155
36, 137
37, 138
38, 129
39, 145
40, 219
41, 148
42, 147
43, 138
44, 170
45, 140
46, 136
47, 159
48, 146
49, 142
50, 205
51, 151
52, 134
53, 132
54, 130
55, 141
56, 143
57, 142
58, 241
59, 140
60, 151
61, 124
62, 135
63, 156
64, 141
65, 126
66, 128
67, 173
68, 130
69, 141
70, 143
71, 156
72, 144
73, 150
74, 167
75, 136
76, 129
77, 140
78, 154
79, 138
80, 191
81, 132
82, 123
83, 137
84, 132
85, 142
86, 123
87, 128
88, 134
89, 145
90, 147
91, 151
92, 132
93, 126
94, 126
95, 129
96, 141
97, 139
98, 183
99, 144
100, 152
101, 134
102, 116
103, 455
104, 142
105, 170
106, 134
107, 123
108, 131
109, 173
110, 150
111, 130
112, 133
113, 151
114, 145
115, 140
116, 127
117, 151
118, 131
119, 140
120, 160
121, 147
122, 129
123, 135
124, 138
125, 149
126, 146
127, 135
128, 136
129, 118
130, 144
131, 149
132, 148
133, 143
134, 143
135, 128
136, 273
137, 141
138, 158
139, 118
140, 148
141, 125
142, 174
143, 123
144, 123
145, 137
146, 175
147, 146
148, 138
149, 131
150, 186
151, 149
152, 137
153, 135
154, 154
155, 172
156, 167
157, 129
158, 138
159, 123
160, 143
161, 156
162, 148
163, 154
164, 191
165, 152
166, 157
167, 127
168, 153
169, 153
170, 131
171, 140
172, 176
173, 147
174, 153
175, 141
176, 131
177, 135
178, 131
179, 153
180, 149
181, 144
182, 267
183, 133
184, 147
185, 151
186, 161
187, 136
188, 167
189, 148
190, 160
