1, 507
2, 315
3, 271
4, 404
5, 349
6, 303
7, 346
8, 295
9, 294
10, 291
11, 280
12, 293
13, 297
14, 382
15, 296
16, 437
17, 324
18, 330
19, 296
20, 273
21, 401
22, 305
23, 251
24, 285
25, 293
26, 386
27, 460
28, 350
29, 347
30, 474
31, 360
32, 463
33, 472
34, 436
35, 856
36, 359
37, 318
38, 306
39, 396
40, 346
41, 349
42, 389
43, 380
44, 362
45, 334
46, 398
47, 327
48, 298
49, 291
50, 351
51, 361
52, 401
53, 545
54, 339
55, 291
56, 363
57, 319
58, 339
59, 337
60, 310
61, 251
62, 349
63, 457
64, 360
65, 349
66, 356
67, 528
68, 313
69, 359
70, 480
71, 313
72, 486
73, 309
74, 664
75, 351
76, 316
77, 295
78, 314
79, 385
80, 317
81, 412
82, 303
83, 374
84, 304
85, 342
86, 294
87, 337
88, 362
89, 461
90, 522
91, 395
92, 317
93, 278
94, 298
95, 271
96, 410
97, 414
98, 323
99, 258
100, 275
101, 357
102, 258
103, 553
104, 576
105, 272
106, 315
107, 308
108, 338
109, 447
110, 436
111, 308
112, 423
113, 371
114, 398
115, 411
116, 324
117, 784
118, 368
119, 333
120, 245
121, 452
122, 424
123, 288
124, 520
125, 305
126, 453
127, 443
128, 314
129, 291
130, 321
131, 363
132, 398
133, 271
134, 280
135, 360
136, 347
137, 313
138, 389
139, 283
140, 300
141, 340
142, 378
143, 467
144, 245
145, 373
146, 287
147, 314
148, 306
149, 357
150, 279
151, 297
152, 385
153, 342
154, 423
155, 391
156, 327
157, 438
158, 318
159, 361
160, 490
161, 473
162, 344
163, 374
164, 675
165, 319
166, 395
167, 295
168, 394
169, 514
170, 355
171, 461
172, 286
173, 346
174, 461
175, 331
176, 312
177, 350
178, 268
179, 332
180, 631
181, 470
182, 295
183, 315
184, 283
185, 350
186, 365
187, 313
188, 259
189, 339
190, 398
