1, 120
2, 111
3, 93
4, 153
5, 143
6, 88
7, 85
8, 92
9, 88
10, 181
11, 84
12, 106
13, 92
14, 122
15, 173
16, 687
17, 94
18, 88
19, 84
20, 242
21, 89
22, 88
23, 169
24, 182
25, 81
26, 93
27, 83
28, 229
29, 86
30, 89
31, 89
32, 114
33, 91
34, 82
35, 307
36, 85
37, 115
38, 88
39, 85
40, 83
41, 97
42, 89
43, 86
44, 83
45, 92
46, 84
47, 83
48, 177
49, 175
50, 89
51, 135
52, 84
53, 96
54, 89
55, 441
56, 90
57, 356
58, 84
59, 80
60, 89
61, 116
62, 86
63, 111
64, 83
65, 81
66, 85
67, 87
68, 108
69, 96
70, 161
71, 115
72, 86
73, 108
74, 178
75, 136
76, 119
77, 163
78, 150
79, 90
80, 137
81, 90
82, 148
83, 91
84, 90
85, 84
86, 87
87, 223
88, 88
89, 289
90, 83
91, 537
92, 157
93, 86
94, 89
95, 267
96, 82
97, 130
98, 86
99, 143
100, 83
101, 97
102, 82
103, 80
104, 90
105, 84
106, 88
107, 94
108, 103
109, 86
110, 87
111, 84
112, 85
113, 97
114, 96
115, 83
116, 166
117, 89
118, 87
119, 89
120, 84
121, 103
122, 90
123, 113
124, 82
125, 87
126, 103
127, 95
128, 171
129, 88
130, 93
131, 87
132, 86
133, 83
134, 247
135, 151
136, 114
137, 146
138, 219
139, 89
140, 83
141, 239
142, 84
143, 90
144, 122
145, 104
146, 82
147, 88
148, 121
149, 86
150, 82
151, 85
152, 111
153, 94
154, 82
155, 106
156, 87
157, 193
158, 134
159, 105
160, 199
161, 85
162, 122
163, 119
164, 309
165, 115
166, 89
167, 86
168, 347
169, 96
170, 84
171, 87
172, 81
173, 81
174, 110
175, 96
176, 258
177, 88
178, 83
179, 181
180, 108
181, 125
182, 91
183, 91
184, 527
185, 289
186, 156
187, 119
188, 254
189, 325
190, 210
