1, 249
2, 275
3, 266
4, 334
5, 337
6, 307
7, 245
8, 250
9, 217
10, 290
11, 358
12, 244
13, 253
14, 321
15, 233
16, 358
17, 256
18, 305
19, 252
20, 223
21, 270
22, 303
23, 213
24, 236
25, 418
26, 275
27, 310
28, 259
29, 314
30, 300
31, 324
32, 335
33, 321
34, 381
35, 395
36, 278
37, 308
38, 293
39, 317
40, 238
41, 257
42, 276
43, 330
44, 231
45, 264
46, 279
47, 249
48, 241
49, 319
50, 379
51, 314
52, 273
53, 298
54, 271
55, 337
56, 290
57, 250
58, 272
59, 322
60, 316
61, 200
62, 232
63, 314
64, 294
65, 248
66, 229
67, 298
68, 383
69, 235
70, 227
71, 218
72, 293
73, 229
74, 373
75, 257
76, 225
77, 289
78, 347
79, 231
80, 202
81, 277
82, 228
83, 349
84, 253
85, 241
86, 231
87, 218
88, 235
89, 294
90, 344
91, 303
92, 246
93, 256
94, 233
95, 221
96, 249
97, 293
98, 220
99, 269
100, 282
101, 224
102, 239
103, 387
104, 326
105, 210
106, 273
107, 324
108, 241
109, 317
110, 266
111, 248
112, 232
113, 395
114, 311
115, 340
116, 425
117, 353
118, 264
119, 247
120, 199
121, 366
122, 252
123, 230
124, 395
125, 250
126, 239
127, 277
128, 248
129, 230
130, 356
131, 311
132, 342
133, 328
134, 246
135, 249
136, 251
137, 335
138, 296
139, 247
140, 261
141, 264
142, 303
143, 272
144, 237
145, 246
146, 269
147, 386
148, 256
149, 251
150, 239
151, 312
152, 317
153, 273
154, 298
155, 286
156, 217
157, 269
158, 274
159, 287
160, 288
161, 352
162, 269
163, 376
164, 314
165, 362
166, 409
167, 275
168, 245
169, 371
170, 244
171, 375
172, 247
173, 354
174, 261
175, 278
176, 237
177, 281
178, 252
179, 276
180, 391
181, 313
182, 205
183, 270
184, 276
185, 285
186, 315
187, 284
188, 264
189, 236
190, 334
