1, 1020
2, 614
3, 377
4, 2707
5, 624
6, 550
7, 855
8, 734
9, 556
10, 816
11, 414
12, 553
13, 387
14, 1170
15, 431
16, 1267
17, 503
18, 1086
19, 691
20, 510
21, 480
22, 533
23, 518
24, 443
25, 541
26, 512
27, 1002
28, 508
29, 477
30, 7489
31, 621
32, 2700
33, 806
34, 554
35, 4102
36, 758
37, 778
38, 463
39, 872
40, 485
41, 1061
42, 582
43, 729
44, 661
45, 469
46, 1061
47, 441
48, 887
49, 1013
50, 440
51, 655
52, 1346
53, 881
54, 643
55, 849
56, 2184
57, 493
58, 384
59, 522
60, 726
61, 422
62, 476
63, 542
64, 423
65, 636
66, 946
67, 1417
68, 416
69, 629
70, 495
71, 603
72, 1801
73, 1004
74, 1336
75, 874
76, 380
77, 1067
78, 1728
79, 677
80, 639
81, 619
82, 529
83, 1141
84, 466
85, 717
86, 410
87, 427
88, 560
89, 1826
90, 2812
91, 1821
92, 470
93, 416
94, 509
95, 538
96, 632
97, 486
98, 433
99, 520
100, 567
101, 566
102, 515
103, 504
104, 1107
105, 1811
106, 891
107, 944
108, 686
109, 3414
110, 816
111, 531
112, 500
113, 1536
114, 941
115, 998
116, 910
117, 1753
118, 718
119, 488
120, 408
121, 980
122, 616
123, 1161
124, 524
125, 617
126, 603
127, 645
128, 569
129, 379
130, 538
131, 569
132, 693
133, 437
134, 774
135, 687
136, 556
137, 611
138, 1370
139, 608
140, 418
141, 549
142, 3516
143, 1152
144, 354
145, 502
146, 677
147, 609
148, 473
149, 602
150, 327
151, 534
152, 983
153, 621
154, 601
155, 802
156, 402
157, 928
158, 792
159, 941
160, 677
161, 799
162, 1019
163, 910
164, 832
165, 1105
166, 580
167, 599
168, 611
169, 2293
170, 448
171, 1181
172, 570
173, 769
174, 1231
175, 609
176, 741
177, 528
178, 419
179, 553
180, 1706
181, 987
182, 617
183, 514
184, 594
185, 549
186, 670
187, 520
188, 679
189, 610
190, 955
