1, 4666
2, 1820
3, 1125
4, 3439
5, 1422
6, 950
7, 1069
8, 706
9, 667
10, 693
11, 1157
12, 1642
13, 621
14, 3203
15, 693
16, 3164
17, 830
18, 1380
19, 1263
20, 693
21, 903
22, 943
23, 1056
24, 1077
25, 1032
26, 1277
27, 2534
28, 1092
29, 2097
30, 12485
31, 1394
32, 5230
33, 1967
34, 4083
35, 44175
36, 3237
37, 1521
38, 614
39, 3467
40, 983
41, 2223
42, 1532
43, 1211
44, 539
45, 3006
46, 4563
47, 799
48, 905
49, 1106
50, 1048
51, 7842
52, 2908
53, 3517
54, 939
55, 2319
56, 1894
57, 2224
58, 521
59, 626
60, 1068
61, 551
62, 2849
63, 2287
64, 586
65, 1547
66, 1259
67, 3936
68, 709
69, 1566
70, 1311
71, 1514
72, 4542
73, 2303
74, 10405
75, 817
76, 522
77, 1283
78, 2175
79, 1239
80, 773
81, 1101
82, 4069
83, 1967
84, 1212
85, 604
86, 757
87, 914
88, 710
89, 1824
90, 8318
91, 1422
92, 706
93, 1141
94, 531
95, 1460
96, 2209
97, 1734
98, 509
99, 643
100, 1784
101, 942
102, 611
103, 1023
104, 3951
105, 1853
106, 9145
107, 1739
108, 1491
109, 6208
110, 1129
111, 2780
112, 789
113, 1655
114, 1655
115, 5148
116, 916
117, 2731
118, 706
119, 789
120, 520
121, 936
122, 800
123, 715
124, 4629
125, 670
126, 990
127, 1506
128, 684
129, 781
130, 827
131, 1566
132, 1887
133, 1324
134, 3232
135, 1808
136, 822
137, 9201
138, 1863
139, 833
140, 533
141, 698
142, 2652
143, 3418
144, 630
145, 665
146, 912
147, 3575
148, 1725
149, 894
150, 1233
151, 1066
152, 854
153, 1690
154, 2008
155, 1972
156, 1102
157, 1167
158, 1099
159, 3103
160, 1525
161, 1012
162, 1159
163, 2805
164, 1388
165, 2115
166, 1247
167, 898
168, 1186
169, 20667
170, 1186
171, 2496
172, 1422
173, 6301
174, 1533
175, 1121
176, 1146
177, 1860
178, 1586
179, 2050
180, 50078
181, 2640
182, 786
183, 1930
184, 1963
185, 1068
186, 1619
187, 5939
188, 2073
189, 1627
190, 1047
