1, 250
2, 77
3, 293
4, 80
5, 223
6, 139
7, 123
8, 210
9, 166
10, 198
11, 198
12, 263
13, 408
14, 74
15, 261
16, 58
17, 83
18, 502
19, 133
20, 540
21, 110
22, 73
23, 137
24, 70
25, 455
26, 139
27, 56
28, 110
29, 53
30, 57
31, 61
32, 61
33, 88
34, 315
35, 59
36, 69
37, 61
38, 205
39, 61
40, 368
41, 57
42, 66
43, 72
44, 598
45, 94
46, 67
47, 189
48, 152
49, 66
50, 285
51, 143
52, 80
53, 57
54, 58
55, 202
56, 59
57, 66
58, 178
59, 126
60, 70
61, 179
62, 85
63, 93
64, 131
65, 70
66, 86
67, 60
68, 139
69, 84
70, 225
71, 172
72, 74
73, 89
74, 57
75, 85
76, 206
77, 249
78, 89
79, 120
80, 197
81, 60
82, 133
83, 56
84, 94
85, 126
86, 152
87, 489
88, 178
89, 92
90, 152
91, 56
92, 206
93, 194
94, 121
95, 167
96, 115
97, 104
98, 174
99, 147
100, 158
101, 106
102, 101
103, 616
104, 54
105, 235
106, 104
107, 64
108, 106
109, 63
110, 82
111, 99
112, 118
113, 113
114, 60
115, 54
116, 128
117, 55
118, 121
119, 77
120, 154
121, 142
122, 132
123, 145
124, 66
125, 80
126, 108
127, 67
128, 110
129, 140
130, 410
131, 216
132, 70
133, 142
134, 154
135, 107
136, 403
137, 195
138, 81
139, 177
140, 174
141, 104
142, 221
143, 139
144, 181
145, 209
146, 222
147, 114
148, 88
149, 134
150, 237
151, 202
152, 62
153, 81
154, 75
155, 59
156, 183
157, 55
158, 105
159, 133
160, 87
161, 200
162, 58
163, 68
164, 309
165, 84
166, 160
167, 122
168, 182
169, 58
170, 149
171, 61
172, 269
173, 101
174, 81
175, 69
176, 109
177, 65
178, 120
179, 125
180, 54
181, 52
182, 896
183, 63
184, 155
185, 188
186, 67
187, 76
188, 231
189, 57
190, 74
