1, 387
2, 96
3, 214
4, 92
5, 121
6, 113
7, 98
8, 152
9, 123
10, 158
11, 165
12, 153
13, 315
14, 93
15, 101
16, 107
17, 92
18, 229
19, 93
20, 386
21, 105
22, 92
23, 101
24, 93
25, 377
26, 103
27, 94
28, 91
29, 95
30, 95
31, 97
32, 106
33, 105
34, 203
35, 108
36, 91
37, 95
38, 179
39, 99
40, 388
41, 105
42, 97
43, 101
44, 265
45, 111
46, 91
47, 178
48, 120
49, 92
50, 235
51, 102
52, 94
53, 93
54, 94
55, 130
56, 103
57, 93
58, 278
59, 98
60, 105
61, 101
62, 90
63, 106
64, 100
65, 106
66, 105
67, 97
68, 173
69, 93
70, 91
71, 168
72, 107
73, 257
74, 103
75, 95
76, 129
77, 235
78, 100
79, 106
80, 128
81, 91
82, 109
83, 93
84, 93
85, 103
86, 91
87, 415
88, 132
89, 97
90, 110
91, 100
92, 118
93, 129
94, 93
95, 127
96, 97
97, 91
98, 145
99, 91
100, 132
101, 109
102, 92
103, 475
104, 103
105, 177
106, 102
107, 94
108, 97
109, 97
110, 93
111, 94
112, 101
113, 101
114, 96
115, 100
116, 99
117, 104
118, 94
119, 97
120, 180
121, 129
122, 137
123, 105
124, 105
125, 92
126, 96
127, 95
128, 93
129, 113
130, 141
131, 156
132, 98
133, 99
134, 102
135, 122
136, 342
137, 132
138, 102
139, 103
140, 134
141, 92
142, 148
143, 91
144, 174
145, 183
146, 168
147, 106
148, 95
149, 122
150, 158
151, 169
152, 93
153, 95
154, 98
155, 98
156, 111
157, 96
158, 100
159, 160
160, 96
161, 149
162, 96
163, 89
164, 178
165, 94
166, 121
167, 104
168, 140
169, 102
170, 96
171, 100
172, 224
173, 89
174, 89
175, 96
176, 91
177, 96
178, 92
179, 100
180, 100
181, 95
182, 93
183, 95
184, 98
185, 149
186, 92
187, 98
188, 160
189, 94
190, 96
