1, 344
2, 250
3, 218
4, 236
5, 205
6, 254
7, 247
8, 215
9, 204
10, 272
11, 216
12, 237
13, 246
14, 305
15, 210
16, 312
17, 220
18, 242
19, 206
20, 209
21, 340
22, 240
23, 215
24, 236
25, 307
26, 218
27, 328
28, 228
29, 201
30, 305
31, 251
32, 285
33, 291
34, 240
35, 360
36, 259
37, 297
38, 211
39, 321
40, 285
41, 296
42, 237
43, 218
44, 336
45, 212
46, 330
47, 234
48, 232
49, 228
50, 183
51, 272
52, 282
53, 251
54, 271
55, 257
56, 299
57, 241
58, 515
59, 223
60, 267
61, 209
62, 217
63, 240
64, 231
65, 218
66, 250
67, 307
68, 218
69, 221
70, 314
71, 267
72, 224
73, 225
74, 313
75, 209
76, 199
77, 197
78, 216
79, 229
80, 213
81, 247
82, 226
83, 257
84, 227
85, 228
86, 221
87, 222
88, 206
89, 267
90, 260
91, 296
92, 231
93, 218
94, 216
95, 196
96, 284
97, 233
98, 193
99, 204
100, 293
101, 215
102, 224
103, 460
104, 247
105, 271
106, 267
107, 204
108, 298
109, 284
110, 279
111, 267
112, 217
113, 270
114, 275
115, 284
116, 209
117, 418
118, 258
119, 261
120, 201
121, 241
122, 210
123, 216
124, 400
125, 277
126, 301
127, 287
128, 216
129, 215
130, 257
131, 275
132, 245
133, 272
134, 266
135, 209
136, 253
137, 242
138, 255
139, 247
140, 230
141, 222
142, 233
143, 250
144, 217
145, 254
146, 229
147, 271
148, 237
149, 303
150, 208
151, 192
152, 242
153, 277
154, 260
155, 264
156, 256
157, 269
158, 227
159, 219
160, 270
161, 298
162, 249
163, 273
164, 199
165, 257
166, 280
167, 222
168, 234
169, 316
170, 222
171, 271
172, 227
173, 284
174, 322
175, 252
176, 253
177, 264
178, 226
179, 259
180, 330
181, 263
182, 201
183, 306
184, 220
185, 248
186, 230
187, 229
188, 188
189, 231
190, 292
