1, 130
2, 132
3, 62
4, 96
5, 331
6, 55
7, 96
8, 79
9, 81
10, 352
11, 63
12, 157
13, 57
14, 154
15, 250
16, 481
17, 121
18, 89
19, 51
20, 220
21, 104
22, 59
23, 460
24, 256
25, 125
26, 57
27, 73
28, 191
29, 106
30, 102
31, 74
32, 117
33, 57
34, 85
35, 207
36, 94
37, 231
38, 165
39, 57
40, 127
41, 111
42, 63
43, 97
44, 56
45, 123
46, 65
47, 138
48, 258
49, 346
50, 63
51, 238
52, 116
53, 121
54, 57
55, 559
56, 115
57, 464
58, 57
59, 54
60, 60
61, 166
62, 69
63, 149
64, 56
65, 56
66, 86
67, 54
68, 102
69, 59
70, 166
71, 120
72, 74
73, 115
74, 156
75, 255
76, 168
77, 194
78, 189
79, 68
80, 247
81, 106
82, 180
83, 55
84, 58
85, 308
86, 72
87, 263
88, 75
89, 342
90, 167
91, 414
92, 184
93, 68
94, 96
95, 383
96, 53
97, 117
98, 79
99, 160
100, 75
101, 123
102, 55
103, 106
104, 58
105, 117
106, 138
107, 68
108, 124
109, 67
110, 70
111, 67
112, 59
113, 112
114, 145
115, 66
116, 238
117, 58
118, 56
119, 71
120, 52
121, 118
122, 108
123, 146
124, 81
125, 56
126, 149
127, 56
128, 103
129, 64
130, 108
131, 61
132, 55
133, 59
134, 383
135, 148
136, 122
137, 146
138, 216
139, 94
140, 69
141, 235
142, 84
143, 71
144, 132
145, 169
146, 63
147, 123
148, 124
149, 84
150, 80
151, 71
152, 148
153, 146
154, 75
155, 90
156, 58
157, 337
158, 174
159, 191
160, 191
161, 58
162, 216
163, 150
164, 438
165, 130
166, 63
167, 61
168, 340
169, 147
170, 81
171, 117
172, 100
173, 59
174, 117
175, 142
176, 395
177, 116
178, 61
179, 258
180, 103
181, 113
182, 97
183, 94
184, 361
185, 394
186, 208
187, 222
188, 386
189, 392
190, 231
