1, 254
2, 122
3, 162
4, 126
5, 148
6, 115
7, 123
8, 110
9, 111
10, 121
11, 176
12, 131
13, 286
14, 121
15, 126
16, 119
17, 111
18, 212
19, 114
20, 154
21, 116
22, 118
23, 126
24, 112
25, 270
26, 120
27, 118
28, 117
29, 110
30, 128
31, 136
32, 126
33, 124
34, 132
35, 131
36, 115
37, 118
38, 132
39, 123
40, 252
41, 126
42, 120
43, 114
44, 172
45, 110
46, 127
47, 120
48, 112
49, 112
50, 130
51, 115
52, 123
53, 118
54, 118
55, 109
56, 118
57, 107
58, 138
59, 130
60, 123
61, 108
62, 113
63, 119
64, 138
65, 125
66, 113
67, 118
68, 307
69, 109
70, 204
71, 198
72, 136
73, 117
74, 127
75, 120
76, 141
77, 158
78, 121
79, 115
80, 122
81, 124
82, 114
83, 123
84, 105
85, 104
86, 109
87, 130
88, 109
89, 117
90, 126
91, 117
92, 107
93, 124
94, 113
95, 105
96, 131
97, 109
98, 125
99, 115
100, 116
101, 113
102, 109
103, 293
104, 108
105, 153
106, 111
107, 112
108, 111
109, 124
110, 112
111, 115
112, 114
113, 135
114, 110
115, 125
116, 115
117, 124
118, 116
119, 110
120, 167
121, 124
122, 108
123, 113
124, 133
125, 116
126, 115
127, 116
128, 113
129, 120
130, 144
131, 145
132, 114
133, 124
134, 107
135, 118
136, 326
137, 136
138, 128
139, 123
140, 115
141, 114
142, 229
143, 122
144, 125
145, 185
146, 155
147, 118
148, 110
149, 113
150, 177
151, 119
152, 124
153, 112
154, 117
155, 121
156, 107
157, 123
158, 113
159, 118
160, 113
161, 194
162, 114
163, 126
164, 182
165, 118
166, 136
167, 112
168, 122
169, 123
170, 116
171, 122
172, 185
173, 124
174, 112
175, 121
176, 119
177, 116
178, 108
179, 108
180, 140
181, 118
182, 171
183, 118
184, 109
185, 135
186, 127
187, 110
188, 138
189, 111
190, 142
