1, 384
2, 342
3, 266
4, 303
5, 261
6, 323
7, 348
8, 261
9, 275
10, 299
11, 337
12, 261
13, 255
14, 372
15, 230
16, 559
17, 268
18, 260
19, 252
20, 234
21, 260
22, 274
23, 252
24, 256
25, 313
26, 307
27, 377
28, 289
29, 343
30, 445
31, 403
32, 364
33, 461
34, 409
35, 489
36, 360
37, 345
38, 282
39, 365
40, 290
41, 298
42, 323
43, 347
44, 245
45, 281
46, 336
47, 282
48, 245
49, 246
50, 251
51, 316
52, 321
53, 315
54, 354
55, 393
56, 328
57, 254
58, 263
59, 265
60, 325
61, 229
62, 263
63, 334
64, 407
65, 312
66, 264
67, 303
68, 322
69, 261
70, 329
71, 343
72, 356
73, 393
74, 334
75, 291
76, 302
77, 251
78, 431
79, 316
80, 252
81, 444
82, 352
83, 345
84, 297
85, 335
86, 273
87, 350
88, 229
89, 283
90, 337
91, 313
92, 280
93, 264
94, 240
95, 313
96, 264
97, 281
98, 321
99, 259
100, 276
101, 305
102, 248
103, 472
104, 328
105, 413
106, 515
107, 463
108, 270
109, 388
110, 298
111, 266
112, 299
113, 422
114, 307
115, 334
116, 366
117, 411
118, 282
119, 324
120, 237
121, 363
122, 303
123, 279
124, 498
125, 281
126, 368
127, 285
128, 268
129, 252
130, 284
131, 283
132, 315
133, 279
134, 290
135, 358
136, 252
137, 349
138, 392
139, 221
140, 262
141, 248
142, 424
143, 412
144, 263
145, 388
146, 359
147, 394
148, 408
149, 262
150, 280
151, 242
152, 305
153, 288
154, 305
155, 322
156, 247
157, 373
158, 271
159, 275
160, 374
161, 295
162, 319
163, 302
164, 485
165, 292
166, 359
167, 268
168, 275
169, 362
170, 323
171, 324
172, 240
173, 398
174, 289
175, 319
176, 234
177, 297
178, 285
179, 288
180, 522
181, 361
182, 263
183, 296
184, 259
185, 297
186, 362
187, 361
188, 331
189, 321
190, 314
