1, 189
2, 253
3, 356
4, 252
5, 195
6, 299
7, 227
8, 320
9, 234
10, 212
11, 212
12, 212
13, 243
14, 267
15, 225
16, 398
17, 213
18, 233
19, 281
20, 238
21, 242
22, 260
23, 191
24, 262
25, 211
26, 311
27, 226
28, 256
29, 251
30, 259
31, 223
32, 254
33, 259
34, 233
35, 264
36, 194
37, 237
38, 195
39, 250
40, 220
41, 222
42, 240
43, 250
44, 251
45, 224
46, 249
47, 223
48, 242
49, 200
50, 272
51, 220
52, 285
53, 250
54, 297
55, 217
56, 207
57, 267
58, 235
59, 256
60, 249
61, 274
62, 350
63, 237
64, 266
65, 220
66, 259
67, 224
68, 223
69, 241
70, 281
71, 321
72, 242
73, 254
74, 277
75, 206
76, 228
77, 195
78, 217
79, 245
80, 285
81, 263
82, 228
83, 302
84, 254
85, 268
86, 234
87, 223
88, 288
89, 209
90, 196
91, 354
92, 267
93, 295
94, 197
95, 254
96, 266
97, 265
98, 228
99, 220
100, 269
101, 222
102, 341
103, 212
104, 287
105, 221
106, 246
107, 239
108, 302
109, 235
110, 245
111, 233
112, 217
113, 201
114, 234
115, 253
116, 224
117, 254
118, 277
119, 258
120, 246
121, 198
122, 232
123, 205
124, 221
125, 248
126, 219
127, 316
128, 260
129, 199
130, 211
131, 269
132, 322
133, 277
134, 212
135, 323
136, 242
137, 203
138, 239
139, 211
140, 223
141, 208
142, 249
143, 278
144, 235
145, 213
146, 288
147, 212
148, 243
149, 209
150, 242
151, 241
152, 223
153, 249
154, 301
155, 254
156, 277
157, 225
158, 205
159, 191
160, 212
161, 247
162, 212
163, 208
164, 636
165, 236
166, 268
167, 236
168, 252
169, 228
170, 231
171, 211
172, 206
173, 258
174, 210
175, 217
176, 225
177, 301
178, 258
179, 233
180, 235
181, 255
182, 200
183, 209
184, 251
185, 347
186, 201
187, 211
188, 263
189, 297
190, 208
