1, 242
2, 346
3, 304
4, 326
5, 240
6, 402
7, 281
8, 434
9, 298
10, 241
11, 255
12, 285
13, 322
14, 262
15, 237
16, 429
17, 318
18, 286
19, 396
20, 234
21, 292
22, 291
23, 253
24, 292
25, 255
26, 385
27, 304
28, 278
29, 284
30, 488
31, 349
32, 286
33, 337
34, 308
35, 267
36, 250
37, 356
38, 261
39, 265
40, 329
41, 255
42, 294
43, 290
44, 300
45, 312
46, 333
47, 257
48, 295
49, 267
50, 275
51, 309
52, 286
53, 240
54, 331
55, 269
56, 287
57, 392
58, 350
59, 305
60, 363
61, 312
62, 477
63, 267
64, 466
65, 313
66, 331
67, 272
68, 366
69, 282
70, 238
71, 253
72, 328
73, 318
74, 337
75, 294
76, 247
77, 264
78, 281
79, 289
80, 246
81, 360
82, 246
83, 459
84, 354
85, 251
86, 369
87, 317
88, 272
89, 243
90, 255
91, 353
92, 403
93, 353
94, 282
95, 519
96, 322
97, 248
98, 314
99, 252
100, 354
101, 337
102, 422
103, 275
104, 324
105, 265
106, 271
107, 393
108, 273
109, 277
110, 399
111, 269
112, 310
113, 292
114, 301
115, 311
116, 264
117, 332
118, 375
119, 293
120, 287
121, 225
122, 315
123, 240
124, 301
125, 269
126, 519
127, 417
128, 407
129, 311
130, 254
131, 344
132, 461
133, 390
134, 257
135, 448
136, 288
137, 260
138, 256
139, 317
140, 431
141, 449
142, 265
143, 291
144, 300
145, 338
146, 306
147, 288
148, 324
149, 239
150, 307
151, 280
152, 285
153, 232
154, 287
155, 301
156, 318
157, 306
158, 263
159, 261
160, 297
161, 341
162, 227
163, 257
164, 582
165, 393
166, 314
167, 337
168, 252
169, 268
170, 308
171, 267
172, 263
173, 360
174, 319
175, 268
176, 269
177, 355
178, 302
179, 267
180, 327
181, 243
182, 295
183, 289
184, 446
185, 332
186, 227
187, 266
188, 261
189, 316
190, 274
