1, 198
2, 71
3, 276
4, 73
5, 153
6, 121
7, 89
8, 178
9, 138
10, 184
11, 201
12, 232
13, 414
14, 73
15, 104
16, 65
17, 77
18, 297
19, 67
20, 255
21, 94
22, 67
23, 106
24, 72
25, 420
26, 104
27, 68
28, 94
29, 69
30, 68
31, 72
32, 71
33, 87
34, 102
35, 68
36, 72
37, 80
38, 172
39, 73
40, 462
41, 65
42, 69
43, 68
44, 343
45, 189
46, 68
47, 165
48, 162
49, 62
50, 256
51, 92
52, 88
53, 67
54, 68
55, 158
56, 68
57, 67
58, 185
59, 151
60, 69
61, 144
62, 71
63, 103
64, 134
65, 71
66, 84
67, 72
68, 413
69, 72
70, 87
71, 172
72, 83
73, 124
74, 72
75, 78
76, 212
77, 170
78, 70
79, 143
80, 151
81, 65
82, 114
83, 66
84, 83
85, 107
86, 120
87, 147
88, 136
89, 79
90, 141
91, 65
92, 156
93, 228
94, 109
95, 137
96, 93
97, 100
98, 187
99, 153
100, 159
101, 93
102, 80
103, 315
104, 62
105, 172
106, 108
107, 65
108, 101
109, 69
110, 75
111, 91
112, 100
113, 98
114, 64
115, 66
116, 111
117, 70
118, 120
119, 78
120, 127
121, 138
122, 120
123, 128
124, 71
125, 85
126, 94
127, 65
128, 93
129, 367
130, 366
131, 196
132, 70
133, 143
134, 103
135, 104
136, 287
137, 142
138, 76
139, 148
140, 164
141, 85
142, 178
143, 125
144, 244
145, 164
146, 195
147, 97
148, 74
149, 188
150, 226
151, 171
152, 74
153, 65
154, 65
155, 71
156, 113
157, 69
158, 86
159, 152
160, 66
161, 190
162, 67
163, 72
164, 233
165, 76
166, 147
167, 118
168, 131
169, 68
170, 146
171, 65
172, 260
173, 90
174, 68
175, 66
176, 108
177, 64
178, 93
179, 99
180, 67
181, 66
182, 132
183, 84
184, 125
185, 178
186, 71
187, 66
188, 189
189, 64
190, 76
