1, 216
2, 258
3, 263
4, 250
5, 209
6, 287
7, 258
8, 404
9, 261
10, 212
11, 228
12, 262
13, 286
14, 309
15, 265
16, 256
17, 272
18, 221
19, 278
20, 257
21, 236
22, 311
23, 332
24, 285
25, 255
26, 327
27, 239
28, 245
29, 264
30, 290
31, 229
32, 256
33, 292
34, 267
35, 294
36, 255
37, 290
38, 229
39, 290
40, 236
41, 230
42, 240
43, 334
44, 290
45, 263
46, 268
47, 250
48, 252
49, 240
50, 254
51, 261
52, 392
53, 223
54, 373
55, 220
56, 259
57, 250
58, 300
59, 243
60, 217
61, 257
62, 287
63, 232
64, 311
65, 257
66, 262
67, 238
68, 280
69, 269
70, 246
71, 251
72, 233
73, 330
74, 247
75, 227
76, 235
77, 260
78, 227
79, 311
80, 244
81, 271
82, 237
83, 286
84, 304
85, 238
86, 323
87, 227
88, 269
89, 234
90, 226
91, 326
92, 300
93, 341
94, 209
95, 370
96, 299
97, 295
98, 239
99, 310
100, 301
101, 293
102, 363
103, 231
104, 304
105, 239
106, 275
107, 319
108, 260
109, 287
110, 284
111, 248
112, 305
113, 249
114, 221
115, 292
116, 220
117, 290
118, 300
119, 241
120, 249
121, 361
122, 310
123, 256
124, 258
125, 259
126, 300
127, 349
128, 260
129, 241
130, 217
131, 274
132, 369
133, 240
134, 240
135, 309
136, 222
137, 208
138, 244
139, 221
140, 241
141, 249
142, 341
143, 379
144, 327
145, 222
146, 254
147, 238
148, 254
149, 217
150, 237
151, 320
152, 262
153, 211
154, 267
155, 263
156, 274
157, 253
158, 293
159, 234
160, 314
161, 231
162, 254
163, 209
164, 236
165, 250
166, 264
167, 265
168, 220
169, 238
170, 222
171, 240
172, 238
173, 310
174, 298
175, 223
176, 243
177, 304
178, 264
179, 221
180, 258
181, 258
182, 223
183, 263
184, 219
185, 250
186, 244
187, 250
188, 457
189, 218
190, 260
