1, 289
2, 101
3, 64
4, 74
5, 516
6, 68
7, 81
8, 67
9, 67
10, 224
11, 64
12, 136
13, 71
14, 215
15, 178
16, 688
17, 109
18, 77
19, 63
20, 167
21, 84
22, 65
23, 169
24, 307
25, 523
26, 65
27, 123
28, 231
29, 82
30, 89
31, 71
32, 127
33, 68
34, 76
35, 495
36, 86
37, 105
38, 115
39, 65
40, 156
41, 76
42, 69
43, 94
44, 68
45, 99
46, 69
47, 113
48, 159
49, 226
50, 68
51, 261
52, 108
53, 123
54, 66
55, 120
56, 91
57, 332
58, 69
59, 68
60, 76
61, 135
62, 68
63, 122
64, 69
65, 67
66, 75
67, 66
68, 81
69, 69
70, 189
71, 101
72, 76
73, 128
74, 169
75, 92
76, 162
77, 198
78, 137
79, 71
80, 278
81, 112
82, 199
83, 70
84, 65
85, 332
86, 70
87, 221
88, 74
89, 225
90, 157
91, 589
92, 153
93, 68
94, 82
95, 358
96, 68
97, 113
98, 75
99, 176
100, 67
101, 221
102, 66
103, 101
104, 68
105, 320
106, 115
107, 69
108, 109
109, 66
110, 68
111, 76
112, 65
113, 93
114, 119
115, 78
116, 233
117, 69
118, 67
119, 72
120, 68
121, 173
122, 95
123, 90
124, 78
125, 64
126, 90
127, 69
128, 181
129, 91
130, 93
131, 68
132, 73
133, 67
134, 362
135, 146
136, 4000
137, 229
138, 144
139, 88
140, 67
141, 489
142, 81
143, 67
144, 89
145, 169
146, 69
147, 88
148, 100
149, 78
150, 77
151, 65
152, 110
153, 119
154, 69
155, 125
156, 66
157, 230
158, 184
159, 151
160, 168
161, 77
162, 160
163, 159
164, 405
165, 134
166, 70
167, 69
168, 123
169, 135
170, 84
171, 127
172, 88
173, 66
174, 100
175, 107
176, 358
177, 93
178, 66
179, 251
180, 367
181, 134
182, 108
183, 82
184, 236
185, 259
186, 162
187, 100
188, 362
189, 393
190, 271
