1, 115
2, 129
3, 95
4, 92
5, 250
6, 98
7, 88
8, 95
9, 94
10, 155
11, 86
12, 124
13, 98
14, 146
15, 176
16, 310
17, 92
18, 109
19, 92
20, 192
21, 88
22, 96
23, 144
24, 246
25, 89
26, 98
27, 99
28, 162
29, 90
30, 105
31, 90
32, 92
33, 96
34, 96
35, 308
36, 97
37, 99
38, 87
39, 93
40, 95
41, 106
42, 95
43, 93
44, 90
45, 113
46, 101
47, 91
48, 190
49, 158
50, 89
51, 206
52, 102
53, 277
54, 102
55, 89
56, 99
57, 358
58, 98
59, 99
60, 98
61, 103
62, 88
63, 97
64, 96
65, 94
66, 92
67, 86
68, 110
69, 96
70, 165
71, 272
72, 93
73, 109
74, 123
75, 153
76, 119
77, 188
78, 173
79, 101
80, 232
81, 101
82, 160
83, 94
84, 102
85, 92
86, 95
87, 215
88, 90
89, 269
90, 165
91, 496
92, 136
93, 99
94, 93
95, 286
96, 91
97, 107
98, 96
99, 147
100, 91
101, 111
102, 105
103, 84
104, 103
105, 88
106, 105
107, 102
108, 110
109, 89
110, 100
111, 94
112, 89
113, 108
114, 110
115, 91
116, 143
117, 98
118, 91
119, 90
120, 95
121, 127
122, 90
123, 110
124, 96
125, 92
126, 101
127, 95
128, 149
129, 90
130, 97
131, 96
132, 97
133, 93
134, 293
135, 109
136, 108
137, 283
138, 145
139, 106
140, 96
141, 278
142, 90
143, 105
144, 113
145, 124
146, 97
147, 97
148, 106
149, 85
150, 90
151, 102
152, 104
153, 82
154, 89
155, 110
156, 95
157, 174
158, 176
159, 122
160, 158
161, 93
162, 163
163, 120
164, 735
165, 118
166, 93
167, 88
168, 303
169, 96
170, 90
171, 86
172, 87
173, 93
174, 96
175, 105
176, 198
177, 114
178, 92
179, 98
180, 94
181, 93
182, 112
183, 96
184, 435
185, 186
186, 164
187, 121
188, 460
189, 119
190, 189
