1, 370
2, 76
3, 204
4, 81
5, 195
6, 113
7, 88
8, 167
9, 157
10, 139
11, 189
12, 202
13, 199
14, 75
15, 341
16, 73
17, 75
18, 270
19, 72
20, 265
21, 110
22, 69
23, 109
24, 69
25, 328
26, 96
27, 69
28, 94
29, 71
30, 79
31, 74
32, 73
33, 78
34, 204
35, 73
36, 73
37, 80
38, 206
39, 76
40, 509
41, 74
42, 78
43, 73
44, 415
45, 74
46, 71
47, 155
48, 129
49, 75
50, 438
51, 89
52, 83
53, 71
54, 70
55, 219
56, 74
57, 75
58, 874
59, 158
60, 74
61, 154
62, 70
63, 85
64, 185
65, 94
66, 76
67, 72
68, 420
69, 73
70, 91
71, 160
72, 72
73, 81
74, 67
75, 77
76, 212
77, 241
78, 73
79, 121
80, 169
81, 69
82, 259
83, 73
84, 80
85, 113
86, 107
87, 624
88, 147
89, 87
90, 122
91, 70
92, 149
93, 109
94, 152
95, 147
96, 125
97, 132
98, 293
99, 126
100, 130
101, 78
102, 76
103, 189
104, 71
105, 223
106, 85
107, 67
108, 94
109, 76
110, 70
111, 93
112, 118
113, 87
114, 73
115, 70
116, 121
117, 74
118, 101
119, 71
120, 141
121, 103
122, 109
123, 109
124, 75
125, 76
126, 88
127, 71
128, 93
129, 361
130, 172
131, 185
132, 77
133, 131
134, 100
135, 85
136, 357
137, 173
138, 80
139, 150
140, 151
141, 91
142, 85
143, 123
144, 370
145, 180
146, 209
147, 104
148, 78
149, 176
150, 358
151, 206
152, 70
153, 73
154, 76
155, 76
156, 136
157, 70
158, 99
159, 114
160, 69
161, 248
162, 73
163, 70
164, 237
165, 69
166, 109
167, 110
168, 171
169, 73
170, 112
171, 71
172, 190
173, 85
174, 76
175, 73
176, 127
177, 74
178, 87
179, 99
180, 80
181, 74
182, 379
183, 77
184, 120
185, 174
186, 71
187, 82
188, 153
189, 70
190, 84
