1, 113
2, 114
3, 109
4, 108
5, 335
6, 118
7, 109
8, 115
9, 114
10, 234
11, 110
12, 105
13, 120
14, 127
15, 139
16, 601
17, 121
18, 113
19, 109
20, 189
21, 111
22, 118
23, 228
24, 267
25, 104
26, 126
27, 122
28, 209
29, 116
30, 118
31, 122
32, 130
33, 109
34, 117
35, 196
36, 110
37, 112
38, 121
39, 119
40, 112
41, 105
42, 120
43, 104
44, 115
45, 118
46, 112
47, 112
48, 143
49, 193
50, 112
51, 216
52, 107
53, 117
54, 125
55, 110
56, 106
57, 493
58, 117
59, 114
60, 119
61, 110
62, 109
63, 117
64, 120
65, 115
66, 115
67, 110
68, 109
69, 109
70, 139
71, 117
72, 119
73, 112
74, 190
75, 108
76, 111
77, 113
78, 116
79, 126
80, 486
81, 114
82, 147
83, 116
84, 112
85, 274
86, 104
87, 189
88, 110
89, 212
90, 109
91, 235
92, 149
93, 123
94, 132
95, 231
96, 112
97, 120
98, 112
99, 130
100, 120
101, 111
102, 115
103, 109
104, 121
105, 111
106, 112
107, 128
108, 131
109, 113
110, 108
111, 113
112, 114
113, 111
114, 119
115, 119
116, 150
117, 115
118, 125
119, 128
120, 112
121, 104
122, 123
123, 114
124, 119
125, 119
126, 112
127, 123
128, 123
129, 110
130, 111
131, 132
132, 128
133, 111
134, 230
135, 122
136, 129
137, 191
138, 120
139, 110
140, 120
141, 158
142, 118
143, 134
144, 114
145, 110
146, 105
147, 109
148, 142
149, 101
150, 107
151, 107
152, 113
153, 248
154, 112
155, 111
156, 122
157, 153
158, 344
159, 128
160, 119
161, 104
162, 108
163, 129
164, 307
165, 121
166, 124
167, 110
168, 117
169, 111
170, 125
171, 103
172, 105
173, 121
174, 121
175, 107
176, 243
177, 106
178, 117
179, 169
180, 114
181, 110
182, 107
183, 116
184, 412
185, 243
186, 150
187, 146
188, 240
189, 120
190, 167
