1, 245
2, 145
3, 122
4, 117
5, 204
6, 133
7, 126
8, 130
9, 122
10, 160
11, 115
12, 119
13, 125
14, 131
15, 187
16, 627
17, 117
18, 116
19, 132
20, 147
21, 117
22, 111
23, 238
24, 706
25, 339
26, 135
27, 136
28, 151
29, 131
30, 122
31, 124
32, 132
33, 125
34, 120
35, 162
36, 115
37, 175
38, 127
39, 128
40, 117
41, 112
42, 127
43, 119
44, 123
45, 123
46, 131
47, 121
48, 160
49, 155
50, 112
51, 148
52, 118
53, 113
54, 134
55, 395
56, 115
57, 195
58, 129
59, 183
60, 126
61, 117
62, 120
63, 108
64, 140
65, 133
66, 130
67, 112
68, 118
69, 120
70, 111
71, 123
72, 128
73, 132
74, 125
75, 117
76, 130
77, 131
78, 127
79, 126
80, 128
81, 125
82, 170
83, 120
84, 133
85, 129
86, 126
87, 200
88, 119
89, 252
90, 108
91, 430
92, 138
93, 130
94, 139
95, 220
96, 122
97, 126
98, 122
99, 174
100, 122
101, 107
102, 116
103, 110
104, 138
105, 149
106, 114
107, 125
108, 124
109, 117
110, 128
111, 125
112, 126
113, 119
114, 137
115, 124
116, 155
117, 122
118, 124
119, 120
120, 133
121, 135
122, 117
123, 124
124, 114
125, 120
126, 120
127, 144
128, 157
129, 129
130, 121
131, 124
132, 133
133, 113
134, 237
135, 125
136, 113
137, 176
138, 211
139, 115
140, 123
141, 248
142, 117
143, 134
144, 133
145, 109
146, 121
147, 118
148, 128
149, 124
150, 132
151, 124
152, 123
153, 112
154, 128
155, 130
156, 119
157, 194
158, 123
159, 127
160, 149
161, 112
162, 151
163, 124
164, 755
165, 124
166, 119
167, 120
168, 131
169, 127
170, 110
171, 208
172, 112
173, 128
174, 118
175, 112
176, 162
177, 117
178, 112
179, 187
180, 115
181, 128
182, 111
183, 115
184, 262
185, 181
186, 189
187, 146
188, 208
189, 127
190, 156
