1, 138
2, 132
3, 127
4, 128
5, 208
6, 143
7, 130
8, 149
9, 134
10, 175
11, 123
12, 132
13, 142
14, 112
15, 172
16, 553
17, 165
18, 128
19, 133
20, 229
21, 119
22, 132
23, 203
24, 137
25, 366
26, 155
27, 113
28, 150
29, 136
30, 133
31, 118
32, 133
33, 129
34, 134
35, 130
36, 124
37, 191
38, 116
39, 148
40, 136
41, 130
42, 139
43, 138
44, 126
45, 124
46, 129
47, 118
48, 148
49, 149
50, 128
51, 191
52, 127
53, 127
54, 123
55, 136
56, 128
57, 477
58, 131
59, 130
60, 130
61, 129
62, 124
63, 131
64, 126
65, 136
66, 127
67, 121
68, 137
69, 133
70, 173
71, 134
72, 124
73, 132
74, 127
75, 136
76, 123
77, 123
78, 119
79, 130
80, 473
81, 119
82, 149
83, 140
84, 122
85, 264
86, 132
87, 193
88, 130
89, 176
90, 160
91, 311
92, 160
93, 139
94, 128
95, 207
96, 131
97, 137
98, 131
99, 166
100, 123
101, 155
102, 135
103, 124
104, 141
105, 125
106, 126
107, 141
108, 132
109, 139
110, 133
111, 125
112, 128
113, 122
114, 124
115, 126
116, 152
117, 143
118, 130
119, 124
120, 121
121, 208
122, 124
123, 119
124, 126
125, 124
126, 142
127, 142
128, 141
129, 133
130, 131
131, 124
132, 149
133, 128
134, 226
135, 146
136, 121
137, 128
138, 123
139, 127
140, 136
141, 134
142, 128
143, 133
144, 144
145, 132
146, 124
147, 118
148, 124
149, 124
150, 116
151, 123
152, 124
153, 128
154, 124
155, 132
156, 139
157, 200
158, 126
159, 119
160, 152
161, 126
162, 114
163, 119
164, 723
165, 132
166, 130
167, 129
168, 112
169, 129
170, 127
171, 122
172, 122
173, 139
174, 116
175, 122
176, 197
177, 129
178, 126
179, 174
180, 297
181, 131
182, 120
183, 129
184, 183
185, 251
186, 136
187, 117
188, 245
189, 268
190, 151
