1, 112
2, 112
3, 69
4, 81
5, 347
6, 70
7, 77
8, 78
9, 72
10, 318
11, 69
12, 123
13, 71
14, 163
15, 193
16, 744
17, 80
18, 88
19, 74
20, 314
21, 97
22, 77
23, 396
24, 229
25, 154
26, 75
27, 86
28, 272
29, 74
30, 90
31, 81
32, 114
33, 77
34, 78
35, 186
36, 91
37, 200
38, 94
39, 75
40, 114
41, 79
42, 78
43, 84
44, 70
45, 117
46, 71
47, 85
48, 205
49, 276
50, 77
51, 170
52, 91
53, 313
54, 69
55, 121
56, 102
57, 313
58, 84
59, 72
60, 79
61, 124
62, 74
63, 86
64, 73
65, 72
66, 72
67, 68
68, 82
69, 73
70, 194
71, 506
72, 77
73, 119
74, 143
75, 275
76, 166
77, 187
78, 166
79, 74
80, 132
81, 95
82, 156
83, 68
84, 75
85, 293
86, 74
87, 252
88, 66
89, 383
90, 126
91, 599
92, 158
93, 71
94, 68
95, 308
96, 72
97, 119
98, 70
99, 172
100, 74
101, 112
102, 74
103, 79
104, 75
105, 96
106, 120
107, 76
108, 112
109, 81
110, 74
111, 81
112, 72
113, 99
114, 135
115, 69
116, 206
117, 75
118, 76
119, 76
120, 71
121, 196
122, 77
123, 91
124, 72
125, 73
126, 108
127, 72
128, 96
129, 80
130, 82
131, 72
132, 77
133, 72
134, 305
135, 128
136, 161
137, 130
138, 172
139, 93
140, 78
141, 167
142, 87
143, 69
144, 117
145, 134
146, 69
147, 86
148, 103
149, 73
150, 78
151, 73
152, 124
153, 108
154, 72
155, 116
156, 70
157, 256
158, 148
159, 172
160, 201
161, 72
162, 216
163, 146
164, 914
165, 102
166, 73
167, 76
168, 104
169, 136
170, 70
171, 220
172, 71
173, 79
174, 90
175, 92
176, 248
177, 80
178, 72
179, 287
180, 565
181, 102
182, 69
183, 77
184, 306
185, 245
186, 170
187, 117
188, 226
189, 128
190, 203
