1, 114
2, 126
3, 71
4, 73
5, 310
6, 78
7, 84
8, 72
9, 79
10, 275
11, 77
12, 118
13, 75
14, 268
15, 183
16, 228
17, 100
18, 72
19, 72
20, 231
21, 86
22, 74
23, 235
24, 207
25, 92
26, 79
27, 78
28, 200
29, 78
30, 82
31, 78
32, 107
33, 72
34, 91
35, 151
36, 78
37, 100
38, 116
39, 76
40, 156
41, 94
42, 81
43, 86
44, 74
45, 104
46, 75
47, 82
48, 247
49, 291
50, 75
51, 212
52, 114
53, 303
54, 77
55, 105
56, 97
57, 426
58, 76
59, 76
60, 81
61, 117
62, 90
63, 100
64, 78
65, 78
66, 83
67, 72
68, 79
69, 75
70, 223
71, 418
72, 73
73, 122
74, 202
75, 90
76, 136
77, 175
78, 186
79, 78
80, 182
81, 88
82, 174
83, 79
84, 80
85, 294
86, 74
87, 215
88, 77
89, 342
90, 123
91, 498
92, 147
93, 77
94, 103
95, 280
96, 80
97, 115
98, 82
99, 195
100, 76
101, 182
102, 74
103, 91
104, 77
105, 173
106, 114
107, 74
108, 91
109, 76
110, 78
111, 80
112, 73
113, 97
114, 119
115, 78
116, 171
117, 78
118, 82
119, 81
120, 81
121, 231
122, 93
123, 79
124, 73
125, 76
126, 121
127, 74
128, 195
129, 73
130, 87
131, 78
132, 75
133, 75
134, 278
135, 130
136, 115
137, 150
138, 170
139, 90
140, 72
141, 264
142, 106
143, 83
144, 123
145, 180
146, 80
147, 111
148, 107
149, 81
150, 78
151, 75
152, 108
153, 281
154, 75
155, 108
156, 76
157, 232
158, 412
159, 159
160, 152
161, 82
162, 159
163, 137
164, 456
165, 108
166, 76
167, 77
168, 129
169, 102
170, 100
171, 89
172, 84
173, 74
174, 91
175, 105
176, 323
177, 105
178, 73
179, 144
180, 108
181, 111
182, 89
183, 83
184, 401
185, 251
186, 150
187, 173
188, 245
189, 379
190, 197
