1, 153
2, 128
3, 180
4, 145
5, 151
6, 135
7, 128
8, 154
9, 128
10, 127
11, 125
12, 124
13, 233
14, 129
15, 127
16, 146
17, 119
18, 212
19, 126
20, 133
21, 144
22, 131
23, 123
24, 121
25, 256
26, 134
27, 141
28, 120
29, 125
30, 139
31, 130
32, 137
33, 143
34, 190
35, 170
36, 136
37, 137
38, 141
39, 141
40, 126
41, 122
42, 123
43, 142
44, 373
45, 124
46, 125
47, 203
48, 123
49, 134
50, 787
51, 132
52, 133
53, 131
54, 127
55, 215
56, 137
57, 121
58, 237
59, 161
60, 114
61, 134
62, 123
63, 151
64, 127
65, 141
66, 123
67, 138
68, 121
69, 120
70, 131
71, 137
72, 150
73, 117
74, 149
75, 130
76, 153
77, 136
78, 143
79, 128
80, 119
81, 131
82, 127
83, 140
84, 118
85, 136
86, 133
87, 367
88, 117
89, 149
90, 136
91, 130
92, 123
93, 117
94, 119
95, 135
96, 126
97, 128
98, 127
99, 127
100, 134
101, 144
102, 121
103, 398
104, 147
105, 168
106, 149
107, 133
108, 133
109, 137
110, 143
111, 138
112, 132
113, 126
114, 147
115, 147
116, 128
117, 146
118, 129
119, 124
120, 119
121, 145
122, 122
123, 115
124, 124
125, 139
126, 141
127, 127
128, 123
129, 148
130, 154
131, 125
132, 135
133, 116
134, 133
135, 125
136, 329
137, 132
138, 134
139, 138
140, 126
141, 125
142, 132
143, 136
144, 247
145, 160
146, 123
147, 143
148, 118
149, 124
150, 186
151, 156
152, 128
153, 124
154, 126
155, 148
156, 117
157, 141
158, 125
159, 125
160, 136
161, 147
162, 140
163, 137
164, 217
165, 127
166, 153
167, 124
168, 196
169, 129
170, 117
171, 133
172, 200
173, 131
174, 132
175, 126
176, 124
177, 124
178, 121
179, 140
180, 141
181, 146
182, 120
183, 139
184, 126
185, 142
186, 124
187, 120
188, 142
189, 135
190, 141
