1, 113
2, 88
3, 85
4, 81
5, 278
6, 81
7, 81
8, 82
9, 82
10, 192
11, 80
12, 117
13, 83
14, 147
15, 198
16, 716
17, 113
18, 81
19, 83
20, 180
21, 83
22, 83
23, 160
24, 1006
25, 106
26, 83
27, 84
28, 178
29, 82
30, 88
31, 82
32, 112
33, 79
34, 88
35, 472
36, 86
37, 91
38, 112
39, 84
40, 98
41, 88
42, 84
43, 97
44, 79
45, 115
46, 83
47, 89
48, 229
49, 189
50, 86
51, 140
52, 96
53, 108
54, 81
55, 516
56, 92
57, 535
58, 86
59, 90
60, 84
61, 99
62, 85
63, 111
64, 84
65, 85
66, 78
67, 80
68, 91
69, 84
70, 176
71, 555
72, 83
73, 116
74, 162
75, 82
76, 144
77, 173
78, 151
79, 80
80, 177
81, 94
82, 160
83, 86
84, 84
85, 138
86, 83
87, 235
88, 81
89, 309
90, 86
91, 563
92, 150
93, 84
94, 123
95, 302
96, 89
97, 110
98, 85
99, 139
100, 81
101, 84
102, 80
103, 79
104, 82
105, 82
106, 109
107, 82
108, 113
109, 85
110, 80
111, 85
112, 79
113, 98
114, 115
115, 81
116, 127
117, 83
118, 85
119, 86
120, 79
121, 170
122, 83
123, 102
124, 79
125, 79
126, 141
127, 87
128, 88
129, 88
130, 85
131, 85
132, 86
133, 77
134, 261
135, 148
136, 120
137, 199
138, 173
139, 83
140, 83
141, 130
142, 85
143, 87
144, 78
145, 136
146, 83
147, 92
148, 114
149, 84
150, 85
151, 83
152, 103
153, 87
154, 75
155, 102
156, 82
157, 155
158, 172
159, 128
160, 140
161, 81
162, 194
163, 149
164, 868
165, 125
166, 82
167, 82
168, 111
169, 116
170, 83
171, 216
172, 78
173, 85
174, 87
175, 101
176, 298
177, 87
178, 86
179, 117
180, 286
181, 128
182, 104
183, 91
184, 495
185, 252
186, 126
187, 123
188, 349
189, 126
190, 229
