1, 120
2, 134
3, 64
4, 136
5, 253
6, 68
7, 78
8, 74
9, 82
10, 207
11, 68
12, 118
13, 73
14, 124
15, 239
16, 490
17, 103
18, 65
19, 70
20, 175
21, 90
22, 70
23, 161
24, 218
25, 91
26, 71
27, 154
28, 176
29, 79
30, 95
31, 70
32, 124
33, 70
34, 83
35, 492
36, 84
37, 186
38, 97
39, 67
40, 112
41, 81
42, 95
43, 109
44, 69
45, 109
46, 71
47, 95
48, 221
49, 227
50, 90
51, 268
52, 107
53, 363
54, 72
55, 146
56, 90
57, 418
58, 76
59, 178
60, 70
61, 127
62, 71
63, 119
64, 71
65, 70
66, 79
67, 70
68, 88
69, 70
70, 181
71, 469
72, 71
73, 113
74, 139
75, 76
76, 131
77, 193
78, 200
79, 72
80, 188
81, 98
82, 179
83, 67
84, 68
85, 104
86, 68
87, 244
88, 88
89, 208
90, 100
91, 630
92, 155
93, 71
94, 76
95, 307
96, 70
97, 124
98, 71
99, 159
100, 78
101, 115
102, 68
103, 90
104, 66
105, 189
106, 179
107, 71
108, 85
109, 67
110, 76
111, 75
112, 69
113, 108
114, 131
115, 68
116, 155
117, 73
118, 73
119, 77
120, 65
121, 164
122, 95
123, 97
124, 70
125, 70
126, 140
127, 70
128, 109
129, 78
130, 95
131, 72
132, 71
133, 67
134, 278
135, 138
136, 91
137, 221
138, 177
139, 81
140, 70
141, 241
142, 78
143, 72
144, 83
145, 114
146, 72
147, 113
148, 95
149, 109
150, 74
151, 72
152, 127
153, 113
154, 71
155, 101
156, 69
157, 237
158, 563
159, 146
160, 127
161, 70
162, 216
163, 135
164, 430
165, 117
166, 68
167, 66
168, 138
169, 120
170, 81
171, 83
172, 103
173, 73
174, 77
175, 110
176, 300
177, 110
178, 71
179, 269
180, 124
181, 96
182, 104
183, 110
184, 297
185, 215
186, 160
187, 118
188, 303
189, 316
190, 226
