1, 155
2, 106
3, 186
4, 110
5, 110
6, 102
7, 107
8, 210
9, 100
10, 131
11, 180
12, 144
13, 254
14, 105
15, 187
16, 115
17, 95
18, 192
19, 100
20, 279
21, 101
22, 102
23, 106
24, 102
25, 319
26, 102
27, 104
28, 99
29, 97
30, 112
31, 103
32, 111
33, 110
34, 112
35, 115
36, 107
37, 104
38, 146
39, 111
40, 274
41, 99
42, 105
43, 108
44, 414
45, 103
46, 107
47, 135
48, 131
49, 99
50, 222
51, 140
52, 109
53, 109
54, 97
55, 176
56, 105
57, 107
58, 529
59, 122
60, 105
61, 165
62, 102
63, 122
64, 102
65, 110
66, 100
67, 112
68, 295
69, 107
70, 110
71, 206
72, 116
73, 110
74, 122
75, 106
76, 118
77, 127
78, 101
79, 123
80, 129
81, 108
82, 105
83, 115
84, 98
85, 106
86, 101
87, 499
88, 114
89, 109
90, 118
91, 107
92, 148
93, 116
94, 97
95, 114
96, 104
97, 113
98, 164
99, 101
100, 175
101, 102
102, 99
103, 332
104, 103
105, 165
106, 95
107, 99
108, 97
109, 105
110, 103
111, 108
112, 99
113, 104
114, 103
115, 114
116, 107
117, 120
118, 102
119, 99
120, 115
121, 111
122, 96
123, 101
124, 112
125, 95
126, 109
127, 105
128, 99
129, 112
130, 253
131, 139
132, 110
133, 108
134, 111
135, 96
136, 263
137, 131
138, 103
139, 117
140, 168
141, 102
142, 109
143, 106
144, 135
145, 208
146, 169
147, 106
148, 109
149, 100
150, 291
151, 161
152, 98
153, 104
154, 102
155, 99
156, 97
157, 107
158, 102
159, 110
160, 103
161, 160
162, 107
163, 96
164, 200
165, 111
166, 115
167, 96
168, 121
169, 109
170, 120
171, 112
172, 195
173, 112
174, 107
175, 103
176, 111
177, 91
178, 129
179, 99
180, 120
181, 103
182, 214
183, 111
184, 111
185, 122
186, 102
187, 104
188, 114
189, 104
190, 107
