1, 398
2, 128
3, 477
4, 139
5, 210
6, 200
7, 182
8, 310
9, 193
10, 294
11, 412
12, 344
13, 581
14, 120
15, 181
16, 62
17, 130
18, 460
19, 113
20, 826
21, 157
22, 95
23, 208
24, 118
25, 660
26, 178
27, 53
28, 131
29, 71
30, 44
31, 93
32, 95
33, 136
34, 238
35, 44
36, 95
37, 121
38, 291
39, 89
40, 816
41, 86
42, 108
43, 95
44, 596
45, 138
46, 131
47, 342
48, 289
49, 101
50, 455
51, 204
52, 122
53, 64
54, 84
55, 319
56, 84
57, 89
58, 293
59, 240
60, 86
61, 210
62, 137
63, 223
64, 216
65, 103
66, 148
67, 70
68, 251
69, 118
70, 242
71, 244
72, 110
73, 144
74, 73
75, 105
76, 272
77, 391
78, 123
79, 211
80, 266
81, 96
82, 255
83, 78
84, 131
85, 174
86, 170
87, 536
88, 254
89, 128
90, 196
91, 68
92, 263
93, 267
94, 191
95, 261
96, 225
97, 155
98, 836
99, 194
100, 235
101, 216
102, 151
103, 626
104, 68
105, 308
106, 172
107, 82
108, 147
109, 88
110, 150
111, 200
112, 197
113, 174
114, 79
115, 69
116, 193
117, 64
118, 182
119, 125
120, 169
121, 211
122, 182
123, 220
124, 100
125, 161
126, 145
127, 109
128, 182
129, 211
130, 289
131, 315
132, 89
133, 234
134, 190
135, 160
136, 416
137, 220
138, 110
139, 226
140, 359
141, 187
142, 171
143, 212
144, 278
145, 394
146, 321
147, 152
148, 139
149, 305
150, 543
151, 335
152, 91
153, 91
154, 112
155, 85
156, 208
157, 53
158, 191
159, 281
160, 94
161, 421
162, 69
163, 79
164, 450
165, 116
166, 222
167, 199
168, 433
169, 51
170, 189
171, 44
172, 453
173, 136
174, 121
175, 110
176, 145
177, 92
178, 156
179, 189
180, 45
181, 65
182, 199
183, 141
184, 203
185, 264
186, 110
187, 108
188, 255
189, 86
190, 116
