1, 467
2, 69
3, 263
4, 78
5, 194
6, 121
7, 84
8, 172
9, 110
10, 185
11, 204
12, 187
13, 303
14, 73
15, 105
16, 73
17, 80
18, 262
19, 93
20, 255
21, 88
22, 68
23, 98
24, 71
25, 345
26, 85
27, 70
28, 99
29, 78
30, 72
31, 72
32, 67
33, 94
34, 104
35, 72
36, 70
37, 77
38, 347
39, 74
40, 522
41, 67
42, 72
43, 72
44, 183
45, 72
46, 72
47, 169
48, 145
49, 66
50, 370
51, 91
52, 77
53, 71
54, 65
55, 168
56, 72
57, 70
58, 895
59, 142
60, 73
61, 96
62, 76
63, 99
64, 103
65, 69
66, 80
67, 71
68, 151
69, 76
70, 95
71, 248
72, 73
73, 76
74, 75
75, 79
76, 124
77, 142
78, 72
79, 136
80, 167
81, 72
82, 134
83, 68
84, 71
85, 110
86, 95
87, 481
88, 168
89, 87
90, 128
91, 65
92, 182
93, 129
94, 146
95, 143
96, 102
97, 88
98, 239
99, 125
100, 144
101, 82
102, 89
103, 644
104, 73
105, 232
106, 98
107, 68
108, 106
109, 68
110, 68
111, 95
112, 118
113, 113
114, 70
115, 72
116, 112
117, 75
118, 115
119, 85
120, 133
121, 111
122, 112
123, 158
124, 77
125, 79
126, 83
127, 67
128, 93
129, 535
130, 161
131, 169
132, 74
133, 124
134, 97
135, 81
136, 353
137, 200
138, 71
139, 144
140, 154
141, 93
142, 182
143, 135
144, 176
145, 526
146, 189
147, 112
148, 76
149, 157
150, 309
151, 268
152, 81
153, 69
154, 69
155, 67
156, 101
157, 71
158, 102
159, 175
160, 69
161, 200
162, 69
163, 72
164, 253
165, 78
166, 139
167, 115
168, 239
169, 71
170, 120
171, 69
172, 313
173, 97
174, 73
175, 73
176, 115
177, 72
178, 92
179, 84
180, 72
181, 73
182, 124
183, 71
184, 117
185, 155
186, 69
187, 73
188, 154
189, 72
190, 74
