1, 194
2, 208
3, 204
4, 245
5, 250
6, 227
7, 229
8, 222
9, 235
10, 216
11, 239
12, 224
13, 256
14, 301
15, 204
16, 226
17, 200
18, 206
19, 209
20, 307
21, 225
22, 208
23, 222
24, 209
25, 260
26, 196
27, 254
28, 203
29, 212
30, 301
31, 211
32, 215
33, 236
34, 280
35, 366
36, 220
37, 234
38, 212
39, 306
40, 195
41, 244
42, 222
43, 217
44, 347
45, 225
46, 228
47, 207
48, 202
49, 218
50, 180
51, 218
52, 263
53, 260
54, 281
55, 246
56, 259
57, 188
58, 186
59, 248
60, 228
61, 196
62, 224
63, 220
64, 222
65, 215
66, 187
67, 235
68, 180
69, 229
70, 251
71, 178
72, 276
73, 211
74, 248
75, 225
76, 184
77, 205
78, 216
79, 222
80, 176
81, 212
82, 233
83, 222
84, 201
85, 177
86, 203
87, 209
88, 185
89, 233
90, 235
91, 263
92, 214
93, 174
94, 204
95, 190
96, 227
97, 220
98, 193
99, 205
100, 270
101, 188
102, 188
103, 390
104, 234
105, 188
106, 204
107, 267
108, 214
109, 233
110, 204
111, 244
112, 193
113, 219
114, 257
115, 230
116, 212
117, 292
118, 215
119, 236
120, 248
121, 207
122, 225
123, 205
124, 252
125, 267
126, 200
127, 223
128, 203
129, 233
130, 195
131, 238
132, 254
133, 225
134, 240
135, 198
136, 282
137, 200
138, 299
139, 164
140, 192
141, 205
142, 248
143, 237
144, 266
145, 205
146, 224
147, 241
148, 220
149, 195
150, 200
151, 217
152, 241
153, 208
154, 228
155, 232
156, 190
157, 240
158, 219
159, 196
160, 239
161, 258
162, 210
163, 206
164, 227
165, 233
166, 272
167, 200
168, 246
169, 256
170, 203
171, 291
172, 186
173, 235
174, 267
175, 215
176, 204
177, 210
178, 230
179, 237
180, 306
181, 239
182, 193
183, 203
184, 217
185, 220
186, 232
187, 203
188, 253
189, 253
190, 263
