1, 182
2, 168
3, 148
4, 160
5, 158
6, 152
7, 155
8, 137
9, 169
10, 140
11, 141
12, 142
13, 298
14, 155
15, 133
16, 167
17, 140
18, 162
19, 132
20, 131
21, 147
22, 153
23, 145
24, 150
25, 320
26, 162
27, 150
28, 138
29, 157
30, 154
31, 157
32, 174
33, 173
34, 160
35, 173
36, 159
37, 155
38, 218
39, 173
40, 188
41, 165
42, 147
43, 152
44, 132
45, 130
46, 157
47, 143
48, 148
49, 140
50, 210
51, 172
52, 155
53, 157
54, 138
55, 208
56, 145
57, 141
58, 134
59, 153
60, 150
61, 145
62, 146
63, 196
64, 150
65, 148
66, 129
67, 149
68, 148
69, 137
70, 158
71, 155
72, 148
73, 152
74, 160
75, 149
76, 124
77, 146
78, 164
79, 139
80, 137
81, 154
82, 147
83, 161
84, 125
85, 145
86, 186
87, 361
88, 161
89, 168
90, 142
91, 166
92, 131
93, 123
94, 132
95, 129
96, 131
97, 148
98, 168
99, 147
100, 145
101, 150
102, 140
103, 531
104, 157
105, 195
106, 151
107, 141
108, 139
109, 175
110, 144
111, 149
112, 137
113, 142
114, 142
115, 157
116, 143
117, 172
118, 144
119, 150
120, 150
121, 145
122, 133
123, 130
124, 146
125, 137
126, 163
127, 148
128, 143
129, 424
130, 159
131, 155
132, 164
133, 151
134, 146
135, 151
136, 279
137, 141
138, 164
139, 146
140, 131
141, 152
142, 153
143, 159
144, 141
145, 336
146, 158
147, 144
148, 145
149, 144
150, 151
151, 130
152, 148
153, 141
154, 164
155, 157
156, 139
157, 142
158, 162
159, 145
160, 169
161, 147
162, 136
163, 169
164, 197
165, 156
166, 162
167, 127
168, 146
169, 166
170, 135
171, 170
172, 175
173, 154
174, 134
175, 162
176, 136
177, 156
178, 146
179, 126
180, 182
181, 153
182, 184
183, 169
184, 143
185, 137
186, 144
187, 150
188, 148
189, 142
190, 169
