1, 739
2, 1878
3, 12469
4, 4325
5, 708
6, 8290
7, 999
8, 4269
9, 8958
10, 1338
11, 1051
12, 2238
13, 2872
14, 1507
15, 1633
16, 1122
17, 2644
18, 1404
19, 2853
20, 1064
21, 2491
22, 2970
23, 1842
24, 5880
25, 1116
26, 20694
27, 3136
28, 782
29, 3761
30, 2457
31, 2791
32, 4205
33, 11823
34, 3390
35, 544
36, 1508
37, 1446
38, 1078
39, 3150
40, 2422
41, 3206
42, 4448
43, 2647
44, 4737
45, 1884
46, 5565
47, 970
48, 6205
49, 1231
50, 3839
51, 6345
52, 10615
53, 1080
54, 6317
55, 1119
56, 1559
57, 2375
58, 16370
59, 3687
60, 2218
61, 7920
62, 3261
63, 1041
64, 4561
65, 1877
66, 3478
67, 1333
68, 1405
69, 1147
70, 1608
71, 4394
72, 1987
73, 830
74, 4234
75, 1057
76, 1499
77, 776
78, 1071
79, 4788
80, 1374
81, 2161
82, 1358
83, 3856
84, 4169
85, 1556
86, 1030
87, 2116
88, 1766
89, 1262
90, 2219
91, 949
92, 4447
93, 2765
94, 1929
95, 3458
96, 3498
97, 2184
98, 6916
99, 2853
100, 3252
101, 3184
102, 1850
103, 1423
104, 3051
105, 1237
106, 2612
107, 4890
108, 2677
109, 1935
110, 11048
111, 2355
112, 2865
113, 966
114, 1439
115, 6339
116, 1574
117, 10719
118, 20353
119, 3463
120, 2632
121, 682
122, 3122
123, 785
124, 2617
125, 1949
126, 2732
127, 11343
128, 4819
129, 3067
130, 2227
131, 5936
132, 18697
133, 1166
134, 1181
135, 5030
136, 1377
137, 983
138, 2258
139, 1556
140, 3509
141, 2330
142, 3390
143, 5875
144, 1895
145, 910
146, 4104
147, 1580
148, 2360
149, 6699
150, 1004
151, 3154
152, 3378
153, 1521
154, 1009
155, 1350
156, 3426
157, 1425
158, 805
159, 2083
160, 3202
161, 4190
162, 1993
163, 928
164, 1969
165, 6688
166, 31452
167, 2953
168, 4321
169, 1007
170, 951
171, 1281
172, 891
173, 5568
174, 1655
175, 4735
176, 1778
177, 3654
178, 6788
179, 868
180, 1902
181, 1394
182, 4413
183, 8943
184, 679
185, 1462
186, 1438
187, 1122
188, 1831
189, 7368
190, 863
