1, 208
2, 161
3, 152
4, 159
5, 154
6, 175
7, 151
8, 172
9, 172
10, 173
11, 137
12, 158
13, 178
14, 161
15, 161
16, 175
17, 198
18, 148
19, 164
20, 215
21, 154
22, 150
23, 134
24, 227
25, 137
26, 186
27, 153
28, 155
29, 151
30, 155
31, 157
32, 151
33, 173
34, 155
35, 361
36, 148
37, 170
38, 136
39, 159
40, 162
41, 147
42, 169
43, 160
44, 181
45, 183
46, 166
47, 153
48, 156
49, 197
50, 152
51, 168
52, 157
53, 140
54, 158
55, 212
56, 180
57, 271
58, 162
59, 154
60, 160
61, 145
62, 144
63, 149
64, 179
65, 167
66, 174
67, 155
68, 180
69, 152
70, 163
71, 184
72, 162
73, 176
74, 162
75, 140
76, 142
77, 142
78, 138
79, 189
80, 141
81, 163
82, 165
83, 157
84, 177
85, 238
86, 154
87, 174
88, 142
89, 209
90, 149
91, 407
92, 174
93, 191
94, 158
95, 230
96, 188
97, 146
98, 151
99, 160
100, 151
101, 138
102, 200
103, 145
104, 194
105, 154
106, 152
107, 175
108, 160
109, 158
110, 171
111, 149
112, 154
113, 146
114, 149
115, 153
116, 144
117, 168
118, 173
119, 150
120, 161
121, 136
122, 168
123, 155
124, 163
125, 147
126, 136
127, 172
128, 152
129, 162
130, 156
131, 169
132, 180
133, 172
134, 221
135, 166
136, 139
137, 145
138, 182
139, 169
140, 163
141, 198
142, 139
143, 163
144, 147
145, 139
146, 150
147, 154
148, 158
149, 136
150, 146
151, 180
152, 153
153, 139
154, 163
155, 140
156, 168
157, 165
158, 146
159, 135
160, 147
161, 146
162, 159
163, 147
164, 669
165, 145
166, 176
167, 157
168, 134
169, 143
170, 147
171, 148
172, 149
173, 176
174, 150
175, 148
176, 222
177, 160
178, 157
179, 228
180, 160
181, 149
182, 137
183, 165
184, 413
185, 155
186, 167
187, 159
188, 223
189, 305
190, 181
