1, 111
2, 116
3, 79
4, 77
5, 263
6, 89
7, 76
8, 80
9, 83
10, 174
11, 77
12, 96
13, 83
14, 195
15, 175
16, 583
17, 108
18, 78
19, 77
20, 281
21, 106
22, 75
23, 106
24, 213
25, 90
26, 85
27, 82
28, 186
29, 77
30, 100
31, 78
32, 115
33, 78
34, 84
35, 371
36, 87
37, 138
38, 134
39, 83
40, 87
41, 76
42, 85
43, 95
44, 86
45, 94
46, 79
47, 77
48, 192
49, 184
50, 78
51, 144
52, 117
53, 323
54, 85
55, 155
56, 100
57, 356
58, 78
59, 75
60, 78
61, 129
62, 86
63, 95
64, 79
65, 79
66, 77
67, 74
68, 94
69, 77
70, 188
71, 102
72, 79
73, 122
74, 131
75, 83
76, 136
77, 134
78, 152
79, 82
80, 135
81, 100
82, 153
83, 75
84, 80
85, 95
86, 77
87, 212
88, 85
89, 304
90, 102
91, 557
92, 137
93, 83
94, 86
95, 288
96, 82
97, 124
98, 81
99, 152
100, 74
101, 105
102, 77
103, 78
104, 81
105, 84
106, 143
107, 78
108, 113
109, 81
110, 75
111, 80
112, 78
113, 102
114, 125
115, 79
116, 146
117, 80
118, 78
119, 73
120, 76
121, 158
122, 93
123, 101
124, 76
125, 73
126, 129
127, 82
128, 174
129, 77
130, 112
131, 79
132, 79
133, 73
134, 311
135, 153
136, 449
137, 283
138, 195
139, 79
140, 81
141, 160
142, 87
143, 80
144, 90
145, 214
146, 78
147, 92
148, 119
149, 77
150, 78
151, 80
152, 103
153, 97
154, 77
155, 113
156, 77
157, 227
158, 146
159, 185
160, 190
161, 82
162, 148
163, 128
164, 834
165, 122
166, 76
167, 78
168, 126
169, 155
170, 78
171, 100
172, 84
173, 77
174, 87
175, 99
176, 316
177, 93
178, 80
179, 276
180, 99
181, 77
182, 106
183, 81
184, 539
185, 283
186, 161
187, 116
188, 266
189, 361
190, 169
