1, 460
2, 177
3, 698
4, 203
5, 483
6, 337
7, 246
8, 274
9, 369
10, 296
11, 505
12, 441
13, 885
14, 151
15, 298
16, 78
17, 140
18, 679
19, 170
20, 425
21, 247
22, 165
23, 277
24, 166
25, 755
26, 258
27, 77
28, 175
29, 104
30, 65
31, 127
32, 132
33, 185
34, 456
35, 62
36, 144
37, 152
38, 422
39, 106
40, 1127
41, 116
42, 151
43, 137
44, 798
45, 192
46, 167
47, 418
48, 351
49, 145
50, 682
51, 316
52, 186
53, 91
54, 119
55, 401
56, 115
57, 123
58, 486
59, 284
60, 113
61, 292
62, 159
63, 196
64, 312
65, 145
66, 199
67, 107
68, 358
69, 167
70, 248
71, 351
72, 165
73, 464
74, 97
75, 136
76, 524
77, 385
78, 183
79, 324
80, 350
81, 131
82, 324
83, 94
84, 185
85, 266
86, 213
87, 737
88, 371
89, 214
90, 317
91, 100
92, 383
93, 408
94, 436
95, 356
96, 225
97, 202
98, 459
99, 296
100, 407
101, 264
102, 187
103, 1567
104, 92
105, 443
106, 216
107, 125
108, 234
109, 123
110, 237
111, 251
112, 262
113, 226
114, 136
115, 74
116, 268
117, 92
118, 246
119, 189
120, 306
121, 296
122, 242
123, 265
124, 160
125, 203
126, 229
127, 183
128, 190
129, 355
130, 912
131, 465
132, 131
133, 270
134, 287
135, 235
136, 817
137, 284
138, 150
139, 354
140, 620
141, 231
142, 253
143, 300
144, 393
145, 428
146, 437
147, 247
148, 195
149, 440
150, 450
151, 419
152, 142
153, 150
154, 142
155, 111
156, 275
157, 96
158, 235
159, 342
160, 150
161, 645
162, 97
163, 108
164, 617
165, 150
166, 319
167, 237
168, 619
169, 72
170, 237
171, 68
172, 650
173, 199
174, 172
175, 168
176, 268
177, 115
178, 225
179, 258
180, 65
181, 93
182, 432
183, 223
184, 282
185, 448
186, 139
187, 136
188, 503
189, 111
190, 155
