1, 643
2, 3554
3, 1668
4, 882
5, 565
6, 3331
7, 1461
8, 2128
9, 2783
10, 701
11, 775
12, 1192
13, 5576
14, 788
15, 3077
16, 2778
17, 1158
18, 723
19, 1914
20, 902
21, 1321
22, 1849
23, 620
24, 3220
25, 981
26, 7167
27, 764
28, 727
29, 1011
30, 1668
31, 792
32, 2618
33, 1426
34, 7613
35, 525
36, 728
37, 2509
38, 899
39, 2681
40, 1179
41, 916
42, 13823
43, 1910
44, 1489
45, 1012
46, 2606
47, 3443
48, 1659
49, 1167
50, 1799
51, 3751
52, 7377
53, 797
54, 2611
55, 454
56, 1999
57, 1039
58, 2279
59, 1662
60, 1112
61, 1014
62, 2263
63, 972
64, 2152
65, 2219
66, 859
67, 986
68, 3482
69, 1415
70, 1066
71, 1729
72, 1638
73, 2221
74, 4282
75, 594
76, 685
77, 1385
78, 650
79, 4957
80, 755
81, 947
82, 659
83, 6648
84, 1589
85, 1460
86, 849
87, 952
88, 1136
89, 1001
90, 869
91, 488
92, 1821
93, 7281
94, 766
95, 1810
96, 2023
97, 3826
98, 1107
99, 1385
100, 4846
101, 706
102, 1200
103, 883
104, 2923
105, 840
106, 1662
107, 4141
108, 1142
109, 1301
110, 8829
111, 1195
112, 1135
113, 1348
114, 501
115, 1356
116, 1344
117, 2687
118, 1893
119, 6602
120, 875
121, 745
122, 923
123, 673
124, 1956
125, 2245
126, 1140
127, 2839
128, 3891
129, 643
130, 952
131, 6637
132, 11566
133, 1725
134, 1049
135, 1121
136, 1044
137, 614
138, 898
139, 732
140, 5108
141, 904
142, 2785
143, 2700
144, 3835
145, 620
146, 10121
147, 656
148, 3962
149, 812
150, 1230
151, 1091
152, 1544
153, 602
154, 5116
155, 1148
156, 1280
157, 663
158, 889
159, 1168
160, 554
161, 741
162, 1179
163, 1556
164, 2075
165, 1092
166, 1941
167, 2611
168, 3251
169, 687
170, 998
171, 1189
172, 634
173, 5228
174, 701
175, 802
176, 777
177, 743
178, 2061
179, 966
180, 936
181, 873
182, 975
183, 2335
184, 912
185, 974
186, 1448
187, 860
188, 1840
189, 2874
190, 713
