1, 204
2, 83
3, 188
4, 83
5, 167
6, 106
7, 90
8, 171
9, 117
10, 147
11, 174
12, 170
13, 339
14, 85
15, 207
16, 91
17, 82
18, 254
19, 87
20, 154
21, 92
22, 82
23, 155
24, 79
25, 213
26, 93
27, 82
28, 84
29, 91
30, 90
31, 83
32, 86
33, 97
34, 104
35, 92
36, 80
37, 84
38, 148
39, 88
40, 405
41, 81
42, 83
43, 85
44, 174
45, 86
46, 84
47, 237
48, 109
49, 78
50, 925
51, 85
52, 84
53, 84
54, 76
55, 126
56, 83
57, 81
58, 225
59, 107
60, 85
61, 134
62, 80
63, 74
64, 160
65, 80
66, 119
67, 86
68, 135
69, 84
70, 94
71, 136
72, 85
73, 82
74, 81
75, 83
76, 148
77, 130
78, 86
79, 125
80, 150
81, 86
82, 97
83, 82
84, 89
85, 107
86, 86
87, 480
88, 128
89, 87
90, 119
91, 85
92, 120
93, 127
94, 174
95, 129
96, 95
97, 86
98, 210
99, 128
100, 153
101, 93
102, 82
103, 566
104, 84
105, 283
106, 87
107, 162
108, 92
109, 84
110, 91
111, 94
112, 98
113, 88
114, 81
115, 80
116, 104
117, 90
118, 90
119, 83
120, 202
121, 108
122, 106
123, 145
124, 87
125, 86
126, 88
127, 78
128, 101
129, 442
130, 121
131, 143
132, 81
133, 125
134, 118
135, 79
136, 382
137, 130
138, 91
139, 131
140, 192
141, 86
142, 144
143, 82
144, 151
145, 454
146, 171
147, 100
148, 85
149, 102
150, 230
151, 182
152, 81
153, 88
154, 86
155, 81
156, 103
157, 87
158, 94
159, 119
160, 82
161, 157
162, 80
163, 83
164, 267
165, 78
166, 109
167, 112
168, 193
169, 88
170, 120
171, 83
172, 218
173, 93
174, 85
175, 80
176, 111
177, 80
178, 86
179, 92
180, 88
181, 82
182, 239
183, 81
184, 99
185, 157
186, 83
187, 87
188, 173
189, 88
190, 106
