1, 498
2, 322
3, 109
4, 203
5, 873
6, 83
7, 202
8, 152
9, 156
10, 554
11, 151
12, 273
13, 126
14, 396
15, 501
16, 1967
17, 229
18, 183
19, 83
20, 732
21, 210
22, 115
23, 393
24, 428
25, 249
26, 105
27, 159
28, 517
29, 176
30, 212
31, 167
32, 219
33, 105
34, 207
35, 414
36, 231
37, 299
38, 297
39, 97
40, 399
41, 155
42, 113
43, 226
44, 80
45, 271
46, 123
47, 186
48, 542
49, 726
50, 125
51, 519
52, 193
53, 268
54, 101
55, 447
56, 239
57, 882
58, 114
59, 115
60, 157
61, 262
62, 148
63, 308
64, 73
65, 101
66, 188
67, 81
68, 203
69, 113
70, 407
71, 1112
72, 151
73, 248
74, 370
75, 218
76, 395
77, 444
78, 465
79, 141
80, 407
81, 268
82, 426
83, 100
84, 114
85, 287
86, 153
87, 612
88, 174
89, 507
90, 335
91, 1263
92, 364
93, 139
94, 167
95, 794
96, 66
97, 354
98, 165
99, 509
100, 162
101, 335
102, 109
103, 221
104, 124
105, 221
106, 308
107, 114
108, 237
109, 166
110, 133
111, 140
112, 125
113, 234
114, 263
115, 137
116, 439
117, 125
118, 78
119, 155
120, 96
121, 366
122, 215
123, 211
124, 165
125, 92
126, 289
127, 94
128, 231
129, 128
130, 211
131, 123
132, 86
133, 135
134, 609
135, 306
136, 296
137, 752
138, 432
139, 186
140, 129
141, 383
142, 186
143, 160
144, 239
145, 371
146, 126
147, 266
148, 244
149, 177
150, 148
151, 126
152, 309
153, 212
154, 129
155, 295
156, 123
157, 522
158, 429
159, 445
160, 415
161, 158
162, 565
163, 298
164, 1990
165, 240
166, 150
167, 138
168, 506
169, 273
170, 167
171, 322
172, 216
173, 70
174, 230
175, 280
176, 596
177, 236
178, 122
179, 572
180, 293
181, 322
182, 235
183, 195
184, 700
185, 622
186, 416
187, 348
188, 1865
189, 352
190, 484
