1, 318
2, 184
3, 164
4, 203
5, 157
6, 177
7, 203
8, 196
9, 168
10, 188
11, 170
12, 171
13, 186
14, 198
15, 169
16, 185
17, 170
18, 221
19, 173
20, 293
21, 187
22, 187
23, 167
24, 160
25, 186
26, 185
27, 187
28, 166
29, 188
30, 179
31, 179
32, 212
33, 211
34, 183
35, 258
36, 222
37, 180
38, 165
39, 229
40, 214
41, 195
42, 207
43, 185
44, 198
45, 166
46, 174
47, 189
48, 202
49, 164
50, 362
51, 179
52, 245
53, 175
54, 194
55, 215
56, 204
57, 175
58, 170
59, 164
60, 184
61, 167
62, 167
63, 198
64, 178
65, 197
66, 174
67, 219
68, 165
69, 215
70, 205
71, 258
72, 237
73, 185
74, 196
75, 185
76, 166
77, 196
78, 175
79, 174
80, 169
81, 182
82, 178
83, 191
84, 182
85, 174
86, 144
87, 166
88, 172
89, 177
90, 195
91, 198
92, 157
93, 185
94, 158
95, 164
96, 189
97, 165
98, 160
99, 173
100, 192
101, 181
102, 172
103, 395
104, 203
105, 212
106, 220
107, 167
108, 179
109, 206
110, 177
111, 165
112, 155
113, 171
114, 188
115, 208
116, 177
117, 254
118, 179
119, 188
120, 171
121, 252
122, 188
123, 172
124, 241
125, 171
126, 208
127, 192
128, 182
129, 163
130, 192
131, 221
132, 190
133, 210
134, 176
135, 173
136, 362
137, 182
138, 233
139, 157
140, 163
141, 159
142, 192
143, 195
144, 172
145, 164
146, 178
147, 175
148, 197
149, 170
150, 170
151, 177
152, 188
153, 199
154, 186
155, 208
156, 163
157, 196
158, 205
159, 198
160, 185
161, 222
162, 186
163, 212
164, 180
165, 181
166, 180
167, 160
168, 254
169, 215
170, 175
171, 211
172, 186
173, 207
174, 188
175, 193
176, 174
177, 167
178, 188
179, 180
180, 214
181, 196
182, 158
183, 168
184, 166
185, 180
186, 184
187, 179
188, 177
189, 198
190, 189
