1, 104
2, 138
3, 119
4, 103
5, 213
6, 122
7, 104
8, 124
9, 107
10, 153
11, 105
12, 112
13, 114
14, 148
15, 137
16, 176
17, 118
18, 102
19, 116
20, 161
21, 106
22, 105
23, 272
24, 218
25, 107
26, 123
27, 116
28, 154
29, 103
30, 117
31, 100
32, 121
33, 106
34, 102
35, 453
36, 103
37, 110
38, 98
39, 112
40, 104
41, 101
42, 109
43, 110
44, 108
45, 107
46, 108
47, 107
48, 156
49, 249
50, 105
51, 118
52, 105
53, 98
54, 109
55, 418
56, 109
57, 542
58, 117
59, 107
60, 110
61, 111
62, 124
63, 102
64, 111
65, 105
66, 105
67, 107
68, 106
69, 103
70, 126
71, 341
72, 107
73, 100
74, 118
75, 96
76, 124
77, 156
78, 131
79, 115
80, 112
81, 108
82, 153
83, 115
84, 111
85, 114
86, 106
87, 173
88, 125
89, 260
90, 193
91, 275
92, 139
93, 118
94, 116
95, 226
96, 107
97, 122
98, 106
99, 114
100, 106
101, 163
102, 111
103, 107
104, 112
105, 111
106, 100
107, 110
108, 136
109, 106
110, 111
111, 103
112, 106
113, 112
114, 106
115, 106
116, 191
117, 115
118, 129
119, 100
120, 111
121, 132
122, 111
123, 123
124, 107
125, 108
126, 99
127, 102
128, 158
129, 109
130, 102
131, 116
132, 118
133, 101
134, 233
135, 120
136, 95
137, 138
138, 171
139, 106
140, 107
141, 234
142, 109
143, 130
144, 132
145, 151
146, 101
147, 103
148, 109
149, 102
150, 105
151, 109
152, 108
153, 111
154, 118
155, 106
156, 115
157, 176
158, 114
159, 123
160, 106
161, 104
162, 151
163, 153
164, 831
165, 101
166, 112
167, 104
168, 102
169, 111
170, 106
171, 98
172, 103
173, 114
174, 120
175, 104
176, 168
177, 111
178, 107
179, 193
180, 106
181, 104
182, 109
183, 109
184, 227
185, 189
186, 142
187, 169
188, 242
189, 121
190, 173
