1, 201
2, 166
3, 281
4, 192
5, 178
6, 167
7, 159
8, 296
9, 134
10, 175
11, 155
12, 167
13, 202
14, 181
15, 150
16, 214
17, 168
18, 148
19, 167
20, 321
21, 170
22, 155
23, 154
24, 178
25, 164
26, 181
27, 166
28, 165
29, 146
30, 195
31, 196
32, 202
33, 181
34, 174
35, 211
36, 165
37, 174
38, 168
39, 187
40, 305
41, 174
42, 165
43, 170
44, 153
45, 187
46, 177
47, 181
48, 157
49, 156
50, 742
51, 202
52, 179
53, 178
54, 167
55, 193
56, 186
57, 175
58, 227
59, 160
60, 182
61, 152
62, 158
63, 197
64, 204
65, 190
66, 172
67, 195
68, 162
69, 168
70, 173
71, 177
72, 172
73, 178
74, 199
75, 162
76, 153
77, 162
78, 175
79, 176
80, 152
81, 165
82, 156
83, 168
84, 153
85, 169
86, 169
87, 164
88, 139
89, 178
90, 183
91, 214
92, 157
93, 175
94, 151
95, 179
96, 165
97, 176
98, 146
99, 169
100, 200
101, 160
102, 142
103, 421
104, 197
105, 193
106, 164
107, 164
108, 152
109, 201
110, 163
111, 165
112, 166
113, 166
114, 166
115, 173
116, 163
117, 183
118, 158
119, 190
120, 156
121, 172
122, 155
123, 169
124, 191
125, 150
126, 168
127, 166
128, 166
129, 167
130, 156
131, 169
132, 174
133, 169
134, 185
135, 158
136, 261
137, 161
138, 186
139, 157
140, 146
141, 171
142, 211
143, 160
144, 147
145, 158
146, 160
147, 187
148, 163
149, 164
150, 169
151, 147
152, 160
153, 160
154, 195
155, 169
156, 155
157, 171
158, 180
159, 160
160, 165
161, 200
162, 180
163, 165
164, 180
165, 157
166, 182
167, 151
168, 146
169, 197
170, 183
171, 228
172, 162
173, 189
174, 213
175, 174
176, 156
177, 167
178, 152
179, 188
180, 213
181, 189
182, 174
183, 166
184, 182
185, 158
186, 190
187, 160
188, 176
189, 166
190, 162
