1, 222
2, 91
3, 242
4, 104
5, 163
6, 113
7, 98
8, 126
9, 128
10, 117
11, 185
12, 157
13, 325
14, 92
15, 88
16, 95
17, 91
18, 229
19, 88
20, 204
21, 96
22, 89
23, 108
24, 89
25, 190
26, 97
27, 90
28, 95
29, 89
30, 95
31, 95
32, 91
33, 98
34, 107
35, 97
36, 88
37, 88
38, 176
39, 95
40, 290
41, 84
42, 88
43, 86
44, 445
45, 153
46, 93
47, 151
48, 111
49, 91
50, 399
51, 87
52, 92
53, 96
54, 99
55, 111
56, 93
57, 81
58, 187
59, 125
60, 90
61, 131
62, 81
63, 116
64, 213
65, 93
66, 84
67, 89
68, 139
69, 86
70, 87
71, 152
72, 102
73, 116
74, 86
75, 94
76, 158
77, 159
78, 85
79, 115
80, 206
81, 97
82, 144
83, 92
84, 98
85, 94
86, 101
87, 453
88, 123
89, 92
90, 118
91, 92
92, 132
93, 146
94, 122
95, 135
96, 94
97, 99
98, 173
99, 91
100, 104
101, 90
102, 84
103, 528
104, 98
105, 193
106, 89
107, 87
108, 90
109, 92
110, 92
111, 87
112, 100
113, 106
114, 97
115, 89
116, 103
117, 97
118, 110
119, 84
120, 111
121, 86
122, 89
123, 90
124, 98
125, 87
126, 93
127, 82
128, 90
129, 137
130, 151
131, 172
132, 91
133, 123
134, 121
135, 89
136, 326
137, 188
138, 91
139, 109
140, 127
141, 90
142, 131
143, 107
144, 141
145, 449
146, 189
147, 92
148, 94
149, 153
150, 255
151, 193
152, 90
153, 92
154, 94
155, 86
156, 105
157, 89
158, 87
159, 106
160, 93
161, 150
162, 95
163, 92
164, 186
165, 96
166, 107
167, 108
168, 283
169, 99
170, 100
171, 101
172, 203
173, 98
174, 98
175, 87
176, 108
177, 87
178, 95
179, 92
180, 101
181, 95
182, 253
183, 86
184, 93
185, 151
186, 87
187, 87
188, 132
189, 90
190, 93
