1, 267
2, 179
3, 109
4, 184
5, 593
6, 67
7, 179
8, 124
9, 138
10, 414
11, 128
12, 235
13, 110
14, 390
15, 378
16, 1569
17, 193
18, 159
19, 69
20, 603
21, 185
22, 112
23, 326
24, 421
25, 444
26, 84
27, 142
28, 392
29, 150
30, 192
31, 124
32, 183
33, 85
34, 166
35, 1120
36, 184
37, 243
38, 242
39, 77
40, 305
41, 131
42, 100
43, 196
44, 70
45, 251
46, 124
47, 172
48, 375
49, 573
50, 118
51, 254
52, 151
53, 251
54, 78
55, 966
56, 178
57, 849
58, 93
59, 92
60, 122
61, 228
62, 137
63, 227
64, 64
65, 101
66, 142
67, 62
68, 182
69, 97
70, 247
71, 940
72, 129
73, 230
74, 320
75, 372
76, 350
77, 374
78, 323
79, 123
80, 352
81, 217
82, 310
83, 82
84, 102
85, 686
86, 123
87, 466
88, 147
89, 331
90, 254
91, 1099
92, 258
93, 116
94, 140
95, 772
96, 59
97, 327
98, 139
99, 413
100, 138
101, 262
102, 88
103, 205
104, 101
105, 186
106, 266
107, 102
108, 189
109, 137
110, 111
111, 148
112, 100
113, 195
114, 247
115, 130
116, 324
117, 108
118, 64
119, 137
120, 72
121, 246
122, 184
123, 185
124, 136
125, 73
126, 244
127, 86
128, 181
129, 125
130, 173
131, 107
132, 66
133, 116
134, 452
135, 244
136, 298
137, 773
138, 373
139, 141
140, 111
141, 522
142, 149
143, 138
144, 284
145, 313
146, 112
147, 218
148, 222
149, 138
150, 119
151, 113
152, 265
153, 182
154, 110
155, 167
156, 92
157, 495
158, 377
159, 393
160, 298
161, 140
162, 388
163, 355
164, 1637
165, 199
166, 119
167, 131
168, 971
169, 235
170, 178
171, 531
172, 176
173, 66
174, 222
175, 248
176, 514
177, 229
178, 100
179, 419
180, 240
181, 282
182, 211
183, 168
184, 520
185, 503
186, 512
187, 349
188, 1352
189, 333
190, 418
