1, 481
2, 784
3, 443
4, 459
5, 343
6, 625
7, 410
8, 698
9, 524
10, 389
11, 395
12, 348
13, 601
14, 519
15, 605
16, 442
17, 839
18, 488
19, 558
20, 376
21, 333
22, 475
23, 390
24, 711
25, 360
26, 990
27, 628
28, 390
29, 723
30, 696
31, 352
32, 737
33, 660
34, 547
35, 360
36, 397
37, 677
38, 365
39, 506
40, 597
41, 420
42, 584
43, 453
44, 608
45, 790
46, 503
47, 322
48, 744
49, 410
50, 443
51, 529
52, 482
53, 344
54, 632
55, 331
56, 476
57, 362
58, 573
59, 529
60, 623
61, 455
62, 1199
63, 498
64, 1129
65, 418
66, 525
67, 429
68, 432
69, 578
70, 361
71, 610
72, 412
73, 540
74, 474
75, 424
76, 403
77, 390
78, 465
79, 1744
80, 473
81, 516
82, 500
83, 643
84, 745
85, 729
86, 442
87, 346
88, 392
89, 441
90, 389
91, 464
92, 502
93, 1064
94, 341
95, 1216
96, 663
97, 382
98, 522
99, 455
100, 501
101, 410
102, 675
103, 407
104, 505
105, 419
106, 335
107, 854
108, 906
109, 423
110, 661
111, 489
112, 483
113, 370
114, 497
115, 449
116, 351
117, 612
118, 746
119, 529
120, 555
121, 353
122, 479
123, 375
124, 404
125, 432
126, 498
127, 1088
128, 616
129, 347
130, 463
131, 669
132, 764
133, 397
134, 333
135, 618
136, 297
137, 311
138, 427
139, 464
140, 556
141, 538
142, 742
143, 1006
144, 400
145, 354
146, 644
147, 400
148, 1007
149, 348
150, 438
151, 2191
152, 485
153, 346
154, 613
155, 430
156, 447
157, 388
158, 346
159, 364
160, 483
161, 773
162, 472
163, 515
164, 345
165, 1557
166, 765
167, 516
168, 343
169, 440
170, 364
171, 406
172, 419
173, 718
174, 748
175, 444
176, 373
177, 476
178, 508
179, 456
180, 400
181, 349
182, 471
183, 392
184, 593
185, 322
186, 312
187, 442
188, 654
189, 462
190, 399
