1, 7426
2, 1090
3, 485
4, 2838
5, 735
6, 1518
7, 785
8, 573
9, 345
10, 560
11, 837
12, 1077
13, 1692
14, 1792
15, 405
16, 1614
17, 1103
18, 560
19, 573
20, 433
21, 1210
22, 1971
23, 1060
24, 995
25, 630
26, 1771
27, 2878
28, 693
29, 957
30, 2431
31, 3543
32, 1047
33, 1066
34, 875
35, 21111
36, 1059
37, 730
38, 485
39, 1632
40, 594
41, 1214
42, 689
43, 1068
44, 573
45, 613
46, 773
47, 654
48, 1243
49, 684
50, 729
51, 664
52, 1056
53, 1856
54, 1753
55, 653
56, 1173
57, 788
58, 454
59, 1874
60, 1058
61, 621
62, 859
63, 7805
64, 1377
65, 1987
66, 733
67, 2050
68, 567
69, 903
70, 2033
71, 455
72, 1513
73, 863
74, 7693
75, 580
76, 798
77, 719
78, 771
79, 613
80, 597
81, 821
82, 1174
83, 857
84, 493
85, 725
86, 587
87, 578
88, 494
89, 3667
90, 848
91, 7630
92, 566
93, 495
94, 478
95, 676
96, 625
97, 2264
98, 830
99, 774
100, 2146
101, 1960
102, 772
103, 827
104, 1302
105, 758
106, 1019
107, 767
108, 821
109, 4113
110, 1333
111, 776
112, 607
113, 6499
114, 733
115, 998
116, 720
117, 1763
118, 769
119, 1423
120, 976
121, 1712
122, 679
123, 582
124, 738
125, 693
126, 474
127, 686
128, 680
129, 495
130, 2310
131, 1471
132, 662
133, 624
134, 1272
135, 592
136, 511
137, 906
138, 1074
139, 1129
140, 528
141, 642
142, 583
143, 3661
144, 465
145, 745
146, 673
147, 6927
148, 1040
149, 686
150, 488
151, 458
152, 791
153, 896
154, 1319
155, 1912
156, 429
157, 754
158, 792
159, 588
160, 672
161, 3504
162, 1949
163, 8410
164, 632
165, 3697
166, 2149
167, 616
168, 757
169, 2077
170, 513
171, 2581
172, 518
173, 757
174, 959
175, 946
176, 1578
177, 1065
178, 860
179, 716
180, 2530
181, 1313
182, 470
183, 657
184, 647
185, 1564
186, 1710
187, 803
188, 2295
189, 716
190, 1576
