1, 183
2, 104
3, 167
4, 109
5, 139
6, 105
7, 108
8, 140
9, 111
10, 149
11, 170
12, 151
13, 288
14, 119
15, 152
16, 120
17, 115
18, 194
19, 117
20, 159
21, 107
22, 105
23, 101
24, 116
25, 166
26, 106
27, 108
28, 98
29, 102
30, 123
31, 105
32, 117
33, 121
34, 184
35, 128
36, 112
37, 111
38, 152
39, 120
40, 235
41, 116
42, 119
43, 111
44, 166
45, 102
46, 104
47, 140
48, 117
49, 107
50, 824
51, 110
52, 109
53, 113
54, 117
55, 125
56, 110
57, 111
58, 128
59, 104
60, 114
61, 136
62, 108
63, 116
64, 161
65, 104
66, 104
67, 115
68, 341
69, 109
70, 158
71, 147
72, 121
73, 130
74, 107
75, 109
76, 151
77, 175
78, 113
79, 114
80, 124
81, 106
82, 104
83, 107
84, 100
85, 121
86, 107
87, 407
88, 111
89, 121
90, 127
91, 118
92, 117
93, 112
94, 111
95, 115
96, 103
97, 104
98, 174
99, 105
100, 118
101, 104
102, 106
103, 427
104, 112
105, 169
106, 113
107, 109
108, 107
109, 115
110, 114
111, 115
112, 111
113, 112
114, 119
115, 103
116, 109
117, 116
118, 119
119, 107
120, 136
121, 106
122, 102
123, 156
124, 115
125, 110
126, 102
127, 109
128, 106
129, 105
130, 257
131, 135
132, 111
133, 112
134, 110
135, 111
136, 312
137, 118
138, 113
139, 141
140, 116
141, 108
142, 175
143, 109
144, 130
145, 134
146, 173
147, 107
148, 119
149, 127
150, 250
151, 131
152, 108
153, 104
154, 108
155, 120
156, 104
157, 120
158, 108
159, 116
160, 111
161, 211
162, 117
163, 105
164, 202
165, 109
166, 110
167, 106
168, 255
169, 118
170, 112
171, 126
172, 205
173, 117
174, 106
175, 108
176, 119
177, 104
178, 128
179, 112
180, 122
181, 114
182, 248
183, 107
184, 105
185, 140
186, 119
187, 115
188, 187
189, 124
190, 123
