1, 153
2, 84
3, 117
4, 81
5, 120
6, 94
7, 83
8, 108
9, 98
10, 99
11, 128
12, 117
13, 226
14, 82
15, 83
16, 80
17, 95
18, 173
19, 83
20, 186
21, 81
22, 83
23, 83
24, 82
25, 222
26, 81
27, 80
28, 80
29, 82
30, 83
31, 83
32, 81
33, 83
34, 177
35, 82
36, 80
37, 80
38, 104
39, 81
40, 264
41, 82
42, 82
43, 81
44, 175
45, 83
46, 82
47, 112
48, 84
49, 83
50, 264
51, 81
52, 83
53, 80
54, 82
55, 93
56, 80
57, 83
58, 96
59, 106
60, 84
61, 92
62, 84
63, 95
64, 81
65, 85
66, 84
67, 84
68, 160
69, 82
70, 92
71, 131
72, 81
73, 102
74, 82
75, 83
76, 107
77, 119
78, 81
79, 101
80, 156
81, 81
82, 95
83, 79
84, 81
85, 84
86, 84
87, 81
88, 84
89, 84
90, 91
91, 81
92, 91
93, 109
94, 78
95, 98
96, 93
97, 88
98, 83
99, 84
100, 118
101, 83
102, 86
103, 132
104, 82
105, 184
106, 80
107, 82
108, 84
109, 80
110, 80
111, 82
112, 87
113, 81
114, 82
115, 81
116, 96
117, 82
118, 103
119, 83
120, 84
121, 82
122, 87
123, 84
124, 81
125, 102
126, 81
127, 80
128, 83
129, 97
130, 205
131, 108
132, 85
133, 83
134, 93
135, 83
136, 222
137, 110
138, 82
139, 108
140, 109
141, 85
142, 82
143, 83
144, 126
145, 148
146, 114
147, 80
148, 82
149, 83
150, 152
151, 122
152, 82
153, 94
154, 83
155, 81
156, 87
157, 81
158, 86
159, 95
160, 81
161, 95
162, 81
163, 81
164, 139
165, 81
166, 85
167, 87
168, 202
169, 80
170, 85
171, 82
172, 138
173, 84
174, 81
175, 82
176, 99
177, 81
178, 90
179, 83
180, 83
181, 81
182, 149
183, 83
184, 91
185, 93
186, 82
187, 80
188, 115
189, 80
190, 83
