1, 168
2, 76
3, 58
4, 79
5, 142
6, 55
7, 76
8, 60
9, 58
10, 154
11, 60
12, 92
13, 59
14, 133
15, 156
16, 192
17, 70
18, 72
19, 55
20, 116
21, 62
22, 57
23, 135
24, 210
25, 75
26, 57
27, 60
28, 142
29, 73
30, 80
31, 62
32, 92
33, 55
34, 67
35, 131
36, 78
37, 103
38, 87
39, 55
40, 86
41, 76
42, 66
43, 74
44, 58
45, 88
46, 57
47, 66
48, 173
49, 260
50, 61
51, 132
52, 94
53, 81
54, 57
55, 95
56, 66
57, 351
58, 59
59, 58
60, 68
61, 114
62, 57
63, 83
64, 56
65, 57
66, 75
67, 55
68, 64
69, 58
70, 160
71, 389
72, 60
73, 98
74, 111
75, 75
76, 110
77, 141
78, 152
79, 60
80, 497
81, 77
82, 150
83, 57
84, 56
85, 86
86, 59
87, 204
88, 86
89, 215
90, 90
91, 242
92, 143
93, 58
94, 72
95, 266
96, 58
97, 105
98, 74
99, 162
100, 62
101, 134
102, 57
103, 77
104, 56
105, 72
106, 111
107, 57
108, 82
109, 60
110, 58
111, 65
112, 55
113, 88
114, 104
115, 56
116, 167
117, 55
118, 56
119, 58
120, 55
121, 126
122, 72
123, 106
124, 64
125, 55
126, 94
127, 57
128, 154
129, 59
130, 92
131, 56
132, 56
133, 58
134, 250
135, 123
136, 355
137, 143
138, 154
139, 69
140, 57
141, 384
142, 67
143, 60
144, 114
145, 112
146, 62
147, 81
148, 92
149, 72
150, 75
151, 58
152, 105
153, 107
154, 65
155, 109
156, 59
157, 188
158, 116
159, 137
160, 128
161, 59
162, 143
163, 144
164, 292
165, 107
166, 56
167, 55
168, 85
169, 95
170, 84
171, 103
172, 67
173, 58
174, 79
175, 91
176, 259
177, 78
178, 72
179, 218
180, 176
181, 131
182, 87
183, 78
184, 240
185, 244
186, 219
187, 84
188, 194
189, 308
190, 141
