1, 148
2, 102
3, 68
4, 69
5, 200
6, 67
7, 71
8, 69
9, 68
10, 167
11, 68
12, 79
13, 67
14, 87
15, 151
16, 510
17, 99
18, 67
19, 68
20, 110
21, 67
22, 66
23, 117
24, 693
25, 71
26, 67
27, 76
28, 170
29, 66
30, 73
31, 72
32, 98
33, 67
34, 69
35, 349
36, 72
37, 88
38, 73
39, 66
40, 67
41, 69
42, 80
43, 77
44, 67
45, 66
46, 67
47, 68
48, 139
49, 164
50, 69
51, 120
52, 91
53, 238
54, 67
55, 72
56, 67
57, 455
58, 64
59, 95
60, 68
61, 98
62, 71
63, 93
64, 66
65, 67
66, 67
67, 67
68, 68
69, 67
70, 149
71, 309
72, 67
73, 86
74, 120
75, 78
76, 93
77, 141
78, 123
79, 68
80, 191
81, 67
82, 138
83, 67
84, 70
85, 107
86, 70
87, 162
88, 68
89, 191
90, 89
91, 427
92, 135
93, 66
94, 68
95, 203
96, 66
97, 99
98, 70
99, 101
100, 68
101, 86
102, 66
103, 83
104, 68
105, 69
106, 86
107, 67
108, 77
109, 71
110, 66
111, 76
112, 66
113, 94
114, 90
115, 67
116, 100
117, 67
118, 69
119, 66
120, 67
121, 136
122, 68
123, 97
124, 67
125, 66
126, 80
127, 66
128, 131
129, 69
130, 85
131, 68
132, 67
133, 70
134, 217
135, 106
136, 133
137, 116
138, 117
139, 75
140, 68
141, 194
142, 71
143, 65
144, 72
145, 103
146, 69
147, 71
148, 68
149, 79
150, 70
151, 67
152, 90
153, 102
154, 68
155, 68
156, 67
157, 148
158, 170
159, 89
160, 102
161, 67
162, 94
163, 121
164, 209
165, 121
166, 68
167, 68
168, 82
169, 84
170, 68
171, 68
172, 70
173, 67
174, 67
175, 88
176, 215
177, 78
178, 70
179, 173
180, 254
181, 73
182, 76
183, 76
184, 190
185, 187
186, 125
187, 79
188, 176
189, 107
190, 141
