1, 179
2, 66
3, 158
4, 65
5, 145
6, 101
7, 77
8, 308
9, 98
10, 126
11, 141
12, 117
13, 261
14, 64
15, 74
16, 67
17, 68
18, 175
19, 64
20, 348
21, 73
22, 66
23, 77
24, 67
25, 182
26, 74
27, 65
28, 68
29, 65
30, 65
31, 65
32, 66
33, 71
34, 95
35, 64
36, 65
37, 66
38, 281
39, 65
40, 212
41, 64
42, 65
43, 65
44, 192
45, 69
46, 67
47, 106
48, 85
49, 67
50, 111
51, 70
52, 64
53, 64
54, 65
55, 104
56, 65
57, 65
58, 258
59, 109
60, 65
61, 104
62, 66
63, 73
64, 86
65, 67
66, 67
67, 66
68, 120
69, 66
70, 86
71, 139
72, 65
73, 67
74, 63
75, 74
76, 142
77, 156
78, 66
79, 112
80, 104
81, 66
82, 76
83, 65
84, 72
85, 79
86, 155
87, 337
88, 100
89, 70
90, 88
91, 64
92, 117
93, 89
94, 79
95, 99
96, 99
97, 86
98, 109
99, 83
100, 129
101, 79
102, 66
103, 378
104, 64
105, 166
106, 67
107, 66
108, 71
109, 64
110, 66
111, 67
112, 77
113, 90
114, 65
115, 65
116, 86
117, 65
118, 93
119, 68
120, 120
121, 69
122, 83
123, 110
124, 68
125, 78
126, 76
127, 66
128, 80
129, 107
130, 251
131, 128
132, 71
133, 83
134, 88
135, 72
136, 256
137, 143
138, 66
139, 105
140, 125
141, 87
142, 69
143, 86
144, 120
145, 98
146, 129
147, 76
148, 65
149, 71
150, 180
151, 156
152, 66
153, 72
154, 65
155, 65
156, 99
157, 65
158, 89
159, 102
160, 64
161, 140
162, 65
163, 65
164, 154
165, 64
166, 101
167, 81
168, 121
169, 66
170, 118
171, 64
172, 147
173, 71
174, 68
175, 65
176, 74
177, 66
178, 68
179, 75
180, 66
181, 65
182, 99
183, 64
184, 83
185, 121
186, 66
187, 67
188, 114
189, 66
190, 68
