1, 371
2, 67
3, 198
4, 58
5, 153
6, 92
7, 78
8, 139
9, 119
10, 131
11, 174
12, 131
13, 331
14, 58
15, 85
16, 57
17, 57
18, 207
19, 57
20, 197
21, 69
22, 59
23, 96
24, 63
25, 140
26, 110
27, 55
28, 81
29, 56
30, 55
31, 56
32, 57
33, 79
34, 76
35, 56
36, 71
37, 61
38, 133
39, 56
40, 244
41, 56
42, 63
43, 58
44, 369
45, 163
46, 64
47, 128
48, 101
49, 57
50, 116
51, 112
52, 62
53, 56
54, 59
55, 114
56, 56
57, 60
58, 219
59, 126
60, 62
61, 111
62, 64
63, 73
64, 98
65, 63
66, 60
67, 55
68, 107
69, 63
70, 87
71, 136
72, 61
73, 82
74, 57
75, 69
76, 150
77, 116
78, 81
79, 123
80, 110
81, 56
82, 99
83, 57
84, 70
85, 80
86, 112
87, 520
88, 125
89, 82
90, 111
91, 57
92, 125
93, 122
94, 92
95, 114
96, 82
97, 86
98, 199
99, 79
100, 111
101, 61
102, 63
103, 157
104, 56
105, 175
106, 67
107, 56
108, 75
109, 58
110, 61
111, 68
112, 109
113, 99
114, 55
115, 56
116, 94
117, 55
118, 108
119, 63
120, 110
121, 93
122, 84
123, 129
124, 60
125, 73
126, 72
127, 57
128, 73
129, 444
130, 291
131, 134
132, 70
133, 118
134, 92
135, 84
136, 240
137, 125
138, 69
139, 112
140, 128
141, 94
142, 133
143, 93
144, 140
145, 396
146, 176
147, 88
148, 68
149, 89
150, 180
151, 172
152, 57
153, 81
154, 57
155, 54
156, 127
157, 55
158, 86
159, 132
160, 67
161, 185
162, 55
163, 63
164, 174
165, 57
166, 110
167, 104
168, 193
169, 57
170, 92
171, 57
172, 203
173, 75
174, 68
175, 62
176, 109
177, 58
178, 79
179, 77
180, 55
181, 56
182, 84
183, 64
184, 88
185, 137
186, 60
187, 69
188, 140
189, 56
190, 109
