1, 102
2, 70
3, 59
4, 62
5, 356
6, 57
7, 75
8, 64
9, 58
10, 155
11, 60
12, 112
13, 60
14, 115
15, 163
16, 599
17, 79
18, 63
19, 58
20, 196
21, 66
22, 58
23, 146
24, 190
25, 79
26, 58
27, 60
28, 143
29, 67
30, 71
31, 60
32, 70
33, 57
34, 61
35, 258
36, 68
37, 145
38, 82
39, 59
40, 129
41, 60
42, 66
43, 72
44, 57
45, 93
46, 58
47, 72
48, 174
49, 230
50, 64
51, 147
52, 101
53, 88
54, 56
55, 82
56, 81
57, 505
58, 58
59, 57
60, 66
61, 107
62, 58
63, 95
64, 59
65, 59
66, 66
67, 59
68, 63
69, 58
70, 153
71, 85
72, 59
73, 99
74, 121
75, 72
76, 109
77, 124
78, 135
79, 62
80, 270
81, 71
82, 143
83, 57
84, 57
85, 79
86, 62
87, 190
88, 67
89, 224
90, 98
91, 462
92, 138
93, 57
94, 98
95, 229
96, 58
97, 99
98, 67
99, 151
100, 59
101, 80
102, 59
103, 72
104, 59
105, 67
106, 108
107, 58
108, 89
109, 76
110, 59
111, 72
112, 58
113, 85
114, 98
115, 61
116, 143
117, 58
118, 57
119, 60
120, 58
121, 122
122, 77
123, 83
124, 59
125, 59
126, 100
127, 58
128, 147
129, 69
130, 80
131, 56
132, 56
133, 58
134, 268
135, 117
136, 97
137, 144
138, 128
139, 75
140, 63
141, 107
142, 68
143, 59
144, 81
145, 122
146, 60
147, 92
148, 89
149, 69
150, 73
151, 68
152, 98
153, 203
154, 70
155, 92
156, 58
157, 187
158, 123
159, 122
160, 115
161, 61
162, 113
163, 116
164, 711
165, 113
166, 58
167, 60
168, 66
169, 104
170, 73
171, 76
172, 72
173, 59
174, 86
175, 96
176, 253
177, 72
178, 61
179, 151
180, 314
181, 80
182, 87
183, 83
184, 185
185, 200
186, 218
187, 128
188, 236
189, 272
190, 200
