1, 105
2, 93
3, 89
4, 111
5, 142
6, 91
7, 91
8, 88
9, 90
10, 170
11, 91
12, 103
13, 90
14, 92
15, 133
16, 358
17, 92
18, 88
19, 91
20, 108
21, 93
22, 91
23, 108
24, 230
25, 104
26, 92
27, 92
28, 130
29, 92
30, 89
31, 89
32, 97
33, 90
34, 94
35, 205
36, 91
37, 144
38, 92
39, 90
40, 90
41, 94
42, 91
43, 92
44, 91
45, 91
46, 90
47, 92
48, 123
49, 107
50, 91
51, 161
52, 104
53, 92
54, 89
55, 288
56, 91
57, 246
58, 89
59, 93
60, 92
61, 90
62, 89
63, 93
64, 89
65, 92
66, 91
67, 91
68, 91
69, 92
70, 96
71, 311
72, 91
73, 91
74, 110
75, 93
76, 92
77, 97
78, 97
79, 90
80, 146
81, 88
82, 134
83, 91
84, 92
85, 202
86, 92
87, 95
88, 98
89, 104
90, 100
91, 256
92, 136
93, 91
94, 91
95, 170
96, 89
97, 105
98, 93
99, 115
100, 89
101, 130
102, 92
103, 94
104, 91
105, 91
106, 93
107, 93
108, 91
109, 91
110, 90
111, 93
112, 91
113, 99
114, 92
115, 92
116, 92
117, 92
118, 92
119, 91
120, 93
121, 91
122, 92
123, 109
124, 91
125, 91
126, 92
127, 89
128, 103
129, 90
130, 93
131, 92
132, 91
133, 89
134, 192
135, 114
136, 93
137, 129
138, 143
139, 91
140, 92
141, 149
142, 89
143, 90
144, 91
145, 110
146, 91
147, 91
148, 100
149, 89
150, 89
151, 91
152, 94
153, 160
154, 92
155, 97
156, 90
157, 111
158, 92
159, 92
160, 135
161, 90
162, 92
163, 115
164, 211
165, 118
166, 92
167, 94
168, 98
169, 93
170, 89
171, 89
172, 91
173, 90
174, 91
175, 92
176, 164
177, 90
178, 91
179, 117
180, 206
181, 91
182, 90
183, 91
184, 234
185, 178
186, 104
187, 95
188, 282
189, 109
190, 132
