1, 199
2, 68
3, 170
4, 62
5, 148
6, 89
7, 79
8, 298
9, 116
10, 121
11, 168
12, 133
13, 318
14, 60
15, 65
16, 61
17, 63
18, 199
19, 62
20, 240
21, 74
22, 63
23, 92
24, 63
25, 280
26, 84
27, 61
28, 73
29, 62
30, 61
31, 61
32, 64
33, 93
34, 72
35, 61
36, 65
37, 62
38, 202
39, 61
40, 221
41, 62
42, 62
43, 61
44, 156
45, 71
46, 61
47, 114
48, 104
49, 65
50, 531
51, 89
52, 61
53, 60
54, 62
55, 100
56, 61
57, 66
58, 181
59, 90
60, 64
61, 131
62, 63
63, 77
64, 77
65, 73
66, 72
67, 62
68, 145
69, 62
70, 84
71, 253
72, 64
73, 85
74, 61
75, 69
76, 145
77, 109
78, 66
79, 101
80, 119
81, 61
82, 76
83, 63
84, 66
85, 83
86, 80
87, 110
88, 95
89, 70
90, 82
91, 61
92, 116
93, 131
94, 113
95, 108
96, 94
97, 85
98, 182
99, 99
100, 118
101, 61
102, 66
103, 198
104, 62
105, 192
106, 67
107, 101
108, 73
109, 61
110, 61
111, 68
112, 86
113, 81
114, 63
115, 62
116, 116
117, 62
118, 93
119, 65
120, 94
121, 165
122, 82
123, 77
124, 63
125, 126
126, 71
127, 64
128, 77
129, 111
130, 142
131, 126
132, 65
133, 91
134, 98
135, 76
136, 235
137, 122
138, 65
139, 100
140, 183
141, 82
142, 129
143, 95
144, 111
145, 135
146, 123
147, 82
148, 67
149, 112
150, 214
151, 159
152, 61
153, 72
154, 62
155, 61
156, 69
157, 62
158, 83
159, 83
160, 67
161, 147
162, 60
163, 63
164, 163
165, 64
166, 99
167, 90
168, 118
169, 61
170, 84
171, 60
172, 182
173, 72
174, 64
175, 62
176, 91
177, 62
178, 71
179, 74
180, 59
181, 62
182, 69
183, 67
184, 84
185, 121
186, 62
187, 61
188, 156
189, 61
190, 63
