1, 240
2, 102
3, 131
4, 104
5, 115
6, 107
7, 104
8, 104
9, 125
10, 104
11, 103
12, 105
13, 155
14, 103
15, 136
16, 101
17, 102
18, 137
19, 102
20, 210
21, 105
22, 102
23, 102
24, 103
25, 139
26, 103
27, 101
28, 102
29, 104
30, 103
31, 107
32, 102
33, 101
34, 129
35, 102
36, 102
37, 104
38, 124
39, 103
40, 138
41, 103
42, 102
43, 100
44, 257
45, 102
46, 104
47, 103
48, 101
49, 102
50, 105
51, 103
52, 102
53, 103
54, 102
55, 129
56, 103
57, 99
58, 200
59, 115
60, 103
61, 108
62, 103
63, 101
64, 101
65, 103
66, 103
67, 103
68, 102
69, 102
70, 104
71, 145
72, 100
73, 101
74, 102
75, 104
76, 106
77, 110
78, 104
79, 105
80, 119
81, 104
82, 110
83, 101
84, 101
85, 101
86, 104
87, 102
88, 106
89, 105
90, 102
91, 101
92, 103
93, 106
94, 102
95, 103
96, 103
97, 108
98, 183
99, 103
100, 127
101, 102
102, 104
103, 273
104, 103
105, 156
106, 106
107, 102
108, 101
109, 103
110, 102
111, 103
112, 100
113, 104
114, 102
115, 105
116, 114
117, 101
118, 106
119, 101
120, 105
121, 102
122, 103
123, 102
124, 101
125, 102
126, 102
127, 102
128, 103
129, 275
130, 101
131, 104
132, 101
133, 103
134, 109
135, 112
136, 210
137, 123
138, 105
139, 103
140, 115
141, 106
142, 103
143, 101
144, 102
145, 190
146, 102
147, 103
148, 104
149, 103
150, 113
151, 101
152, 102
153, 103
154, 101
155, 102
156, 103
157, 102
158, 102
159, 118
160, 101
161, 131
162, 103
163, 100
164, 165
165, 100
166, 104
167, 102
168, 131
169, 103
170, 105
171, 104
172, 106
173, 103
174, 100
175, 103
176, 109
177, 103
178, 105
179, 102
180, 102
181, 101
182, 125
183, 103
184, 105
185, 103
186, 104
187, 103
188, 114
189, 103
190, 101
