1, 198
2, 75
3, 130
4, 74
5, 125
6, 99
7, 78
8, 106
9, 116
10, 98
11, 139
12, 124
13, 237
14, 74
15, 83
16, 74
17, 75
18, 153
19, 71
20, 157
21, 75
22, 74
23, 86
24, 74
25, 255
26, 74
27, 72
28, 78
29, 73
30, 75
31, 73
32, 75
33, 78
34, 72
35, 73
36, 75
37, 75
38, 257
39, 74
40, 183
41, 72
42, 73
43, 73
44, 167
45, 75
46, 74
47, 87
48, 86
49, 78
50, 138
51, 104
52, 74
53, 76
54, 78
55, 114
56, 76
57, 75
58, 200
59, 107
60, 77
61, 89
62, 75
63, 74
64, 78
65, 75
66, 73
67, 74
68, 113
69, 74
70, 76
71, 133
72, 73
73, 91
74, 74
75, 76
76, 104
77, 119
78, 76
79, 86
80, 93
81, 72
82, 90
83, 73
84, 77
85, 83
86, 81
87, 114
88, 96
89, 74
90, 77
91, 74
92, 107
93, 120
94, 86
95, 103
96, 83
97, 85
98, 121
99, 74
100, 110
101, 73
102, 74
103, 140
104, 72
105, 164
106, 74
107, 74
108, 75
109, 73
110, 77
111, 75
112, 83
113, 84
114, 74
115, 73
116, 101
117, 74
118, 96
119, 75
120, 126
121, 92
122, 83
123, 117
124, 72
125, 124
126, 76
127, 75
128, 78
129, 103
130, 135
131, 126
132, 74
133, 79
134, 85
135, 108
136, 265
137, 116
138, 79
139, 103
140, 144
141, 79
142, 102
143, 85
144, 110
145, 311
146, 156
147, 75
148, 75
149, 77
150, 130
151, 137
152, 75
153, 77
154, 72
155, 75
156, 86
157, 74
158, 88
159, 88
160, 73
161, 112
162, 75
163, 75
164, 184
165, 72
166, 81
167, 78
168, 167
169, 74
170, 81
171, 73
172, 143
173, 76
174, 74
175, 75
176, 104
177, 74
178, 75
179, 74
180, 73
181, 73
182, 76
183, 82
184, 84
185, 111
186, 75
187, 73
188, 93
189, 75
190, 91
