1, 148
2, 99
3, 104
4, 98
5, 104
6, 96
7, 97
8, 111
9, 103
10, 101
11, 98
12, 107
13, 194
14, 98
15, 121
16, 98
17, 99
18, 138
19, 99
20, 231
21, 96
22, 99
23, 102
24, 99
25, 180
26, 94
27, 100
28, 99
29, 100
30, 99
31, 98
32, 100
33, 97
34, 99
35, 97
36, 97
37, 98
38, 248
39, 99
40, 143
41, 98
42, 98
43, 100
44, 165
45, 99
46, 99
47, 111
48, 98
49, 98
50, 201
51, 97
52, 101
53, 97
54, 97
55, 99
56, 98
57, 98
58, 379
59, 101
60, 98
61, 99
62, 100
63, 98
64, 99
65, 99
66, 95
67, 99
68, 104
69, 99
70, 102
71, 160
72, 100
73, 101
74, 97
75, 95
76, 126
77, 120
78, 98
79, 100
80, 106
81, 97
82, 99
83, 99
84, 98
85, 97
86, 100
87, 151
88, 101
89, 100
90, 99
91, 97
92, 98
93, 125
94, 98
95, 102
96, 100
97, 98
98, 122
99, 102
100, 130
101, 102
102, 99
103, 133
104, 99
105, 158
106, 99
107, 99
108, 98
109, 98
110, 100
111, 97
112, 100
113, 99
114, 96
115, 99
116, 103
117, 98
118, 106
119, 99
120, 99
121, 123
122, 99
123, 100
124, 96
125, 98
126, 98
127, 99
128, 101
129, 114
130, 128
131, 99
132, 98
133, 98
134, 99
135, 100
136, 249
137, 138
138, 100
139, 100
140, 97
141, 102
142, 118
143, 99
144, 196
145, 124
146, 142
147, 100
148, 99
149, 95
150, 109
151, 104
152, 100
153, 98
154, 98
155, 97
156, 112
157, 99
158, 101
159, 98
160, 99
161, 118
162, 98
163, 97
164, 154
165, 97
166, 99
167, 100
168, 129
169, 99
170, 101
171, 98
172, 117
173, 99
174, 99
175, 99
176, 98
177, 99
178, 97
179, 100
180, 97
181, 101
182, 222
183, 100
184, 105
185, 99
186, 95
187, 99
188, 113
189, 99
190, 97
