1, 182
2, 103
3, 98
4, 98
5, 176
6, 96
7, 98
8, 99
9, 97
10, 164
11, 100
12, 98
13, 97
14, 104
15, 137
16, 355
17, 99
18, 106
19, 97
20, 142
21, 96
22, 101
23, 112
24, 191
25, 97
26, 97
27, 100
28, 133
29, 98
30, 99
31, 96
32, 99
33, 100
34, 98
35, 201
36, 99
37, 109
38, 98
39, 97
40, 99
41, 99
42, 96
43, 99
44, 99
45, 99
46, 98
47, 100
48, 122
49, 123
50, 99
51, 164
52, 109
53, 98
54, 99
55, 100
56, 102
57, 144
58, 99
59, 101
60, 99
61, 100
62, 98
63, 100
64, 100
65, 97
66, 97
67, 98
68, 96
69, 97
70, 103
71, 98
72, 99
73, 98
74, 139
75, 100
76, 104
77, 101
78, 108
79, 98
80, 102
81, 98
82, 148
83, 98
84, 99
85, 200
86, 99
87, 124
88, 100
89, 165
90, 101
91, 273
92, 137
93, 97
94, 101
95, 173
96, 99
97, 109
98, 98
99, 98
100, 98
101, 101
102, 99
103, 100
104, 98
105, 98
106, 98
107, 99
108, 107
109, 98
110, 98
111, 99
112, 97
113, 101
114, 97
115, 98
116, 100
117, 97
118, 97
119, 99
120, 97
121, 100
122, 99
123, 98
124, 98
125, 98
126, 100
127, 98
128, 98
129, 96
130, 98
131, 99
132, 98
133, 103
134, 159
135, 108
136, 168
137, 100
138, 99
139, 97
140, 100
141, 99
142, 100
143, 99
144, 96
145, 98
146, 96
147, 98
148, 123
149, 99
150, 98
151, 99
152, 99
153, 105
154, 99
155, 98
156, 97
157, 109
158, 310
159, 96
160, 100
161, 98
162, 100
163, 154
164, 188
165, 106
166, 99
167, 96
168, 98
169, 98
170, 99
171, 98
172, 98
173, 97
174, 99
175, 99
176, 126
177, 98
178, 97
179, 101
180, 102
181, 98
182, 99
183, 102
184, 188
185, 172
186, 116
187, 100
188, 115
189, 216
190, 99
