1, 152
2, 71
3, 154
4, 69
5, 131
6, 98
7, 73
8, 126
9, 95
10, 122
11, 132
12, 101
13, 167
14, 69
15, 94
16, 70
17, 72
18, 290
19, 69
20, 167
21, 70
22, 69
23, 71
24, 71
25, 268
26, 74
27, 69
28, 71
29, 68
30, 69
31, 68
32, 69
33, 73
34, 91
35, 69
36, 69
37, 72
38, 99
39, 69
40, 81
41, 70
42, 70
43, 68
44, 270
45, 70
46, 69
47, 128
48, 90
49, 72
50, 307
51, 76
52, 68
53, 69
54, 70
55, 78
56, 69
57, 69
58, 494
59, 115
60, 69
61, 93
62, 71
63, 72
64, 81
65, 71
66, 69
67, 69
68, 105
69, 68
70, 81
71, 137
72, 69
73, 104
74, 67
75, 78
76, 121
77, 168
78, 69
79, 93
80, 103
81, 69
82, 77
83, 70
84, 74
85, 89
86, 80
87, 330
88, 99
89, 73
90, 93
91, 70
92, 110
93, 111
94, 92
95, 111
96, 81
97, 84
98, 147
99, 71
100, 116
101, 70
102, 70
103, 365
104, 70
105, 176
106, 70
107, 69
108, 90
109, 69
110, 68
111, 71
112, 81
113, 81
114, 68
115, 68
116, 98
117, 69
118, 89
119, 69
120, 90
121, 81
122, 101
123, 97
124, 69
125, 96
126, 73
127, 69
128, 73
129, 107
130, 233
131, 121
132, 70
133, 79
134, 97
135, 75
136, 273
137, 168
138, 70
139, 96
140, 100
141, 85
142, 131
143, 79
144, 138
145, 317
146, 143
147, 75
148, 70
149, 111
150, 200
151, 126
152, 69
153, 71
154, 70
155, 70
156, 71
157, 67
158, 78
159, 82
160, 70
161, 94
162, 68
163, 71
164, 156
165, 74
166, 92
167, 91
168, 125
169, 69
170, 83
171, 71
172, 153
173, 70
174, 70
175, 70
176, 105
177, 71
178, 77
179, 71
180, 67
181, 68
182, 86
183, 68
184, 88
185, 105
186, 68
187, 72
188, 130
189, 69
190, 70
