1, 146
2, 92
3, 55
4, 69
5, 143
6, 50
7, 83
8, 64
9, 55
10, 222
11, 62
12, 98
13, 52
14, 121
15, 178
16, 644
17, 68
18, 79
19, 50
20, 266
21, 73
22, 51
23, 145
24, 210
25, 84
26, 50
27, 110
28, 193
29, 78
30, 80
31, 64
32, 95
33, 51
34, 74
35, 129
36, 78
37, 137
38, 101
39, 50
40, 116
41, 65
42, 71
43, 70
44, 49
45, 99
46, 51
47, 71
48, 178
49, 200
50, 56
51, 183
52, 101
53, 82
54, 50
55, 114
56, 92
57, 410
58, 50
59, 50
60, 67
61, 143
62, 54
63, 96
64, 50
65, 52
66, 65
67, 50
68, 67
69, 51
70, 190
71, 90
72, 53
73, 125
74, 217
75, 251
76, 126
77, 138
78, 176
79, 62
80, 592
81, 79
82, 161
83, 51
84, 51
85, 333
86, 58
87, 221
88, 67
89, 297
90, 105
91, 513
92, 144
93, 52
94, 63
95, 313
96, 51
97, 129
98, 70
99, 184
100, 60
101, 104
102, 51
103, 76
104, 54
105, 87
106, 123
107, 51
108, 102
109, 61
110, 61
111, 70
112, 60
113, 101
114, 97
115, 52
116, 206
117, 50
118, 51
119, 58
120, 52
121, 219
122, 89
123, 103
124, 68
125, 50
126, 104
127, 51
128, 194
129, 69
130, 84
131, 50
132, 51
133, 63
134, 278
135, 141
136, 136
137, 178
138, 163
139, 80
140, 51
141, 277
142, 82
143, 63
144, 125
145, 109
146, 65
147, 86
148, 91
149, 76
150, 71
151, 53
152, 107
153, 94
154, 67
155, 77
156, 52
157, 226
158, 128
159, 139
160, 205
161, 61
162, 137
163, 116
164, 333
165, 112
166, 51
167, 56
168, 330
169, 174
170, 87
171, 88
172, 87
173, 51
174, 92
175, 96
176, 296
177, 90
178, 57
179, 119
180, 112
181, 82
182, 105
183, 77
184, 254
185, 245
186, 125
187, 166
188, 226
189, 138
190, 209
