1, 137
2, 112
3, 78
4, 82
5, 182
6, 78
7, 77
8, 81
9, 77
10, 125
11, 79
12, 79
13, 78
14, 81
15, 148
16, 202
17, 91
18, 79
19, 78
20, 174
21, 83
22, 79
23, 115
24, 200
25, 80
26, 79
27, 79
28, 127
29, 79
30, 79
31, 79
32, 79
33, 80
34, 77
35, 302
36, 80
37, 92
38, 80
39, 79
40, 79
41, 87
42, 79
43, 80
44, 78
45, 77
46, 82
47, 81
48, 127
49, 107
50, 79
51, 140
52, 93
53, 85
54, 78
55, 96
56, 80
57, 316
58, 80
59, 78
60, 79
61, 82
62, 78
63, 86
64, 78
65, 78
66, 78
67, 81
68, 78
69, 79
70, 96
71, 82
72, 82
73, 86
74, 98
75, 78
76, 84
77, 101
78, 108
79, 80
80, 105
81, 79
82, 142
83, 80
84, 79
85, 206
86, 79
87, 133
88, 79
89, 143
90, 90
91, 269
92, 132
93, 78
94, 83
95, 210
96, 80
97, 104
98, 81
99, 95
100, 80
101, 78
102, 79
103, 78
104, 79
105, 78
106, 82
107, 78
108, 78
109, 77
110, 82
111, 80
112, 78
113, 81
114, 99
115, 79
116, 132
117, 81
118, 80
119, 78
120, 79
121, 91
122, 80
123, 98
124, 78
125, 80
126, 79
127, 78
128, 79
129, 79
130, 84
131, 78
132, 81
133, 79
134, 222
135, 112
136, 80
137, 93
138, 125
139, 79
140, 79
141, 164
142, 79
143, 80
144, 93
145, 92
146, 81
147, 82
148, 79
149, 80
150, 85
151, 79
152, 83
153, 167
154, 83
155, 86
156, 79
157, 116
158, 84
159, 94
160, 103
161, 79
162, 100
163, 141
164, 555
165, 100
166, 77
167, 79
168, 80
169, 123
170, 80
171, 80
172, 78
173, 80
174, 78
175, 79
176, 137
177, 98
178, 78
179, 154
180, 86
181, 85
182, 80
183, 88
184, 145
185, 163
186, 139
187, 81
188, 207
189, 99
190, 168
