1, 138
2, 123
3, 125
4, 123
5, 124
6, 123
7, 123
8, 119
9, 138
10, 120
11, 121
12, 126
13, 148
14, 123
15, 121
16, 124
17, 121
18, 124
19, 121
20, 121
21, 117
22, 122
23, 126
24, 121
25, 166
26, 120
27, 122
28, 122
29, 120
30, 122
31, 119
32, 124
33, 120
34, 118
35, 122
36, 121
37, 123
38, 120
39, 121
40, 172
41, 121
42, 122
43, 120
44, 127
45, 157
46, 120
47, 123
48, 120
49, 122
50, 142
51, 122
52, 119
53, 119
54, 119
55, 136
56, 121
57, 125
58, 311
59, 124
60, 124
61, 120
62, 124
63, 140
64, 124
65, 122
66, 123
67, 124
68, 137
69, 128
70, 141
71, 172
72, 122
73, 120
74, 120
75, 121
76, 157
77, 128
78, 125
79, 123
80, 127
81, 121
82, 123
83, 122
84, 122
85, 122
86, 135
87, 121
88, 123
89, 119
90, 120
91, 121
92, 120
93, 131
94, 121
95, 121
96, 122
97, 124
98, 121
99, 126
100, 146
101, 120
102, 124
103, 225
104, 120
105, 197
106, 121
107, 121
108, 125
109, 119
110, 121
111, 122
112, 123
113, 121
114, 120
115, 125
116, 123
117, 121
118, 122
119, 136
120, 125
121, 121
122, 120
123, 121
124, 122
125, 120
126, 119
127, 118
128, 132
129, 124
130, 146
131, 121
132, 118
133, 120
134, 124
135, 121
136, 306
137, 124
138, 123
139, 125
140, 124
141, 118
142, 139
143, 120
144, 122
145, 171
146, 122
147, 125
148, 121
149, 122
150, 133
151, 124
152, 122
153, 121
154, 120
155, 118
156, 122
157, 123
158, 123
159, 122
160, 121
161, 124
162, 123
163, 124
164, 157
165, 121
166, 122
167, 124
168, 181
169, 120
170, 121
171, 123
172, 122
173, 122
174, 118
175, 123
176, 133
177, 124
178, 119
179, 119
180, 122
181, 123
182, 122
183, 123
184, 124
185, 123
186, 121
187, 122
188, 122
189, 122
190, 121
