1, 180
2, 68
3, 184
4, 60
5, 148
6, 97
7, 68
8, 144
9, 242
10, 123
11, 176
12, 136
13, 295
14, 59
15, 68
16, 61
17, 64
18, 178
19, 61
20, 371
21, 73
22, 61
23, 89
24, 66
25, 237
26, 94
27, 59
28, 76
29, 58
30, 59
31, 60
32, 61
33, 75
34, 123
35, 57
36, 61
37, 63
38, 310
39, 60
40, 230
41, 61
42, 62
43, 58
44, 244
45, 65
46, 63
47, 220
48, 103
49, 60
50, 133
51, 63
52, 63
53, 60
54, 59
55, 123
56, 60
57, 60
58, 558
59, 129
60, 62
61, 129
62, 62
63, 74
64, 83
65, 74
66, 68
67, 60
68, 277
69, 63
70, 143
71, 143
72, 61
73, 63
74, 60
75, 69
76, 164
77, 119
78, 61
79, 103
80, 143
81, 60
82, 83
83, 60
84, 66
85, 84
86, 83
87, 485
88, 128
89, 81
90, 97
91, 58
92, 118
93, 169
94, 77
95, 112
96, 92
97, 77
98, 189
99, 86
100, 129
101, 66
102, 67
103, 373
104, 58
105, 175
106, 63
107, 62
108, 100
109, 58
110, 60
111, 81
112, 89
113, 85
114, 60
115, 60
116, 100
117, 57
118, 91
119, 64
120, 100
121, 90
122, 89
123, 122
124, 63
125, 65
126, 71
127, 62
128, 64
129, 286
130, 114
131, 146
132, 63
133, 86
134, 92
135, 119
136, 329
137, 116
138, 64
139, 104
140, 138
141, 84
142, 134
143, 93
144, 135
145, 231
146, 153
147, 77
148, 70
149, 132
150, 242
151, 157
152, 60
153, 68
154, 60
155, 59
156, 87
157, 59
158, 87
159, 124
160, 60
161, 188
162, 60
163, 61
164, 189
165, 60
166, 109
167, 87
168, 133
169, 59
170, 75
171, 59
172, 191
173, 81
174, 62
175, 61
176, 79
177, 61
178, 67
179, 73
180, 60
181, 59
182, 72
183, 94
184, 91
185, 128
186, 60
187, 72
188, 110
189, 59
190, 77
