1, 119
2, 112
3, 53
4, 130
5, 174
6, 51
7, 67
8, 60
9, 54
10, 170
11, 56
12, 124
13, 54
14, 124
15, 175
16, 615
17, 72
18, 64
19, 53
20, 208
21, 62
22, 52
23, 151
24, 245
25, 90
26, 54
27, 68
28, 184
29, 69
30, 84
31, 61
32, 79
33, 53
34, 65
35, 321
36, 71
37, 101
38, 99
39, 50
40, 96
41, 72
42, 65
43, 82
44, 51
45, 79
46, 52
47, 75
48, 169
49, 159
50, 54
51, 141
52, 72
53, 317
54, 50
55, 91
56, 91
57, 405
58, 53
59, 55
60, 64
61, 135
62, 52
63, 100
64, 52
65, 54
66, 62
67, 52
68, 76
69, 58
70, 161
71, 90
72, 61
73, 104
74, 128
75, 82
76, 125
77, 174
78, 130
79, 56
80, 529
81, 88
82, 158
83, 52
84, 51
85, 87
86, 60
87, 214
88, 66
89, 234
90, 113
91, 619
92, 144
93, 51
94, 73
95, 295
96, 52
97, 108
98, 69
99, 143
100, 58
101, 88
102, 51
103, 86
104, 52
105, 149
106, 108
107, 50
108, 90
109, 55
110, 54
111, 72
112, 53
113, 78
114, 106
115, 52
116, 146
117, 50
118, 52
119, 53
120, 54
121, 168
122, 78
123, 102
124, 56
125, 53
126, 105
127, 52
128, 170
129, 64
130, 81
131, 52
132, 54
133, 53
134, 249
135, 130
136, 161
137, 149
138, 150
139, 84
140, 53
141, 128
142, 71
143, 58
144, 90
145, 122
146, 57
147, 105
148, 144
149, 82
150, 74
151, 55
152, 110
153, 96
154, 77
155, 93
156, 56
157, 225
158, 484
159, 147
160, 161
161, 67
162, 115
163, 125
164, 316
165, 104
166, 54
167, 62
168, 367
169, 107
170, 67
171, 83
172, 77
173, 50
174, 78
175, 95
176, 288
177, 83
178, 59
179, 222
180, 101
181, 88
182, 93
183, 84
184, 220
185, 251
186, 110
187, 86
188, 400
189, 116
190, 240
