1, 171
2, 136
3, 135
4, 134
5, 133
6, 134
7, 134
8, 136
9, 146
10, 133
11, 134
12, 132
13, 139
14, 133
15, 134
16, 135
17, 132
18, 135
19, 132
20, 159
21, 133
22, 131
23, 134
24, 135
25, 189
26, 134
27, 133
28, 136
29, 136
30, 135
31, 135
32, 134
33, 134
34, 131
35, 132
36, 132
37, 129
38, 136
39, 135
40, 130
41, 131
42, 135
43, 135
44, 225
45, 133
46, 134
47, 134
48, 137
49, 133
50, 183
51, 134
52, 138
53, 131
54, 132
55, 155
56, 134
57, 135
58, 273
59, 140
60, 130
61, 137
62, 137
63, 134
64, 134
65, 137
66, 130
67, 135
68, 157
69, 134
70, 141
71, 181
72, 133
73, 135
74, 135
75, 133
76, 134
77, 136
78, 136
79, 135
80, 131
81, 133
82, 134
83, 134
84, 137
85, 133
86, 135
87, 135
88, 132
89, 135
90, 137
91, 132
92, 135
93, 143
94, 136
95, 133
96, 134
97, 137
98, 134
99, 135
100, 143
101, 132
102, 135
103, 259
104, 135
105, 154
106, 135
107, 136
108, 134
109, 132
110, 134
111, 136
112, 135
113, 133
114, 136
115, 137
116, 137
117, 134
118, 137
119, 134
120, 134
121, 133
122, 136
123, 136
124, 135
125, 135
126, 135
127, 135
128, 131
129, 168
130, 136
131, 135
132, 135
133, 136
134, 142
135, 134
136, 233
137, 144
138, 133
139, 135
140, 135
141, 131
142, 137
143, 135
144, 135
145, 224
146, 134
147, 136
148, 135
149, 133
150, 131
151, 134
152, 134
153, 134
154, 136
155, 134
156, 135
157, 135
158, 135
159, 135
160, 131
161, 136
162, 133
163, 133
164, 175
165, 135
166, 134
167, 136
168, 163
169, 134
170, 148
171, 133
172, 131
173, 135
174, 135
175, 135
176, 142
177, 132
178, 137
179, 134
180, 132
181, 134
182, 200
183, 134
184, 135
185, 135
186, 135
187, 136
188, 132
189, 135
190, 133
