1, 97
2, 99
3, 61
4, 60
5, 226
6, 60
7, 71
8, 63
9, 58
10, 177
11, 61
12, 122
13, 59
14, 113
15, 163
16, 595
17, 83
18, 74
19, 61
20, 507
21, 71
22, 60
23, 123
24, 720
25, 79
26, 62
27, 60
28, 150
29, 65
30, 74
31, 63
32, 66
33, 60
34, 66
35, 284
36, 69
37, 88
38, 81
39, 59
40, 74
41, 64
42, 78
43, 69
44, 60
45, 70
46, 59
47, 76
48, 164
49, 148
50, 62
51, 208
52, 92
53, 83
54, 60
55, 101
56, 92
57, 489
58, 60
59, 60
60, 63
61, 92
62, 60
63, 97
64, 59
65, 59
66, 65
67, 59
68, 60
69, 60
70, 140
71, 99
72, 59
73, 101
74, 121
75, 67
76, 108
77, 118
78, 138
79, 60
80, 367
81, 70
82, 141
83, 60
84, 60
85, 79
86, 61
87, 189
88, 83
89, 271
90, 75
91, 476
92, 140
93, 59
94, 62
95, 224
96, 62
97, 135
98, 67
99, 154
100, 61
101, 84
102, 60
103, 75
104, 58
105, 70
106, 88
107, 60
108, 73
109, 63
110, 60
111, 72
112, 61
113, 89
114, 91
115, 58
116, 171
117, 60
118, 59
119, 60
120, 59
121, 125
122, 85
123, 92
124, 61
125, 59
126, 90
127, 58
128, 139
129, 72
130, 88
131, 59
132, 63
133, 59
134, 264
135, 129
136, 108
137, 146
138, 206
139, 79
140, 59
141, 356
142, 63
143, 58
144, 68
145, 90
146, 60
147, 80
148, 78
149, 71
150, 81
151, 62
152, 94
153, 89
154, 63
155, 72
156, 60
157, 173
158, 152
159, 118
160, 118
161, 60
162, 79
163, 119
164, 725
165, 108
166, 60
167, 59
168, 445
169, 103
170, 75
171, 67
172, 62
173, 60
174, 73
175, 87
176, 192
177, 70
178, 61
179, 202
180, 91
181, 99
182, 89
183, 87
184, 189
185, 247
186, 137
187, 110
188, 210
189, 120
190, 172
