1, 368
2, 59
3, 195
4, 55
5, 173
6, 99
7, 78
8, 336
9, 102
10, 139
11, 155
12, 161
13, 289
14, 61
15, 89
16, 54
17, 64
18, 271
19, 59
20, 204
21, 79
22, 65
23, 118
24, 73
25, 281
26, 79
27, 53
28, 69
29, 54
30, 51
31, 55
32, 54
33, 82
34, 182
35, 53
36, 62
37, 70
38, 128
39, 54
40, 378
41, 53
42, 64
43, 54
44, 299
45, 65
46, 58
47, 134
48, 99
49, 56
50, 347
51, 65
52, 57
53, 54
54, 54
55, 105
56, 54
57, 58
58, 394
59, 141
60, 64
61, 127
62, 62
63, 75
64, 99
65, 64
66, 70
67, 53
68, 166
69, 60
70, 100
71, 141
72, 67
73, 107
74, 54
75, 67
76, 114
77, 144
78, 58
79, 120
80, 218
81, 58
82, 94
83, 53
84, 73
85, 95
86, 140
87, 143
88, 110
89, 65
90, 104
91, 54
92, 140
93, 188
94, 97
95, 116
96, 94
97, 69
98, 197
99, 95
100, 117
101, 63
102, 75
103, 501
104, 53
105, 172
106, 87
107, 62
108, 90
109, 60
110, 60
111, 80
112, 101
113, 84
114, 55
115, 54
116, 102
117, 54
118, 113
119, 66
120, 100
121, 107
122, 91
123, 75
124, 59
125, 158
126, 78
127, 59
128, 79
129, 103
130, 133
131, 156
132, 64
133, 120
134, 96
135, 95
136, 334
137, 119
138, 67
139, 120
140, 183
141, 94
142, 90
143, 97
144, 363
145, 160
146, 157
147, 88
148, 63
149, 92
150, 234
151, 185
152, 53
153, 68
154, 55
155, 52
156, 107
157, 52
158, 93
159, 94
160, 60
161, 156
162, 53
163, 60
164, 189
165, 63
166, 125
167, 88
168, 123
169, 54
170, 88
171, 53
172, 222
173, 76
174, 66
175, 66
176, 114
177, 58
178, 90
179, 77
180, 52
181, 56
182, 90
183, 64
184, 111
185, 127
186, 57
187, 64
188, 114
189, 54
190, 90
