1, 108
2, 96
3, 53
4, 63
5, 230
6, 53
7, 76
8, 66
9, 54
10, 191
11, 56
12, 88
13, 52
14, 85
15, 173
16, 646
17, 71
18, 73
19, 53
20, 245
21, 73
22, 56
23, 147
24, 199
25, 81
26, 52
27, 59
28, 162
29, 66
30, 79
31, 59
32, 107
33, 53
34, 72
35, 326
36, 84
37, 119
38, 96
39, 53
40, 108
41, 64
42, 63
43, 66
44, 54
45, 104
46, 53
47, 78
48, 176
49, 200
50, 67
51, 131
52, 97
53, 297
54, 52
55, 85
56, 89
57, 559
58, 53
59, 54
60, 65
61, 95
62, 66
63, 94
64, 52
65, 53
66, 70
67, 53
68, 62
69, 55
70, 156
71, 103
72, 74
73, 108
74, 144
75, 208
76, 119
77, 135
78, 146
79, 56
80, 107
81, 79
82, 148
83, 53
84, 52
85, 299
86, 75
87, 209
88, 60
89, 194
90, 79
91, 261
92, 135
93, 54
94, 58
95, 281
96, 53
97, 131
98, 74
99, 137
100, 55
101, 91
102, 52
103, 77
104, 52
105, 182
106, 82
107, 53
108, 83
109, 64
110, 55
111, 66
112, 56
113, 85
114, 100
115, 54
116, 142
117, 53
118, 53
119, 57
120, 54
121, 153
122, 75
123, 73
124, 59
125, 53
126, 88
127, 54
128, 160
129, 55
130, 96
131, 54
132, 54
133, 57
134, 283
135, 150
136, 92
137, 238
138, 158
139, 81
140, 58
141, 86
142, 66
143, 57
144, 68
145, 202
146, 57
147, 67
148, 145
149, 79
150, 77
151, 57
152, 99
153, 105
154, 65
155, 74
156, 54
157, 187
158, 116
159, 139
160, 168
161, 66
162, 125
163, 104
164, 798
165, 132
166, 54
167, 55
168, 71
169, 98
170, 81
171, 87
172, 64
173, 54
174, 76
175, 94
176, 268
177, 70
178, 59
179, 181
180, 99
181, 70
182, 95
183, 94
184, 220
185, 199
186, 134
187, 101
188, 255
189, 159
190, 214
