1, 101
2, 87
3, 70
4, 71
5, 84
6, 71
7, 75
8, 73
9, 70
10, 141
11, 71
12, 90
13, 73
14, 84
15, 156
16, 116
17, 80
18, 72
19, 70
20, 203
21, 73
22, 72
23, 259
24, 179
25, 75
26, 72
27, 110
28, 139
29, 72
30, 85
31, 73
32, 97
33, 70
34, 71
35, 230
36, 76
37, 101
38, 76
39, 71
40, 98
41, 86
42, 79
43, 73
44, 71
45, 74
46, 72
47, 72
48, 137
49, 128
50, 73
51, 136
52, 86
53, 75
54, 70
55, 115
56, 80
57, 295
58, 71
59, 73
60, 73
61, 95
62, 71
63, 87
64, 71
65, 72
66, 73
67, 70
68, 72
69, 71
70, 95
71, 106
72, 70
73, 84
74, 107
75, 75
76, 98
77, 95
78, 99
79, 71
80, 115
81, 70
82, 140
83, 71
84, 71
85, 74
86, 71
87, 164
88, 94
89, 113
90, 109
91, 392
92, 123
93, 72
94, 72
95, 214
96, 69
97, 106
98, 76
99, 113
100, 70
101, 99
102, 72
103, 72
104, 69
105, 182
106, 74
107, 70
108, 73
109, 71
110, 71
111, 73
112, 69
113, 89
114, 101
115, 71
116, 115
117, 69
118, 71
119, 72
120, 72
121, 81
122, 73
123, 93
124, 71
125, 72
126, 80
127, 72
128, 76
129, 71
130, 80
131, 71
132, 72
133, 71
134, 221
135, 112
136, 83
137, 131
138, 116
139, 74
140, 70
141, 297
142, 71
143, 72
144, 73
145, 75
146, 73
147, 73
148, 86
149, 80
150, 83
151, 73
152, 84
153, 98
154, 73
155, 73
156, 71
157, 111
158, 109
159, 98
160, 109
161, 72
162, 126
163, 129
164, 617
165, 105
166, 69
167, 70
168, 80
169, 73
170, 73
171, 125
172, 85
173, 71
174, 72
175, 79
176, 135
177, 78
178, 71
179, 78
180, 251
181, 71
182, 82
183, 72
184, 199
185, 152
186, 103
187, 72
188, 287
189, 110
190, 177
