1, 213
2, 84
3, 139
4, 84
5, 119
6, 102
7, 92
8, 93
9, 120
10, 90
11, 124
12, 118
13, 216
14, 84
15, 84
16, 84
17, 83
18, 152
19, 83
20, 118
21, 85
22, 84
23, 84
24, 83
25, 167
26, 87
27, 86
28, 84
29, 85
30, 85
31, 85
32, 85
33, 86
34, 126
35, 83
36, 86
37, 89
38, 158
39, 86
40, 164
41, 86
42, 85
43, 83
44, 117
45, 87
46, 87
47, 91
48, 86
49, 83
50, 249
51, 85
52, 85
53, 86
54, 84
55, 117
56, 85
57, 86
58, 88
59, 88
60, 83
61, 94
62, 83
63, 86
64, 93
65, 85
66, 86
67, 86
68, 136
69, 88
70, 111
71, 148
72, 85
73, 103
74, 84
75, 86
76, 127
77, 87
78, 84
79, 94
80, 90
81, 86
82, 84
83, 86
84, 85
85, 85
86, 93
87, 85
88, 81
89, 84
90, 86
91, 85
92, 89
93, 104
94, 86
95, 96
96, 88
97, 94
98, 176
99, 104
100, 111
101, 96
102, 87
103, 123
104, 85
105, 173
106, 85
107, 84
108, 85
109, 83
110, 84
111, 87
112, 87
113, 86
114, 86
115, 84
116, 93
117, 88
118, 100
119, 84
120, 108
121, 84
122, 102
123, 85
124, 85
125, 85
126, 84
127, 83
128, 85
129, 123
130, 178
131, 95
132, 85
133, 88
134, 112
135, 82
136, 232
137, 144
138, 82
139, 94
140, 162
141, 86
142, 110
143, 90
144, 100
145, 246
146, 105
147, 85
148, 85
149, 87
150, 117
151, 92
152, 83
153, 84
154, 85
155, 83
156, 109
157, 86
158, 86
159, 87
160, 84
161, 103
162, 85
163, 84
164, 157
165, 84
166, 86
167, 88
168, 197
169, 85
170, 86
171, 86
172, 117
173, 85
174, 83
175, 84
176, 108
177, 85
178, 92
179, 82
180, 85
181, 85
182, 84
183, 83
184, 86
185, 85
186, 85
187, 84
188, 102
189, 83
190, 84
