1, 91
2, 101
3, 75
4, 76
5, 206
6, 75
7, 76
8, 76
9, 75
10, 110
11, 81
12, 85
13, 77
14, 88
15, 151
16, 428
17, 77
18, 76
19, 76
20, 99
21, 77
22, 76
23, 112
24, 191
25, 80
26, 75
27, 76
28, 140
29, 77
30, 95
31, 76
32, 95
33, 77
34, 79
35, 102
36, 76
37, 146
38, 85
39, 76
40, 76
41, 76
42, 80
43, 76
44, 77
45, 81
46, 74
47, 75
48, 135
49, 130
50, 75
51, 154
52, 90
53, 212
54, 76
55, 328
56, 82
57, 320
58, 76
59, 109
60, 75
61, 77
62, 75
63, 83
64, 76
65, 75
66, 76
67, 75
68, 76
69, 77
70, 119
71, 76
72, 76
73, 90
74, 79
75, 95
76, 85
77, 98
78, 93
79, 75
80, 142
81, 78
82, 139
83, 75
84, 75
85, 241
86, 79
87, 161
88, 76
89, 163
90, 78
91, 380
92, 132
93, 75
94, 79
95, 200
96, 75
97, 103
98, 77
99, 115
100, 77
101, 107
102, 76
103, 75
104, 76
105, 77
106, 76
107, 74
108, 89
109, 77
110, 76
111, 77
112, 75
113, 88
114, 90
115, 76
116, 100
117, 76
118, 78
119, 78
120, 78
121, 274
122, 79
123, 84
124, 75
125, 77
126, 82
127, 79
128, 111
129, 76
130, 87
131, 75
132, 76
133, 80
134, 190
135, 101
136, 157
137, 130
138, 109
139, 76
140, 74
141, 302
142, 75
143, 76
144, 88
145, 87
146, 76
147, 80
148, 78
149, 81
150, 90
151, 78
152, 84
153, 90
154, 76
155, 84
156, 76
157, 161
158, 93
159, 81
160, 125
161, 76
162, 99
163, 104
164, 569
165, 100
166, 76
167, 77
168, 82
169, 167
170, 80
171, 77
172, 80
173, 76
174, 79
175, 79
176, 189
177, 81
178, 76
179, 152
180, 86
181, 76
182, 77
183, 82
184, 359
185, 133
186, 102
187, 93
188, 153
189, 118
190, 149
