1, 206
2, 145
3, 149
4, 147
5, 148
6, 148
7, 155
8, 151
9, 150
10, 147
11, 151
12, 151
13, 148
14, 144
15, 146
16, 147
17, 149
18, 147
19, 152
20, 154
21, 146
22, 147
23, 329
24, 266
25, 148
26, 150
27, 158
28, 149
29, 148
30, 149
31, 144
32, 148
33, 150
34, 147
35, 158
36, 150
37, 172
38, 150
39, 149
40, 153
41, 149
42, 153
43, 145
44, 145
45, 148
46, 152
47, 149
48, 150
49, 156
50, 149
51, 180
52, 152
53, 145
54, 150
55, 156
56, 147
57, 209
58, 148
59, 150
60, 147
61, 150
62, 148
63, 147
64, 148
65, 148
66, 152
67, 148
68, 151
69, 154
70, 150
71, 146
72, 146
73, 147
74, 151
75, 147
76, 149
77, 153
78, 151
79, 149
80, 147
81, 150
82, 169
83, 151
84, 148
85, 144
86, 147
87, 148
88, 149
89, 149
90, 159
91, 181
92, 179
93, 150
94, 150
95, 149
96, 151
97, 150
98, 148
99, 151
100, 150
101, 152
102, 149
103, 148
104, 149
105, 147
106, 149
107, 150
108, 149
109, 145
110, 149
111, 148
112, 150
113, 147
114, 148
115, 149
116, 149
117, 150
118, 149
119, 150
120, 149
121, 150
122, 148
123, 146
124, 146
125, 150
126, 148
127, 147
128, 148
129, 147
130, 153
131, 149
132, 148
133, 153
134, 181
135, 147
136, 159
137, 154
138, 149
139, 150
140, 148
141, 176
142, 147
143, 150
144, 148
145, 147
146, 149
147, 151
148, 150
149, 149
150, 151
151, 147
152, 150
153, 159
154, 151
155, 147
156, 149
157, 149
158, 151
159, 147
160, 152
161, 149
162, 149
163, 155
164, 292
165, 152
166, 147
167, 148
168, 148
169, 148
170, 149
171, 149
172, 150
173, 149
174, 148
175, 148
176, 149
177, 146
178, 147
179, 148
180, 151
181, 148
182, 149
183, 147
184, 258
185, 149
186, 147
187, 150
188, 147
189, 204
190, 148
