1, 143
2, 135
3, 138
4, 134
5, 137
6, 136
7, 135
8, 134
9, 133
10, 136
11, 134
12, 132
13, 137
14, 136
15, 137
16, 288
17, 137
18, 133
19, 134
20, 137
21, 131
22, 133
23, 149
24, 173
25, 138
26, 137
27, 134
28, 145
29, 134
30, 135
31, 135
32, 133
33, 132
34, 135
35, 153
36, 135
37, 134
38, 136
39, 133
40, 132
41, 135
42, 134
43, 134
44, 136
45, 134
46, 132
47, 132
48, 134
49, 137
50, 134
51, 136
52, 136
53, 135
54, 132
55, 136
56, 133
57, 163
58, 134
59, 152
60, 135
61, 136
62, 134
63, 133
64, 136
65, 133
66, 135
67, 137
68, 131
69, 135
70, 132
71, 225
72, 138
73, 135
74, 133
75, 133
76, 136
77, 135
78, 133
79, 133
80, 132
81, 134
82, 174
83, 133
84, 132
85, 169
86, 133
87, 134
88, 134
89, 135
90, 135
91, 257
92, 158
93, 135
94, 136
95, 136
96, 137
97, 139
98, 136
99, 134
100, 135
101, 133
102, 135
103, 135
104, 132
105, 133
106, 136
107, 136
108, 132
109, 137
110, 135
111, 138
112, 138
113, 134
114, 136
115, 133
116, 129
117, 136
118, 132
119, 131
120, 134
121, 133
122, 132
123, 132
124, 135
125, 132
126, 136
127, 133
128, 137
129, 132
130, 135
131, 132
132, 131
133, 134
134, 186
135, 134
136, 136
137, 134
138, 133
139, 134
140, 132
141, 251
142, 133
143, 135
144, 133
145, 143
146, 131
147, 132
148, 137
149, 134
150, 131
151, 134
152, 132
153, 134
154, 134
155, 133
156, 133
157, 133
158, 137
159, 136
160, 133
161, 136
162, 134
163, 142
164, 355
165, 141
166, 136
167, 132
168, 132
169, 132
170, 130
171, 240
172, 133
173, 133
174, 134
175, 135
176, 139
177, 135
178, 132
179, 134
180, 137
181, 131
182, 130
183, 134
184, 168
185, 136
186, 163
187, 134
188, 135
189, 135
190, 135
