1, 284
2, 74
3, 150
4, 76
5, 134
6, 96
7, 76
8, 109
9, 189
10, 101
11, 128
12, 112
13, 214
14, 78
15, 76
16, 78
17, 79
18, 182
19, 77
20, 103
21, 79
22, 77
23, 83
24, 76
25, 237
26, 77
27, 76
28, 76
29, 76
30, 76
31, 77
32, 77
33, 76
34, 160
35, 76
36, 76
37, 76
38, 103
39, 78
40, 176
41, 76
42, 78
43, 76
44, 209
45, 75
46, 77
47, 100
48, 83
49, 76
50, 97
51, 77
52, 87
53, 76
54, 78
55, 117
56, 76
57, 78
58, 83
59, 109
60, 80
61, 99
62, 77
63, 76
64, 96
65, 77
66, 122
67, 75
68, 268
69, 77
70, 78
71, 144
72, 79
73, 83
74, 77
75, 78
76, 110
77, 131
78, 77
79, 98
80, 86
81, 76
82, 83
83, 75
84, 82
85, 92
86, 77
87, 324
88, 89
89, 77
90, 78
91, 80
92, 119
93, 93
94, 88
95, 97
96, 84
97, 83
98, 125
99, 77
100, 113
101, 79
102, 77
103, 343
104, 75
105, 159
106, 77
107, 76
108, 76
109, 76
110, 75
111, 76
112, 77
113, 83
114, 75
115, 75
116, 95
117, 76
118, 89
119, 75
120, 80
121, 81
122, 87
123, 80
124, 76
125, 77
126, 75
127, 77
128, 76
129, 331
130, 193
131, 113
132, 77
133, 82
134, 101
135, 77
136, 260
137, 144
138, 77
139, 93
140, 163
141, 79
142, 80
143, 78
144, 192
145, 307
146, 139
147, 82
148, 77
149, 79
150, 123
151, 125
152, 77
153, 78
154, 76
155, 78
156, 78
157, 75
158, 83
159, 103
160, 77
161, 119
162, 74
163, 76
164, 169
165, 77
166, 83
167, 83
168, 216
169, 77
170, 78
171, 75
172, 106
173, 77
174, 75
175, 74
176, 93
177, 78
178, 78
179, 77
180, 77
181, 78
182, 80
183, 75
184, 89
185, 99
186, 76
187, 77
188, 82
189, 78
190, 77
