1, 161
2, 110
3, 112
4, 113
5, 113
6, 116
7, 113
8, 123
9, 110
10, 109
11, 111
12, 121
13, 146
14, 112
15, 114
16, 111
17, 111
18, 115
19, 111
20, 228
21, 112
22, 113
23, 111
24, 109
25, 162
26, 112
27, 110
28, 113
29, 113
30, 111
31, 115
32, 112
33, 111
34, 111
35, 113
36, 111
37, 111
38, 120
39, 112
40, 108
41, 113
42, 110
43, 110
44, 170
45, 111
46, 114
47, 115
48, 111
49, 110
50, 114
51, 112
52, 111
53, 110
54, 109
55, 111
56, 110
57, 112
58, 112
59, 113
60, 110
61, 108
62, 110
63, 113
64, 113
65, 111
66, 112
67, 113
68, 113
69, 109
70, 154
71, 150
72, 115
73, 107
74, 113
75, 111
76, 110
77, 120
78, 112
79, 114
80, 113
81, 114
82, 112
83, 110
84, 111
85, 111
86, 111
87, 112
88, 118
89, 109
90, 112
91, 113
92, 109
93, 115
94, 111
95, 112
96, 110
97, 112
98, 151
99, 110
100, 131
101, 116
102, 111
103, 312
104, 110
105, 149
106, 109
107, 112
108, 112
109, 110
110, 110
111, 111
112, 109
113, 113
114, 110
115, 113
116, 113
117, 115
118, 123
119, 115
120, 131
121, 111
122, 116
123, 112
124, 112
125, 109
126, 113
127, 113
128, 112
129, 112
130, 113
131, 111
132, 110
133, 113
134, 119
135, 109
136, 236
137, 128
138, 108
139, 112
140, 115
141, 111
142, 136
143, 114
144, 113
145, 117
146, 112
147, 110
148, 112
149, 125
150, 112
151, 112
152, 109
153, 113
154, 112
155, 110
156, 113
157, 111
158, 112
159, 109
160, 116
161, 126
162, 113
163, 113
164, 159
165, 111
166, 112
167, 112
168, 169
169, 109
170, 111
171, 111
172, 120
173, 112
174, 109
175, 109
176, 111
177, 113
178, 148
179, 110
180, 113
181, 109
182, 110
183, 111
184, 120
185, 114
186, 112
187, 110
188, 115
189, 111
190, 111
