1, 308
2, 80
3, 127
4, 72
5, 124
6, 102
7, 87
8, 188
9, 107
10, 107
11, 141
12, 118
13, 300
14, 72
15, 78
16, 72
17, 72
18, 154
19, 74
20, 120
21, 73
22, 72
23, 84
24, 72
25, 134
26, 81
27, 71
28, 74
29, 74
30, 73
31, 70
32, 71
33, 74
34, 152
35, 70
36, 72
37, 74
38, 148
39, 70
40, 230
41, 71
42, 72
43, 71
44, 205
45, 72
46, 71
47, 180
48, 123
49, 71
50, 102
51, 73
52, 73
53, 71
54, 70
55, 94
56, 71
57, 71
58, 234
59, 103
60, 75
61, 97
62, 78
63, 72
64, 92
65, 72
66, 80
67, 72
68, 251
69, 73
70, 73
71, 218
72, 72
73, 75
74, 71
75, 74
76, 129
77, 140
78, 71
79, 96
80, 160
81, 72
82, 87
83, 71
84, 72
85, 98
86, 79
87, 210
88, 94
89, 72
90, 91
91, 70
92, 97
93, 91
94, 83
95, 96
96, 82
97, 78
98, 174
99, 76
100, 107
101, 72
102, 78
103, 357
104, 72
105, 156
106, 73
107, 71
108, 73
109, 71
110, 74
111, 71
112, 77
113, 75
114, 73
115, 70
116, 95
117, 72
118, 95
119, 72
120, 85
121, 76
122, 98
123, 77
124, 70
125, 76
126, 72
127, 72
128, 76
129, 78
130, 227
131, 125
132, 73
133, 89
134, 89
135, 83
136, 258
137, 142
138, 72
139, 109
140, 171
141, 78
142, 74
143, 78
144, 116
145, 163
146, 131
147, 73
148, 72
149, 74
150, 151
151, 144
152, 72
153, 71
154, 71
155, 70
156, 81
157, 71
158, 80
159, 93
160, 71
161, 134
162, 70
163, 72
164, 161
165, 71
166, 88
167, 88
168, 134
169, 73
170, 78
171, 71
172, 133
173, 76
174, 75
175, 71
176, 86
177, 72
178, 80
179, 75
180, 70
181, 69
182, 142
183, 71
184, 91
185, 109
186, 73
187, 71
188, 103
189, 72
190, 80
