1, 149
2, 90
3, 165
4, 91
5, 114
6, 95
7, 91
8, 93
9, 120
10, 99
11, 112
12, 122
13, 198
14, 91
15, 93
16, 88
17, 91
18, 141
19, 91
20, 112
21, 90
22, 90
23, 108
24, 93
25, 162
26, 92
27, 90
28, 90
29, 94
30, 90
31, 89
32, 90
33, 90
34, 146
35, 92
36, 92
37, 91
38, 164
39, 91
40, 130
41, 90
42, 92
43, 91
44, 137
45, 93
46, 91
47, 137
48, 94
49, 90
50, 220
51, 100
52, 92
53, 90
54, 93
55, 93
56, 94
57, 90
58, 91
59, 90
60, 92
61, 93
62, 91
63, 106
64, 90
65, 93
66, 91
67, 89
68, 134
69, 92
70, 153
71, 138
72, 91
73, 106
74, 90
75, 93
76, 103
77, 130
78, 91
79, 104
80, 90
81, 92
82, 106
83, 88
84, 90
85, 92
86, 93
87, 90
88, 98
89, 90
90, 91
91, 91
92, 94
93, 112
94, 100
95, 96
96, 95
97, 99
98, 133
99, 91
100, 125
101, 93
102, 93
103, 297
104, 91
105, 158
106, 93
107, 90
108, 92
109, 90
110, 89
111, 89
112, 93
113, 92
114, 92
115, 91
116, 100
117, 91
118, 101
119, 89
120, 92
121, 90
122, 93
123, 96
124, 91
125, 91
126, 90
127, 92
128, 90
129, 114
130, 92
131, 99
132, 90
133, 96
134, 95
135, 91
136, 250
137, 118
138, 91
139, 103
140, 132
141, 110
142, 89
143, 89
144, 97
145, 147
146, 106
147, 90
148, 93
149, 92
150, 116
151, 89
152, 92
153, 90
154, 90
155, 91
156, 101
157, 89
158, 94
159, 93
160, 96
161, 91
162, 89
163, 92
164, 131
165, 91
166, 90
167, 96
168, 126
169, 91
170, 91
171, 91
172, 122
173, 92
174, 91
175, 91
176, 92
177, 92
178, 89
179, 95
180, 93
181, 90
182, 139
183, 88
184, 108
185, 92
186, 89
187, 91
188, 110
189, 91
190, 90
