1, 159
2, 106
3, 118
4, 107
5, 125
6, 107
7, 108
8, 108
9, 114
10, 104
11, 106
12, 106
13, 147
14, 108
15, 107
16, 105
17, 105
18, 135
19, 108
20, 142
21, 108
22, 108
23, 107
24, 108
25, 107
26, 105
27, 107
28, 108
29, 106
30, 106
31, 109
32, 109
33, 105
34, 107
35, 107
36, 105
37, 109
38, 162
39, 106
40, 179
41, 104
42, 110
43, 109
44, 181
45, 105
46, 106
47, 107
48, 108
49, 105
50, 221
51, 106
52, 108
53, 103
54, 105
55, 107
56, 105
57, 107
58, 107
59, 110
60, 107
61, 108
62, 106
63, 109
64, 108
65, 108
66, 112
67, 106
68, 107
69, 105
70, 113
71, 164
72, 108
73, 105
74, 107
75, 106
76, 110
77, 109
78, 108
79, 107
80, 162
81, 105
82, 105
83, 108
84, 105
85, 106
86, 109
87, 107
88, 107
89, 106
90, 107
91, 107
92, 108
93, 136
94, 110
95, 119
96, 107
97, 110
98, 106
99, 118
100, 130
101, 108
102, 106
103, 148
104, 107
105, 152
106, 105
107, 106
108, 107
109, 103
110, 126
111, 107
112, 108
113, 107
114, 105
115, 108
116, 109
117, 108
118, 113
119, 106
120, 108
121, 105
122, 107
123, 107
124, 105
125, 107
126, 108
127, 108
128, 107
129, 118
130, 108
131, 107
132, 107
133, 107
134, 107
135, 108
136, 234
137, 129
138, 108
139, 110
140, 152
141, 107
142, 132
143, 109
144, 107
145, 224
146, 117
147, 109
148, 106
149, 108
150, 126
151, 110
152, 104
153, 105
154, 106
155, 107
156, 124
157, 105
158, 108
159, 104
160, 108
161, 105
162, 105
163, 108
164, 147
165, 104
166, 106
167, 106
168, 188
169, 108
170, 106
171, 107
172, 122
173, 108
174, 106
175, 106
176, 120
177, 107
178, 107
179, 104
180, 107
181, 106
182, 109
183, 107
184, 107
185, 111
186, 105
187, 109
188, 108
189, 107
190, 105
