1, 197
2, 59
3, 185
4, 60
5, 132
6, 111
7, 71
8, 160
9, 113
10, 125
11, 184
12, 166
13, 299
14, 59
15, 184
16, 58
17, 68
18, 162
19, 57
20, 390
21, 72
22, 60
23, 100
24, 59
25, 146
26, 75
27, 58
28, 67
29, 60
30, 58
31, 58
32, 61
33, 80
34, 192
35, 58
36, 62
37, 66
38, 122
39, 59
40, 97
41, 59
42, 57
43, 58
44, 194
45, 65
46, 59
47, 136
48, 108
49, 63
50, 338
51, 96
52, 61
53, 60
54, 58
55, 115
56, 59
57, 60
58, 134
59, 108
60, 73
61, 131
62, 67
63, 70
64, 86
65, 66
66, 71
67, 58
68, 116
69, 60
70, 101
71, 159
72, 64
73, 65
74, 57
75, 63
76, 140
77, 144
78, 61
79, 114
80, 121
81, 58
82, 81
83, 57
84, 63
85, 90
86, 97
87, 407
88, 112
89, 82
90, 112
91, 58
92, 108
93, 147
94, 82
95, 117
96, 81
97, 82
98, 109
99, 85
100, 114
101, 62
102, 63
103, 476
104, 58
105, 199
106, 65
107, 59
108, 99
109, 58
110, 61
111, 77
112, 86
113, 82
114, 59
115, 59
116, 100
117, 58
118, 120
119, 65
120, 104
121, 117
122, 107
123, 120
124, 57
125, 73
126, 72
127, 58
128, 62
129, 278
130, 119
131, 136
132, 61
133, 82
134, 102
135, 97
136, 319
137, 108
138, 70
139, 136
140, 175
141, 83
142, 162
143, 90
144, 176
145, 275
146, 162
147, 80
148, 95
149, 94
150, 189
151, 169
152, 58
153, 63
154, 58
155, 57
156, 103
157, 58
158, 71
159, 114
160, 58
161, 123
162, 59
163, 64
164, 172
165, 59
166, 105
167, 87
168, 131
169, 59
170, 86
171, 58
172, 135
173, 75
174, 67
175, 58
176, 103
177, 60
178, 77
179, 69
180, 58
181, 57
182, 75
183, 78
184, 113
185, 140
186, 60
187, 62
188, 116
189, 57
190, 115
