1, 204
2, 81
3, 81
4, 81
5, 163
6, 83
7, 82
8, 81
9, 81
10, 117
11, 83
12, 93
13, 81
14, 100
15, 134
16, 211
17, 91
18, 85
19, 80
20, 119
21, 80
22, 80
23, 113
24, 217
25, 90
26, 83
27, 83
28, 142
29, 81
30, 93
31, 83
32, 99
33, 81
34, 83
35, 223
36, 81
37, 141
38, 86
39, 81
40, 82
41, 88
42, 88
43, 83
44, 81
45, 85
46, 82
47, 83
48, 134
49, 109
50, 82
51, 118
52, 83
53, 89
54, 82
55, 97
56, 80
57, 244
58, 81
59, 82
60, 83
61, 97
62, 82
63, 86
64, 81
65, 81
66, 84
67, 81
68, 82
69, 86
70, 103
71, 269
72, 81
73, 88
74, 100
75, 82
76, 83
77, 103
78, 90
79, 81
80, 93
81, 83
82, 149
83, 81
84, 82
85, 183
86, 80
87, 122
88, 85
89, 129
90, 81
91, 289
92, 117
93, 81
94, 91
95, 200
96, 81
97, 100
98, 83
99, 123
100, 80
101, 82
102, 80
103, 79
104, 79
105, 80
106, 94
107, 83
108, 84
109, 83
110, 82
111, 82
112, 81
113, 92
114, 94
115, 84
116, 100
117, 81
118, 81
119, 80
120, 82
121, 262
122, 83
123, 82
124, 81
125, 81
126, 81
127, 81
128, 90
129, 81
130, 86
131, 81
132, 81
133, 86
134, 191
135, 109
136, 193
137, 100
138, 93
139, 81
140, 84
141, 103
142, 84
143, 82
144, 81
145, 82
146, 81
147, 80
148, 81
149, 98
150, 80
151, 80
152, 90
153, 147
154, 88
155, 83
156, 82
157, 127
158, 195
159, 101
160, 105
161, 80
162, 101
163, 183
164, 505
165, 107
166, 80
167, 84
168, 243
169, 84
170, 81
171, 133
172, 81
173, 82
174, 81
175, 91
176, 120
177, 83
178, 79
179, 142
180, 93
181, 99
182, 79
183, 82
184, 321
185, 130
186, 97
187, 81
188, 248
189, 103
190, 134
