1, 136
2, 114
3, 118
4, 115
5, 118
6, 116
7, 117
8, 147
9, 117
10, 115
11, 116
12, 132
13, 198
14, 115
15, 119
16, 116
17, 117
18, 182
19, 117
20, 195
21, 115
22, 114
23, 114
24, 114
25, 181
26, 117
27, 115
28, 117
29, 117
30, 115
31, 113
32, 118
33, 118
34, 157
35, 114
36, 114
37, 116
38, 120
39, 116
40, 182
41, 112
42, 113
43, 119
44, 228
45, 115
46, 117
47, 118
48, 116
49, 118
50, 190
51, 115
52, 117
53, 116
54, 119
55, 127
56, 116
57, 114
58, 117
59, 119
60, 117
61, 117
62, 116
63, 117
64, 116
65, 115
66, 116
67, 114
68, 199
69, 116
70, 142
71, 158
72, 117
73, 114
74, 117
75, 115
76, 116
77, 130
78, 117
79, 116
80, 120
81, 114
82, 117
83, 113
84, 114
85, 118
86, 115
87, 266
88, 117
89, 116
90, 116
91, 113
92, 115
93, 144
94, 115
95, 117
96, 117
97, 116
98, 114
99, 115
100, 135
101, 113
102, 117
103, 172
104, 116
105, 134
106, 117
107, 116
108, 114
109, 117
110, 115
111, 116
112, 116
113, 116
114, 117
115, 117
116, 119
117, 115
118, 113
119, 117
120, 116
121, 117
122, 116
123, 118
124, 116
125, 115
126, 117
127, 114
128, 131
129, 118
130, 120
131, 116
132, 115
133, 116
134, 117
135, 114
136, 252
137, 124
138, 117
139, 116
140, 129
141, 118
142, 117
143, 118
144, 121
145, 234
146, 117
147, 114
148, 116
149, 125
150, 147
151, 119
152, 117
153, 115
154, 118
155, 118
156, 135
157, 113
158, 114
159, 115
160, 116
161, 119
162, 116
163, 116
164, 148
165, 113
166, 117
167, 115
168, 155
169, 116
170, 114
171, 117
172, 118
173, 115
174, 116
175, 114
176, 119
177, 118
178, 118
179, 117
180, 118
181, 115
182, 116
183, 115
184, 116
185, 119
186, 114
187, 116
188, 115
189, 116
190, 118
