1, 103
2, 105
3, 105
4, 101
5, 128
6, 103
7, 103
8, 103
9, 102
10, 133
11, 103
12, 101
13, 100
14, 106
15, 137
16, 301
17, 104
18, 101
19, 101
20, 280
21, 104
22, 105
23, 109
24, 279
25, 104
26, 104
27, 104
28, 133
29, 100
30, 100
31, 106
32, 102
33, 102
34, 102
35, 197
36, 103
37, 104
38, 102
39, 100
40, 102
41, 104
42, 103
43, 105
44, 100
45, 104
46, 103
47, 103
48, 118
49, 125
50, 103
51, 133
52, 104
53, 102
54, 101
55, 258
56, 103
57, 272
58, 100
59, 102
60, 103
61, 105
62, 101
63, 103
64, 103
65, 101
66, 104
67, 101
68, 102
69, 100
70, 114
71, 193
72, 103
73, 101
74, 101
75, 103
76, 101
77, 101
78, 104
79, 101
80, 102
81, 104
82, 152
83, 100
84, 103
85, 103
86, 103
87, 120
88, 103
89, 151
90, 131
91, 262
92, 150
93, 103
94, 103
95, 190
96, 101
97, 111
98, 102
99, 106
100, 105
101, 128
102, 104
103, 102
104, 101
105, 105
106, 101
107, 102
108, 104
109, 104
110, 103
111, 102
112, 102
113, 114
114, 100
115, 101
116, 106
117, 105
118, 103
119, 103
120, 102
121, 102
122, 102
123, 102
124, 102
125, 105
126, 102
127, 101
128, 116
129, 105
130, 102
131, 102
132, 102
133, 104
134, 168
135, 113
136, 104
137, 179
138, 104
139, 102
140, 102
141, 102
142, 101
143, 104
144, 113
145, 102
146, 103
147, 102
148, 99
149, 102
150, 105
151, 104
152, 104
153, 104
154, 103
155, 104
156, 101
157, 122
158, 186
159, 104
160, 111
161, 103
162, 158
163, 142
164, 168
165, 112
166, 101
167, 102
168, 101
169, 103
170, 101
171, 102
172, 102
173, 99
174, 102
175, 102
176, 106
177, 102
178, 103
179, 102
180, 101
181, 104
182, 102
183, 102
184, 275
185, 109
186, 147
187, 110
188, 120
189, 111
190, 124
