1, 158
2, 124
3, 135
4, 126
5, 126
6, 129
7, 128
8, 127
9, 126
10, 125
11, 128
12, 135
13, 130
14, 127
15, 129
16, 129
17, 130
18, 149
19, 130
20, 161
21, 126
22, 128
23, 128
24, 129
25, 189
26, 126
27, 129
28, 128
29, 127
30, 130
31, 128
32, 127
33, 127
34, 125
35, 126
36, 128
37, 127
38, 131
39, 130
40, 129
41, 130
42, 128
43, 126
44, 170
45, 131
46, 130
47, 133
48, 128
49, 126
50, 134
51, 137
52, 125
53, 129
54, 124
55, 140
56, 128
57, 125
58, 128
59, 125
60, 128
61, 128
62, 127
63, 127
64, 140
65, 126
66, 127
67, 131
68, 200
69, 128
70, 126
71, 160
72, 128
73, 126
74, 130
75, 127
76, 129
77, 126
78, 126
79, 128
80, 138
81, 126
82, 128
83, 126
84, 129
85, 126
86, 128
87, 128
88, 128
89, 127
90, 129
91, 127
92, 127
93, 126
94, 128
95, 126
96, 128
97, 128
98, 127
99, 127
100, 150
101, 129
102, 126
103, 144
104, 128
105, 145
106, 128
107, 126
108, 126
109, 126
110, 127
111, 126
112, 124
113, 131
114, 126
115, 129
116, 131
117, 126
118, 134
119, 126
120, 127
121, 127
122, 127
123, 126
124, 127
125, 126
126, 124
127, 127
128, 127
129, 130
130, 129
131, 128
132, 128
133, 128
134, 129
135, 129
136, 261
137, 128
138, 127
139, 127
140, 132
141, 127
142, 138
143, 126
144, 158
145, 126
146, 130
147, 128
148, 131
149, 129
150, 132
151, 129
152, 127
153, 130
154, 130
155, 123
156, 128
157, 124
158, 127
159, 125
160, 128
161, 131
162, 129
163, 125
164, 159
165, 126
166, 128
167, 128
168, 198
169, 127
170, 128
171, 126
172, 123
173, 127
174, 129
175, 131
176, 134
177, 127
178, 152
179, 129
180, 127
181, 130
182, 124
183, 126
184, 126
185, 127
186, 127
187, 130
188, 134
189, 126
190, 128
