1, 127
2, 164
3, 126
4, 130
5, 128
6, 128
7, 134
8, 128
9, 125
10, 125
11, 126
12, 128
13, 128
14, 130
15, 135
16, 143
17, 126
18, 130
19, 129
20, 124
21, 129
22, 128
23, 125
24, 247
25, 127
26, 126
27, 128
28, 156
29, 129
30, 131
31, 127
32, 129
33, 127
34, 127
35, 126
36, 126
37, 127
38, 129
39, 126
40, 128
41, 128
42, 130
43, 130
44, 128
45, 126
46, 128
47, 125
48, 131
49, 135
50, 127
51, 128
52, 134
53, 129
54, 125
55, 129
56, 129
57, 134
58, 125
59, 142
60, 127
61, 127
62, 126
63, 129
64, 129
65, 126
66, 128
67, 128
68, 125
69, 127
70, 131
71, 179
72, 124
73, 125
74, 144
75, 130
76, 130
77, 126
78, 128
79, 129
80, 126
81, 126
82, 152
83, 129
84, 126
85, 175
86, 128
87, 129
88, 127
89, 127
90, 127
91, 187
92, 130
93, 127
94, 177
95, 175
96, 126
97, 137
98, 125
99, 126
100, 126
101, 144
102, 125
103, 128
104, 129
105, 126
106, 128
107, 128
108, 133
109, 127
110, 131
111, 128
112, 127
113, 128
114, 126
115, 128
116, 126
117, 127
118, 128
119, 128
120, 130
121, 132
122, 129
123, 127
124, 130
125, 127
126, 128
127, 125
128, 128
129, 127
130, 126
131, 126
132, 127
133, 128
134, 176
135, 130
136, 129
137, 127
138, 138
139, 127
140, 124
141, 176
142, 123
143, 126
144, 129
145, 128
146, 126
147, 126
148, 127
149, 130
150, 127
151, 130
152, 132
153, 155
154, 127
155, 126
156, 130
157, 129
158, 128
159, 126
160, 138
161, 125
162, 129
163, 132
164, 442
165, 129
166, 128
167, 126
168, 159
169, 126
170, 129
171, 175
172, 125
173, 128
174, 126
175, 126
176, 129
177, 128
178, 128
179, 131
180, 127
181, 133
182, 126
183, 131
184, 130
185, 146
186, 127
187, 130
188, 174
189, 130
190, 127
