1, 114
2, 113
3, 107
4, 105
5, 136
6, 104
7, 107
8, 105
9, 105
10, 130
11, 105
12, 106
13, 104
14, 106
15, 131
16, 204
17, 106
18, 110
19, 106
20, 117
21, 110
22, 108
23, 113
24, 196
25, 108
26, 105
27, 106
28, 130
29, 108
30, 107
31, 107
32, 116
33, 108
34, 106
35, 174
36, 108
37, 107
38, 110
39, 108
40, 114
41, 109
42, 107
43, 109
44, 107
45, 104
46, 106
47, 102
48, 130
49, 110
50, 107
51, 137
52, 113
53, 106
54, 107
55, 117
56, 103
57, 144
58, 108
59, 105
60, 107
61, 111
62, 107
63, 109
64, 106
65, 107
66, 105
67, 107
68, 105
69, 109
70, 105
71, 112
72, 106
73, 107
74, 108
75, 108
76, 107
77, 108
78, 106
79, 106
80, 110
81, 109
82, 156
83, 105
84, 107
85, 164
86, 106
87, 109
88, 106
89, 107
90, 107
91, 269
92, 134
93, 106
94, 108
95, 181
96, 106
97, 107
98, 106
99, 117
100, 108
101, 107
102, 106
103, 107
104, 105
105, 107
106, 107
107, 105
108, 104
109, 107
110, 111
111, 110
112, 109
113, 109
114, 105
115, 106
116, 107
117, 108
118, 107
119, 105
120, 104
121, 112
122, 104
123, 108
124, 106
125, 107
126, 108
127, 106
128, 107
129, 107
130, 106
131, 106
132, 108
133, 107
134, 176
135, 109
136, 160
137, 114
138, 118
139, 108
140, 103
141, 154
142, 110
143, 107
144, 106
145, 108
146, 106
147, 107
148, 134
149, 107
150, 108
151, 107
152, 105
153, 105
154, 106
155, 105
156, 107
157, 123
158, 119
159, 107
160, 114
161, 107
162, 111
163, 120
164, 166
165, 118
166, 108
167, 109
168, 107
169, 117
170, 120
171, 107
172, 106
173, 104
174, 106
175, 106
176, 110
177, 106
178, 111
179, 111
180, 108
181, 104
182, 106
183, 108
184, 201
185, 117
186, 108
187, 109
188, 113
189, 174
190, 108
