1, 370
2, 58
3, 316
4, 65
5, 175
6, 114
7, 78
8, 184
9, 128
10, 153
11, 183
12, 177
13, 373
14, 62
15, 95
16, 52
17, 67
18, 235
19, 60
20, 380
21, 79
22, 59
23, 117
24, 68
25, 351
26, 76
27, 52
28, 82
29, 52
30, 50
31, 56
32, 57
33, 82
34, 100
35, 51
36, 57
37, 63
38, 270
39, 59
40, 262
41, 53
42, 70
43, 53
44, 192
45, 76
46, 64
47, 146
48, 128
49, 53
50, 224
51, 73
52, 70
53, 53
54, 54
55, 154
56, 54
57, 57
58, 189
59, 116
60, 62
61, 109
62, 63
63, 65
64, 100
65, 66
66, 84
67, 51
68, 129
69, 64
70, 87
71, 144
72, 60
73, 77
74, 51
75, 65
76, 162
77, 145
78, 81
79, 142
80, 134
81, 55
82, 98
83, 51
84, 70
85, 95
86, 130
87, 272
88, 123
89, 75
90, 119
91, 53
92, 177
93, 122
94, 143
95, 121
96, 89
97, 75
98, 185
99, 95
100, 123
101, 68
102, 62
103, 582
104, 51
105, 192
106, 77
107, 54
108, 79
109, 55
110, 74
111, 82
112, 96
113, 96
114, 53
115, 53
116, 93
117, 52
118, 102
119, 66
120, 117
121, 102
122, 103
123, 73
124, 61
125, 131
126, 63
127, 60
128, 82
129, 110
130, 316
131, 157
132, 61
133, 108
134, 104
135, 84
136, 294
137, 161
138, 73
139, 143
140, 129
141, 92
142, 146
143, 91
144, 159
145, 289
146, 162
147, 87
148, 71
149, 90
150, 207
151, 183
152, 52
153, 66
154, 53
155, 51
156, 103
157, 52
158, 81
159, 128
160, 59
161, 195
162, 52
163, 59
164, 219
165, 53
166, 120
167, 103
168, 156
169, 53
170, 161
171, 52
172, 193
173, 80
174, 62
175, 67
176, 120
177, 53
178, 77
179, 85
180, 51
181, 52
182, 94
183, 63
184, 106
185, 125
186, 55
187, 67
188, 141
189, 52
190, 72
