1, 101
2, 92
3, 65
4, 65
5, 109
6, 64
7, 65
8, 66
9, 66
10, 150
11, 65
12, 87
13, 65
14, 98
15, 151
16, 372
17, 68
18, 66
19, 65
20, 114
21, 68
22, 63
23, 98
24, 184
25, 71
26, 65
27, 63
28, 161
29, 71
30, 74
31, 69
32, 94
33, 65
34, 65
35, 206
36, 71
37, 158
38, 67
39, 65
40, 75
41, 68
42, 70
43, 76
44, 65
45, 84
46, 65
47, 73
48, 140
49, 158
50, 71
51, 123
52, 93
53, 211
54, 67
55, 122
56, 81
57, 252
58, 65
59, 68
60, 64
61, 79
62, 64
63, 85
64, 64
65, 66
66, 65
67, 65
68, 67
69, 64
70, 130
71, 79
72, 64
73, 91
74, 158
75, 75
76, 97
77, 127
78, 125
79, 66
80, 131
81, 73
82, 155
83, 66
84, 64
85, 425
86, 65
87, 177
88, 66
89, 221
90, 82
91, 407
92, 111
93, 64
94, 69
95, 241
96, 65
97, 99
98, 68
99, 136
100, 68
101, 100
102, 64
103, 72
104, 65
105, 66
106, 90
107, 65
108, 99
109, 68
110, 68
111, 70
112, 65
113, 90
114, 95
115, 66
116, 110
117, 63
118, 64
119, 66
120, 64
121, 90
122, 70
123, 70
124, 64
125, 64
126, 86
127, 64
128, 77
129, 73
130, 90
131, 66
132, 68
133, 71
134, 217
135, 104
136, 107
137, 124
138, 117
139, 77
140, 65
141, 79
142, 71
143, 66
144, 100
145, 206
146, 67
147, 82
148, 78
149, 71
150, 68
151, 65
152, 97
153, 86
154, 68
155, 69
156, 67
157, 178
158, 239
159, 105
160, 111
161, 72
162, 148
163, 108
164, 256
165, 94
166, 64
167, 67
168, 103
169, 113
170, 80
171, 67
172, 71
173, 66
174, 71
175, 76
176, 178
177, 72
178, 67
179, 143
180, 113
181, 69
182, 82
183, 79
184, 182
185, 231
186, 123
187, 78
188, 188
189, 114
190, 146
