1, 106
2, 96
3, 85
4, 135
5, 183
6, 84
7, 85
8, 84
9, 84
10, 113
11, 87
12, 88
13, 84
14, 127
15, 156
16, 407
17, 91
18, 85
19, 83
20, 108
21, 83
22, 85
23, 238
24, 150
25, 86
26, 84
27, 84
28, 157
29, 84
30, 86
31, 84
32, 91
33, 85
34, 84
35, 212
36, 85
37, 145
38, 87
39, 83
40, 84
41, 83
42, 83
43, 85
44, 83
45, 85
46, 86
47, 98
48, 123
49, 96
50, 85
51, 190
52, 101
53, 86
54, 84
55, 86
56, 85
57, 229
58, 84
59, 85
60, 85
61, 95
62, 84
63, 84
64, 85
65, 85
66, 83
67, 84
68, 85
69, 84
70, 99
71, 205
72, 86
73, 87
74, 95
75, 84
76, 90
77, 94
78, 95
79, 83
80, 87
81, 85
82, 145
83, 85
84, 85
85, 84
86, 86
87, 128
88, 91
89, 168
90, 82
91, 216
92, 134
93, 82
94, 86
95, 187
96, 86
97, 111
98, 86
99, 90
100, 85
101, 88
102, 83
103, 84
104, 84
105, 84
106, 83
107, 85
108, 86
109, 84
110, 86
111, 87
112, 86
113, 86
114, 88
115, 84
116, 100
117, 86
118, 83
119, 85
120, 85
121, 94
122, 87
123, 87
124, 85
125, 84
126, 85
127, 85
128, 85
129, 88
130, 89
131, 83
132, 85
133, 84
134, 181
135, 105
136, 102
137, 93
138, 99
139, 89
140, 87
141, 83
142, 83
143, 84
144, 97
145, 84
146, 83
147, 84
148, 85
149, 85
150, 85
151, 81
152, 84
153, 101
154, 88
155, 85
156, 86
157, 102
158, 132
159, 86
160, 110
161, 84
162, 99
163, 109
164, 218
165, 103
166, 87
167, 83
168, 95
169, 84
170, 85
171, 84
172, 85
173, 83
174, 85
175, 84
176, 123
177, 86
178, 85
179, 86
180, 228
181, 99
182, 90
183, 86
184, 165
185, 134
186, 143
187, 114
188, 140
189, 236
190, 135
