1, 172
2, 118
3, 60
4, 70
5, 206
6, 61
7, 61
8, 63
9, 62
10, 192
11, 63
12, 82
13, 62
14, 149
15, 164
16, 558
17, 64
18, 61
19, 61
20, 146
21, 68
22, 61
23, 140
24, 180
25, 345
26, 60
27, 64
28, 163
29, 63
30, 70
31, 62
32, 93
33, 60
34, 67
35, 289
36, 75
37, 87
38, 87
39, 61
40, 118
41, 64
42, 71
43, 66
44, 61
45, 100
46, 61
47, 72
48, 144
49, 227
50, 62
51, 125
52, 97
53, 102
54, 62
55, 101
56, 77
57, 538
58, 62
59, 64
60, 69
61, 109
62, 63
63, 105
64, 61
65, 63
66, 62
67, 61
68, 65
69, 62
70, 111
71, 93
72, 61
73, 91
74, 107
75, 74
76, 103
77, 127
78, 132
79, 63
80, 214
81, 72
82, 147
83, 61
84, 60
85, 68
86, 64
87, 151
88, 74
89, 203
90, 109
91, 447
92, 102
93, 61
94, 68
95, 245
96, 61
97, 117
98, 71
99, 126
100, 61
101, 165
102, 62
103, 73
104, 60
105, 201
106, 107
107, 62
108, 88
109, 61
110, 62
111, 68
112, 62
113, 89
114, 97
115, 64
116, 141
117, 61
118, 62
119, 64
120, 60
121, 299
122, 76
123, 98
124, 62
125, 61
126, 89
127, 61
128, 68
129, 67
130, 89
131, 62
132, 61
133, 64
134, 236
135, 119
136, 115
137, 122
138, 104
139, 86
140, 60
141, 145
142, 78
143, 62
144, 74
145, 80
146, 63
147, 70
148, 62
149, 70
150, 74
151, 76
152, 86
153, 83
154, 69
155, 72
156, 61
157, 168
158, 251
159, 95
160, 109
161, 61
162, 146
163, 110
164, 743
165, 97
166, 61
167, 64
168, 320
169, 88
170, 70
171, 73
172, 64
173, 62
174, 77
175, 89
176, 179
177, 71
178, 64
179, 96
180, 182
181, 70
182, 79
183, 83
184, 421
185, 196
186, 131
187, 85
188, 193
189, 113
190, 179
