1, 121
2, 98
3, 54
4, 60
5, 271
6, 55
7, 67
8, 63
9, 56
10, 179
11, 57
12, 101
13, 55
14, 138
15, 153
16, 625
17, 67
18, 67
19, 54
20, 496
21, 82
22, 56
23, 154
24, 231
25, 80
26, 55
27, 58
28, 192
29, 73
30, 71
31, 64
32, 94
33, 53
34, 58
35, 136
36, 69
37, 168
38, 113
39, 55
40, 113
41, 56
42, 58
43, 84
44, 54
45, 78
46, 54
47, 86
48, 158
49, 157
50, 60
51, 138
52, 93
53, 101
54, 54
55, 97
56, 86
57, 652
58, 54
59, 54
60, 62
61, 99
62, 75
63, 99
64, 57
65, 60
66, 78
67, 54
68, 66
69, 56
70, 162
71, 91
72, 54
73, 103
74, 148
75, 166
76, 109
77, 149
78, 135
79, 58
80, 378
81, 74
82, 153
83, 54
84, 55
85, 284
86, 63
87, 211
88, 63
89, 231
90, 86
91, 499
92, 148
93, 56
94, 80
95, 286
96, 55
97, 103
98, 63
99, 133
100, 57
101, 95
102, 54
103, 82
104, 59
105, 73
106, 98
107, 54
108, 86
109, 66
110, 55
111, 67
112, 56
113, 92
114, 94
115, 57
116, 138
117, 54
118, 53
119, 54
120, 56
121, 132
122, 83
123, 112
124, 55
125, 56
126, 86
127, 54
128, 68
129, 61
130, 93
131, 54
132, 56
133, 56
134, 269
135, 141
136, 419
137, 150
138, 135
139, 70
140, 59
141, 303
142, 77
143, 56
144, 109
145, 122
146, 59
147, 82
148, 116
149, 69
150, 66
151, 80
152, 99
153, 83
154, 70
155, 68
156, 55
157, 211
158, 228
159, 125
160, 130
161, 59
162, 187
163, 111
164, 294
165, 107
166, 56
167, 55
168, 77
169, 98
170, 66
171, 75
172, 60
173, 56
174, 78
175, 95
176, 197
177, 77
178, 66
179, 147
180, 95
181, 119
182, 95
183, 89
184, 230
185, 242
186, 196
187, 125
188, 221
189, 103
190, 213
