1, 98
2, 108
3, 70
4, 69
5, 284
6, 68
7, 78
8, 71
9, 67
10, 126
11, 72
12, 86
13, 68
14, 97
15, 162
16, 217
17, 73
18, 74
19, 70
20, 129
21, 69
22, 68
23, 90
24, 163
25, 75
26, 68
27, 67
28, 145
29, 71
30, 93
31, 70
32, 90
33, 69
34, 74
35, 257
36, 70
37, 82
38, 82
39, 71
40, 77
41, 79
42, 73
43, 70
44, 69
45, 70
46, 70
47, 71
48, 132
49, 101
50, 73
51, 128
52, 94
53, 73
54, 70
55, 124
56, 76
57, 285
58, 68
59, 69
60, 70
61, 87
62, 68
63, 77
64, 69
65, 69
66, 67
67, 69
68, 71
69, 69
70, 131
71, 310
72, 72
73, 89
74, 114
75, 71
76, 90
77, 91
78, 118
79, 68
80, 385
81, 75
82, 149
83, 68
84, 69
85, 72
86, 71
87, 170
88, 70
89, 195
90, 70
91, 395
92, 124
93, 68
94, 77
95, 198
96, 68
97, 94
98, 72
99, 139
100, 69
101, 81
102, 68
103, 70
104, 69
105, 71
106, 69
107, 68
108, 70
109, 70
110, 68
111, 71
112, 69
113, 93
114, 85
115, 72
116, 97
117, 69
118, 69
119, 76
120, 68
121, 289
122, 71
123, 82
124, 68
125, 70
126, 73
127, 69
128, 76
129, 68
130, 88
131, 71
132, 69
133, 71
134, 219
135, 98
136, 78
137, 143
138, 177
139, 70
140, 70
141, 315
142, 99
143, 68
144, 101
145, 75
146, 70
147, 74
148, 77
149, 73
150, 76
151, 68
152, 86
153, 88
154, 74
155, 90
156, 70
157, 172
158, 260
159, 101
160, 114
161, 69
162, 137
163, 132
164, 642
165, 106
166, 71
167, 70
168, 72
169, 75
170, 79
171, 74
172, 70
173, 69
174, 78
175, 73
176, 186
177, 72
178, 71
179, 174
180, 95
181, 79
182, 80
183, 74
184, 364
185, 182
186, 182
187, 103
188, 178
189, 109
190, 176
