1, 177
2, 94
3, 105
4, 93
5, 98
6, 98
7, 93
8, 92
9, 102
10, 97
11, 95
12, 104
13, 202
14, 92
15, 138
16, 94
17, 94
18, 130
19, 95
20, 126
21, 94
22, 95
23, 95
24, 97
25, 160
26, 94
27, 95
28, 95
29, 95
30, 92
31, 95
32, 92
33, 93
34, 93
35, 93
36, 97
37, 95
38, 168
39, 95
40, 232
41, 93
42, 95
43, 93
44, 159
45, 94
46, 95
47, 109
48, 94
49, 94
50, 227
51, 94
52, 93
53, 95
54, 94
55, 110
56, 97
57, 96
58, 94
59, 102
60, 97
61, 97
62, 95
63, 93
64, 102
65, 93
66, 98
67, 94
68, 103
69, 96
70, 94
71, 163
72, 96
73, 96
74, 94
75, 98
76, 97
77, 117
78, 94
79, 101
80, 146
81, 94
82, 96
83, 94
84, 97
85, 95
86, 96
87, 94
88, 94
89, 97
90, 96
91, 96
92, 95
93, 97
94, 94
95, 101
96, 99
97, 96
98, 109
99, 96
100, 115
101, 93
102, 94
103, 332
104, 93
105, 152
106, 96
107, 95
108, 95
109, 94
110, 94
111, 95
112, 96
113, 96
114, 94
115, 96
116, 107
117, 97
118, 108
119, 96
120, 94
121, 95
122, 94
123, 97
124, 98
125, 135
126, 92
127, 95
128, 95
129, 100
130, 98
131, 98
132, 94
133, 96
134, 104
135, 97
136, 245
137, 109
138, 95
139, 100
140, 167
141, 95
142, 104
143, 95
144, 101
145, 203
146, 128
147, 97
148, 95
149, 93
150, 119
151, 99
152, 95
153, 96
154, 93
155, 94
156, 99
157, 95
158, 97
159, 100
160, 94
161, 130
162, 93
163, 95
164, 149
165, 95
166, 95
167, 96
168, 130
169, 91
170, 99
171, 95
172, 124
173, 94
174, 94
175, 94
176, 92
177, 96
178, 98
179, 97
180, 94
181, 94
182, 101
183, 99
184, 99
185, 96
186, 94
187, 93
188, 95
189, 92
190, 97
