1, 94
2, 88
3, 70
4, 74
5, 178
6, 73
7, 80
8, 74
9, 73
10, 150
11, 72
12, 88
13, 73
14, 92
15, 142
16, 271
17, 91
18, 75
19, 73
20, 137
21, 73
22, 73
23, 89
24, 208
25, 73
26, 73
27, 72
28, 156
29, 76
30, 75
31, 78
32, 93
33, 74
34, 74
35, 227
36, 77
37, 87
38, 75
39, 74
40, 81
41, 80
42, 75
43, 73
44, 74
45, 73
46, 76
47, 74
48, 135
49, 196
50, 73
51, 172
52, 91
53, 76
54, 74
55, 236
56, 79
57, 292
58, 74
59, 78
60, 76
61, 95
62, 72
63, 89
64, 73
65, 74
66, 72
67, 73
68, 74
69, 75
70, 106
71, 108
72, 74
73, 80
74, 110
75, 75
76, 87
77, 99
78, 95
79, 73
80, 395
81, 73
82, 148
83, 73
84, 74
85, 209
86, 74
87, 158
88, 76
89, 196
90, 78
91, 345
92, 134
93, 75
94, 75
95, 227
96, 73
97, 107
98, 72
99, 136
100, 75
101, 129
102, 75
103, 75
104, 74
105, 74
106, 80
107, 72
108, 77
109, 80
110, 75
111, 80
112, 74
113, 87
114, 75
115, 75
116, 120
117, 74
118, 73
119, 73
120, 73
121, 96
122, 75
123, 78
124, 74
125, 75
126, 78
127, 75
128, 73
129, 74
130, 78
131, 73
132, 73
133, 74
134, 213
135, 108
136, 75
137, 102
138, 99
139, 81
140, 72
141, 301
142, 76
143, 73
144, 96
145, 92
146, 74
147, 73
148, 76
149, 88
150, 76
151, 74
152, 81
153, 89
154, 81
155, 93
156, 74
157, 160
158, 246
159, 105
160, 101
161, 72
162, 89
163, 109
164, 605
165, 109
166, 74
167, 75
168, 118
169, 87
170, 75
171, 74
172, 76
173, 73
174, 75
175, 80
176, 192
177, 73
178, 76
179, 135
180, 88
181, 83
182, 74
183, 86
184, 269
185, 145
186, 182
187, 87
188, 165
189, 221
190, 164
