1, 185
2, 144
3, 149
4, 140
5, 142
6, 142
7, 142
8, 146
9, 144
10, 139
11, 141
12, 145
13, 142
14, 139
15, 145
16, 143
17, 143
18, 141
19, 140
20, 167
21, 144
22, 142
23, 139
24, 140
25, 144
26, 143
27, 143
28, 140
29, 142
30, 140
31, 141
32, 139
33, 145
34, 141
35, 142
36, 142
37, 141
38, 143
39, 142
40, 138
41, 140
42, 136
43, 141
44, 138
45, 138
46, 139
47, 145
48, 141
49, 138
50, 388
51, 142
52, 140
53, 142
54, 141
55, 140
56, 143
57, 140
58, 170
59, 140
60, 142
61, 142
62, 139
63, 141
64, 141
65, 143
66, 140
67, 143
68, 147
69, 144
70, 160
71, 196
72, 142
73, 138
74, 144
75, 145
76, 142
77, 144
78, 141
79, 139
80, 145
81, 143
82, 141
83, 144
84, 140
85, 140
86, 141
87, 225
88, 141
89, 140
90, 141
91, 144
92, 140
93, 146
94, 141
95, 141
96, 146
97, 143
98, 139
99, 151
100, 153
101, 141
102, 140
103, 277
104, 142
105, 148
106, 142
107, 141
108, 140
109, 143
110, 142
111, 142
112, 141
113, 142
114, 139
115, 144
116, 145
117, 140
118, 145
119, 139
120, 144
121, 145
122, 142
123, 141
124, 142
125, 158
126, 142
127, 142
128, 137
129, 141
130, 154
131, 140
132, 146
133, 143
134, 144
135, 145
136, 250
137, 148
138, 142
139, 142
140, 145
141, 142
142, 149
143, 144
144, 140
145, 181
146, 141
147, 142
148, 139
149, 142
150, 142
151, 140
152, 144
153, 144
154, 141
155, 143
156, 139
157, 144
158, 141
159, 142
160, 143
161, 142
162, 143
163, 141
164, 150
165, 143
166, 142
167, 143
168, 163
169, 143
170, 152
171, 142
172, 138
173, 141
174, 141
175, 144
176, 139
177, 139
178, 140
179, 143
180, 144
181, 141
182, 138
183, 144
184, 137
185, 143
186, 143
187, 141
188, 144
189, 142
190, 139
