1, 341
2, 71
3, 191
4, 62
5, 146
6, 100
7, 79
8, 148
9, 106
10, 108
11, 145
12, 136
13, 245
14, 63
15, 80
16, 62
17, 82
18, 190
19, 63
20, 191
21, 76
22, 64
23, 104
24, 64
25, 286
26, 67
27, 62
28, 74
29, 64
30, 65
31, 71
32, 66
33, 77
34, 73
35, 63
36, 64
37, 63
38, 123
39, 63
40, 212
41, 61
42, 63
43, 64
44, 154
45, 155
46, 63
47, 149
48, 85
49, 64
50, 320
51, 66
52, 63
53, 62
54, 61
55, 143
56, 62
57, 62
58, 204
59, 102
60, 67
61, 110
62, 67
63, 66
64, 95
65, 65
66, 63
67, 62
68, 113
69, 64
70, 77
71, 136
72, 62
73, 73
74, 64
75, 74
76, 127
77, 137
78, 63
79, 97
80, 135
81, 64
82, 83
83, 63
84, 76
85, 84
86, 100
87, 477
88, 99
89, 64
90, 99
91, 63
92, 109
93, 182
94, 81
95, 98
96, 86
97, 78
98, 147
99, 80
100, 131
101, 68
102, 76
103, 396
104, 63
105, 189
106, 67
107, 67
108, 72
109, 62
110, 65
111, 71
112, 88
113, 83
114, 64
115, 62
116, 83
117, 62
118, 98
119, 65
120, 95
121, 116
122, 97
123, 72
124, 64
125, 67
126, 69
127, 64
128, 67
129, 98
130, 106
131, 130
132, 64
133, 91
134, 95
135, 67
136, 300
137, 156
138, 63
139, 91
140, 171
141, 88
142, 139
143, 77
144, 117
145, 168
146, 145
147, 79
148, 74
149, 78
150, 163
151, 139
152, 63
153, 64
154, 65
155, 62
156, 114
157, 64
158, 95
159, 97
160, 63
161, 118
162, 62
163, 67
164, 176
165, 65
166, 77
167, 80
168, 169
169, 62
170, 82
171, 62
172, 176
173, 68
174, 86
175, 63
176, 81
177, 65
178, 68
179, 94
180, 62
181, 63
182, 78
183, 66
184, 78
185, 130
186, 65
187, 66
188, 137
189, 63
190, 100
