1, 167
2, 149
3, 183
4, 151
5, 146
6, 148
7, 151
8, 149
9, 149
10, 147
11, 148
12, 147
13, 150
14, 147
15, 151
16, 149
17, 152
18, 151
19, 145
20, 152
21, 148
22, 151
23, 152
24, 151
25, 152
26, 150
27, 148
28, 149
29, 147
30, 148
31, 150
32, 147
33, 148
34, 179
35, 146
36, 152
37, 147
38, 152
39, 146
40, 148
41, 147
42, 146
43, 150
44, 147
45, 152
46, 149
47, 147
48, 147
49, 149
50, 169
51, 152
52, 150
53, 150
54, 150
55, 161
56, 149
57, 150
58, 337
59, 149
60, 149
61, 151
62, 149
63, 150
64, 147
65, 148
66, 146
67, 148
68, 150
69, 146
70, 155
71, 193
72, 149
73, 149
74, 150
75, 147
76, 152
77, 146
78, 147
79, 148
80, 149
81, 149
82, 151
83, 148
84, 147
85, 146
86, 149
87, 150
88, 150
89, 149
90, 148
91, 143
92, 150
93, 152
94, 152
95, 147
96, 152
97, 151
98, 153
99, 148
100, 158
101, 146
102, 149
103, 272
104, 150
105, 155
106, 146
107, 152
108, 150
109, 148
110, 154
111, 152
112, 150
113, 153
114, 149
115, 145
116, 150
117, 147
118, 149
119, 147
120, 152
121, 150
122, 150
123, 146
124, 146
125, 149
126, 148
127, 148
128, 150
129, 173
130, 148
131, 148
132, 148
133, 151
134, 149
135, 146
136, 253
137, 153
138, 147
139, 147
140, 148
141, 147
142, 147
143, 147
144, 147
145, 225
146, 148
147, 152
148, 147
149, 145
150, 155
151, 149
152, 150
153, 148
154, 149
155, 148
156, 150
157, 147
158, 147
159, 153
160, 148
161, 147
162, 146
163, 148
164, 178
165, 148
166, 149
167, 149
168, 171
169, 150
170, 161
171, 147
172, 145
173, 149
174, 149
175, 152
176, 148
177, 147
178, 148
179, 148
180, 151
181, 150
182, 148
183, 147
184, 150
185, 148
186, 149
187, 146
188, 148
189, 147
190, 148
