1, 339
2, 266
3, 160
4, 215
5, 152
6, 174
7, 319
8, 266
9, 275
10, 209
11, 1480
12, 155
13, 485
14, 433
15, 439
16, 1057
17, 1097
18, 596
19, 208
20, 180
21, 172
22, 173
23, 171
24, 242
25, 188
26, 161
27, 251
28, 162
29, 182
30, 187
31, 271
32, 229
33, 197
34, 228
35, 200
36, 337
37, 202
38, 231
39, 184
40, 333
41, 382
42, 450
43, 776
44, 359
45, 181
46, 451
47, 366
48, 347
49, 482
50, 226
51, 410
52, 1186
53, 357
54, 193
55, 482
56, 170
57, 212
58, 403
59, 527
60, 256
61, 1136
62, 268
63, 400
64, 285
65, 268
66, 269
67, 329
68, 423
69, 162
70, 375
71, 295
72, 477
73, 426
74, 241
75, 266
76, 578
77, 283
78, 313
79, 345
80, 488
81, 816
82, 714
83, 505
84, 271
85, 581
86, 201
87, 168
88, 619
89, 396
90, 356
91, 283
92, 369
93, 383
94, 180
95, 332
96, 357
97, 236
98, 257
99, 1128
100, 314
