1, 385
2, 320
3, 216
4, 233
5, 216
6, 218
7, 246
8, 231
9, 269
10, 215
11, 215
12, 216
13, 323
14, 459
15, 401
16, 543
17, 829
18, 500
19, 228
20, 222
21, 217
22, 220
23, 217
24, 242
25, 218
26, 216
27, 232
28, 222
29, 222
30, 221
31, 303
32, 246
33, 216
34, 270
35, 229
36, 306
37, 221
38, 221
39, 218
40, 301
41, 252
42, 277
43, 555
44, 411
45, 222
46, 319
47, 224
48, 276
49, 634
50, 236
51, 369
52, 776
53, 360
54, 217
55, 581
56, 215
57, 229
58, 392
59, 386
60, 275
61, 280
62, 286
63, 288
64, 291
65, 268
66, 258
67, 288
68, 296
69, 217
70, 387
71, 270
72, 479
73, 413
74, 236
75, 301
76, 572
77, 302
78, 228
79, 389
80, 429
81, 565
82, 543
83, 463
84, 229
85, 615
86, 257
87, 219
88, 334
89, 323
90, 359
91, 289
92, 464
93, 319
94, 227
95, 278
96, 360
97, 220
98, 251
99, 249
100, 331
