0, 372
1, 297
2, 195
3, 223
4, 195
5, 201
6, 247
7, 235
8, 269
9, 197
10, 221
11, 196
12, 366
13, 439
14, 403
15, 624
16, 906
17, 528
18, 215
19, 202
20, 197
21, 199
22, 197
23, 239
24, 203
25, 196
26, 232
27, 201
28, 202
29, 201
30, 291
31, 235
32, 199
33, 257
34, 213
35, 315
36, 202
37, 204
38, 199
39, 289
40, 298
41, 305
42, 690
43, 390
44, 204
45, 322
46, 250
47, 287
48, 448
49, 220
50, 370
51, 885
52, 361
53, 200
54, 540
55, 195
56, 215
57, 242
58, 407
59, 257
60, 283
61, 270
62, 277
63, 285
64, 258
65, 262
66, 300
67, 265
68, 197
69, 367
70, 258
71, 474
72, 404
73, 225
74, 290
75, 551
76, 294
77, 252
78, 368
79, 453
80, 638
81, 583
82, 472
83, 215
84, 606
85, 227
86, 199
87, 417
88, 334
89, 315
90, 282
91, 486
92, 339
93, 206
94, 277
95, 358
96, 209
97, 235
98, 267
99, 332
