1, 355
2, 287
3, 179
4, 219
5, 178
6, 188
7, 269
8, 243
9, 265
10, 190
11, 1297
12, 179
13, 406
14, 431
15, 369
16, 736
17, 981
18, 542
19, 211
20, 188
21, 182
22, 183
23, 183
24, 243
25, 196
26, 179
27, 237
28, 185
29, 185
30, 201
31, 281
32, 227
33, 194
34, 234
35, 202
36, 325
37, 190
38, 199
39, 190
40, 292
41, 333
42, 393
43, 758
44, 376
45, 194
46, 385
47, 290
48, 320
49, 438
50, 212
51, 381
52, 988
53, 364
54, 196
55, 518
56, 181
57, 212
58, 260
59, 398
60, 258
61, 1047
62, 275
63, 281
64, 281
65, 258
66, 262
67, 309
68, 340
69, 181
70, 368
71, 265
72, 484
73, 410
74, 232
75, 275
76, 589
77, 356
78, 275
79, 354
80, 457
81, 698
82, 631
83, 487
84, 234
85, 568
86, 211
87, 184
88, 560
89, 349
90, 306
91, 286
92, 289
93, 356
94, 191
95, 285
96, 358
97, 214
98, 249
99, 270
100, 338
