003, 12.57434, 0.209572333333, 0.00349287222222
004, 10.897957, 0.181632616667, 0.00302721027778
005, 9.165702, 0.1527617, 0.00254602833333
006, 97.982489, 1.63304148333, 0.0272173580556
007, 9.109578, 0.1518263, 0.00253043833333
008, 9.079332, 0.1513222, 0.00252203666667
009, 20.028866, 0.333814433333, 0.00556357388889
010, 9.239594, 0.153993233333, 0.00256655388889
011, 17.708938, 0.295148966667, 0.00491914944444
012, 21.053608, 0.350893466667, 0.00584822444444
013, 17.297913, 0.28829855, 0.00480497583333
014, 14.616681, 0.24361135, 0.00406018916667
015, 9.093281, 0.151554683333, 0.00252591138889
016, 12.89074, 0.214845666667, 0.00358076111111
017, 15.59036, 0.259839333333, 0.00433065555556
018, 10.86796, 0.181132666667, 0.00301887777778
019, 40.615755, 0.67692925, 0.0112821541667
020, 15.257684, 0.254294733333, 0.00423824555556
021, 29.548585, 0.492476416667, 0.00820794027778
022, 15.652227, 0.26087045, 0.00434784083333
023, 21.955096, 0.365918266667, 0.00609863777778
024, 19.414175, 0.323569583333, 0.00539282638889
025, 15.213199, 0.253553316667, 0.00422588861111
026, 9.134104, 0.152235066667, 0.00253725111111
027, 16.352137, 0.272535616667, 0.00454226027778
028, 9.927846, 0.1654641, 0.002757735
029, 11.754517, 0.195908616667, 0.00326514361111
030, 47.138197, 0.785636616667, 0.0130939436111
031, 10.285217, 0.171420283333, 0.00285700472222
032, 10.862049, 0.18103415, 0.00301723583333
033, 10.370818, 0.172846966667, 0.00288078277778
034, 9.137496, 0.1522916, 0.00253819333333
035, 9.094174, 0.151569566667, 0.00252615944444
036, 9.205185, 0.15341975, 0.00255699583333
037, 9.456074, 0.157601233333, 0.00262668722222
038, 11.040328, 0.184005466667, 0.00306675777778
039, 13.831248, 0.2305208, 0.00384201333333
040, 11.597403, 0.19329005, 0.00322150083333
041, 9.09131, 0.151521833333, 0.00252536388889
042, 20.753305, 0.345888416667, 0.00576480694444
043, 9.61466, 0.160244333333, 0.00267073888889
044, 25.161899, 0.419364983333, 0.00698941638889
045, 9.211962, 0.1535327, 0.00255887833333
046, 29.595212, 0.493253533333, 0.00822089222222
047, 12.406291, 0.206771516667, 0.00344619194444
048, 20.252738, 0.337545633333, 0.00562576055556
049, 13.256744, 0.220945733333, 0.00368242888889
050, 9.136078, 0.152267966667, 0.00253779944444
051, 49.364674, 0.822744566667, 0.0137124094444
052, 15.049441, 0.250824016667, 0.00418040027778
053, 12.147769, 0.202462816667, 0.00337438027778
054, 10.277699, 0.171294983333, 0.00285491638889
055, 9.330185, 0.155503083333, 0.00259171805556
056, 41.497814, 0.691630233333, 0.0115271705556
057, 9.226891, 0.153781516667, 0.00256302527778
058, 9.115491, 0.15192485, 0.00253208083333
059, 12.760903, 0.212681716667, 0.00354469527778
060, 9.154426, 0.152573766667, 0.00254289611111
061, 23.788898, 0.396481633333, 0.00660802722222
062, 17.89431, 0.2982385, 0.00497064166667
063, 19.613363, 0.326889383333, 0.00544815638889
064, 16.462063, 0.274367716667, 0.00457279527778
065, 11.476154, 0.191269233333, 0.00318782055556
066, 23.969508, 0.3994918, 0.00665819666667
067, 9.125852, 0.152097533333, 0.00253495888889
068, 9.090254, 0.151504233333, 0.00252507055556
069, 9.897389, 0.164956483333, 0.00274927472222
070, 10.470298, 0.174504966667, 0.00290841611111
071, 10.216216, 0.170270266667, 0.00283783777778
072, 20.005977, 0.33343295, 0.00555721583333
073, 13.634444, 0.227240733333, 0.00378734555556
074, 15.17539, 0.252923166667, 0.00421538611111
075, 25.056312, 0.4176052, 0.00696008666667
076, 15.311747, 0.255195783333, 0.00425326305556
077, 9.274014, 0.1545669, 0.002576115
078, 69.132658, 1.15221096667, 0.0192035161111
079, 12.503568, 0.2083928, 0.00347321333333
080, 11.594845, 0.193247416667, 0.00322079027778
081, 10.558859, 0.175980983333, 0.00293301638889
082, 12.52701, 0.2087835, 0.003479725
083, 12.524675, 0.208744583333, 0.00347907638889
084, 11.993302, 0.199888366667, 0.00333147277778
085, 17.311498, 0.288524966667, 0.00480874944444
086, 12.678729, 0.21131215, 0.00352186916667
087, 12.119583, 0.20199305, 0.00336655083333
088, 10.542131, 0.175702183333, 0.00292836972222
089, 12.049541, 0.200825683333, 0.00334709472222
090, 10.872695, 0.181211583333, 0.00302019305556
091, 12.166423, 0.202773716667, 0.00337956194444
092, 24.910413, 0.41517355, 0.00691955916667
093, 16.937095, 0.282284916667, 0.00470474861111
094, 17.149675, 0.285827916667, 0.00476379861111
095, 11.621118, 0.1936853, 0.00322808833333
096, 19.665705, 0.32776175, 0.00546269583333
097, 11.295689, 0.188261483333, 0.00313769138889
098, 16.61358, 0.276893, 0.00461488333333
099, 19.33596, 0.322266, 0.0053711
100, 10.053717, 0.16756195, 0.00279269916667
101, 10.515812, 0.175263533333, 0.00292105888889
102, 11.838142, 0.197302366667, 0.00328837277778
103, 11.318902, 0.188648366667, 0.00314413944444
104, 11.331137, 0.188852283333, 0.00314753805556
105, 10.142321, 0.169038683333, 0.00281731138889
106, 10.086357, 0.16810595, 0.00280176583333
107, 13.85444, 0.230907333333, 0.00384845555556
108, 10.674536, 0.177908933333, 0.00296514888889
109, 19.682073, 0.32803455, 0.0054672425
110, 13.413262, 0.223554366667, 0.00372590611111
111, 11.843174, 0.197386233333, 0.00328977055556
112, 10.095395, 0.168256583333, 0.00280427638889
113, 11.127721, 0.185462016667, 0.00309103361111
114, 13.022273, 0.217037883333, 0.00361729805556
115, 10.631851, 0.177197516667, 0.00295329194444
116, 11.787945, 0.19646575, 0.00327442916667
117, 26.167951, 0.436132516667, 0.00726887527778
118, 10.596188, 0.176603133333, 0.00294338555556
119, 15.601902, 0.2600317, 0.00433386166667
120, 11.890122, 0.1981687, 0.00330281166667
121, 9.468272, 0.157804533333, 0.00263007555556
122, 18.976383, 0.31627305, 0.0052712175
123, 14.292959, 0.238215983333, 0.00397026638889
124, 12.751119, 0.21251865, 0.0035419775
125, 9.549772, 0.159162866667, 0.00265271444444
126, 11.229044, 0.187150733333, 0.00311917888889
127, 12.040128, 0.2006688, 0.00334448
128, 31.428461, 0.523807683333, 0.00873012805556
129, 18.141533, 0.302358883333, 0.00503931472222
130, 11.562763, 0.192712716667, 0.00321187861111
131, 23.897941, 0.398299016667, 0.00663831694444
132, 20.677543, 0.344625716667, 0.00574376194444
133, 24.101479, 0.401691316667, 0.00669485527778
134, 15.216799, 0.253613316667, 0.00422688861111
135, 15.240087, 0.25400145, 0.0042333575
136, 10.852995, 0.18088325, 0.00301472083333
137, 12.030254, 0.200504233333, 0.00334173722222
138, 10.483531, 0.174725516667, 0.00291209194444
139, 12.779859, 0.21299765, 0.00354996083333
140, 11.116282, 0.185271366667, 0.00308785611111
141, 9.900475, 0.165007916667, 0.00275013194444
142, 9.461845, 0.157697416667, 0.00262829027778
143, 9.92447, 0.165407833333, 0.00275679722222
144, 9.820077, 0.16366795, 0.00272779916667
145, 9.556415, 0.159273583333, 0.00265455972222
146, 15.415214, 0.256920233333, 0.00428200388889
147, 11.784168, 0.1964028, 0.00327338
148, 13.853562, 0.2308927, 0.00384821166667
149, 13.154769, 0.21924615, 0.0036541025
150, 22.124494, 0.368741566667, 0.00614569277778
151, 12.909964, 0.215166066667, 0.00358610111111
152, 34.108927, 0.568482116667, 0.00947470194444
153, 69.28153, 1.15469216667, 0.0192448694444
154, 27.148378, 0.452472966667, 0.00754121611111
155, 9.955121, 0.165918683333, 0.00276531138889
156, 10.474042, 0.174567366667, 0.00290945611111
157, 11.130233, 0.185503883333, 0.00309173138889
158, 12.065773, 0.201096216667, 0.00335160361111
159, 28.274101, 0.471235016667, 0.00785391694444
160, 15.033053, 0.250550883333, 0.00417584805556
161, 14.0681, 0.234468333333, 0.00390780555556
162, 11.054798, 0.184246633333, 0.00307077722222
163, 9.810506, 0.163508433333, 0.00272514055556
164, 11.246587, 0.187443116667, 0.00312405194444
165, 16.177427, 0.269623783333, 0.00449372972222
166, 16.192325, 0.269872083333, 0.00449786805556
167, 10.084598, 0.168076633333, 0.00280127722222
168, 11.133964, 0.185566066667, 0.00309276777778
169, 20.086163, 0.334769383333, 0.00557948972222
170, 19.273917, 0.32123195, 0.00535386583333
171, 11.615096, 0.193584933333, 0.00322641555556
172, 18.133491, 0.30222485, 0.00503708083333
173, 11.871694, 0.197861566667, 0.00329769277778
174, 11.729047, 0.195484116667, 0.00325806861111
175, 14.152197, 0.23586995, 0.00393116583333
176, 15.223184, 0.253719733333, 0.00422866222222
177, 12.872322, 0.2145387, 0.003575645
178, 14.617875, 0.24363125, 0.00406052083333
179, 13.444358, 0.224072633333, 0.00373454388889
180, 10.011785, 0.166863083333, 0.00278105138889
181, 9.855585, 0.16425975, 0.0027376625
182, 19.420677, 0.32367795, 0.0053946325
183, 16.631671, 0.277194516667, 0.00461990861111
184, 15.209722, 0.253495366667, 0.00422492277778
185, 15.297985, 0.254966416667, 0.00424944027778
186, 14.779228, 0.246320466667, 0.00410534111111
187, 10.995922, 0.183265366667, 0.00305442277778
188, 15.037138, 0.250618966667, 0.00417698277778
189, 10.793302, 0.179888366667, 0.00299813944444
190, 9.589078, 0.159817966667, 0.00266363277778
191, 26.811444, 0.4468574, 0.00744762333333
192, 35.379399, 0.58965665, 0.00982761083333
193, 11.769493, 0.196158216667, 0.00326930361111
194, 9.885532, 0.164758866667, 0.00274598111111
195, 9.862384, 0.164373066667, 0.00273955111111
196, 11.299558, 0.188325966667, 0.00313876611111
197, 10.403409, 0.17339015, 0.00288983583333
198, 10.649937, 0.17749895, 0.00295831583333
199, 9.517364, 0.158622733333, 0.00264371222222
200, 27.375227, 0.456253783333, 0.00760422972222
201, 17.330801, 0.288846683333, 0.00481411138889
202, 59.418204, 0.9903034, 0.0165050566667
203, 23.79443, 0.396573833333, 0.00660956388889
204, 12.99877, 0.216646166667, 0.00361076944444
205, 15.004086, 0.2500681, 0.00416780166667
206, 10.662825, 0.17771375, 0.00296189583333
207, 11.940695, 0.199011583333, 0.00331685972222
208, 11.106307, 0.185105116667, 0.00308508527778
209, 13.815006, 0.2302501, 0.00383750166667
210, 10.530957, 0.17551595, 0.00292526583333
211, 10.040392, 0.167339866667, 0.00278899777778
212, 9.979745, 0.166329083333, 0.00277215138889
213, 15.513096, 0.2585516, 0.00430919333333
214, 9.80435, 0.163405833333, 0.00272343055556
215, 15.034104, 0.2505684, 0.00417614
216, 20.100884, 0.335014733333, 0.00558357888889
217, 9.841868, 0.164031133333, 0.00273385222222
218, 16.693729, 0.278228816667, 0.00463714694444
219, 20.476884, 0.3412814, 0.00568802333333
220, 9.597999, 0.15996665, 0.00266611083333
221, 9.580925, 0.159682083333, 0.00266136805556
222, 12.301372, 0.205022866667, 0.00341704777778
223, 19.696867, 0.328281116667, 0.00547135194444
224, 10.07331, 0.1678885, 0.00279814166667
225, 15.658162, 0.260969366667, 0.00434948944444
226, 9.685655, 0.161427583333, 0.00269045972222
227, 10.494708, 0.1749118, 0.00291519666667
228, 14.787582, 0.2464597, 0.00410766166667
229, 10.303986, 0.1717331, 0.00286221833333
230, 11.585146, 0.193085766667, 0.00321809611111
231, 11.161873, 0.186031216667, 0.00310052027778
232, 16.746839, 0.279113983333, 0.00465189972222
233, 10.702573, 0.178376216667, 0.00297293694444
234, 15.437704, 0.257295066667, 0.00428825111111
235, 13.036537, 0.217275616667, 0.00362126027778
236, 10.704424, 0.178407066667, 0.00297345111111
237, 17.825585, 0.297093083333, 0.00495155138889
238, 11.396445, 0.18994075, 0.00316567916667
239, 9.649572, 0.1608262, 0.00268043666667
240, 71.612741, 1.19354568333, 0.0198924280556
241, 12.07275, 0.2012125, 0.00335354166667
242, 10.584961, 0.176416016667, 0.00294026694444
243, 10.980315, 0.18300525, 0.0030500875
244, 27.151707, 0.45252845, 0.00754214083333
245, 13.008233, 0.216803883333, 0.00361339805556
246, 9.697238, 0.161620633333, 0.00269367722222
247, 9.966328, 0.166105466667, 0.00276842444444
248, 10.146128, 0.169102133333, 0.00281836888889
249, 14.654773, 0.244246216667, 0.00407077027778
250, 12.473685, 0.20789475, 0.0034649125
251, 16.306676, 0.271777933333, 0.00452963222222
252, 17.036233, 0.283937216667, 0.00473228694444
253, 12.405971, 0.206766183333, 0.00344610305556
254, 14.190385, 0.236506416667, 0.00394177361111
255, 30.986507, 0.516441783333, 0.00860736305556
256, 10.604698, 0.176744966667, 0.00294574944444
257, 13.48694, 0.224782333333, 0.00374637222222
258, 10.977848, 0.182964133333, 0.00304940222222
259, 11.072051, 0.184534183333, 0.00307556972222
260, 12.042634, 0.200710566667, 0.00334517611111
261, 27.388242, 0.4564707, 0.007607845
262, 15.141867, 0.25236445, 0.00420607416667
263, 19.50525, 0.3250875, 0.005418125
264, 21.980263, 0.366337716667, 0.00610562861111
265, 19.456618, 0.324276966667, 0.00540461611111
266, 22.470479, 0.374507983333, 0.00624179972222
267, 9.981046, 0.166350766667, 0.00277251277778
268, 11.488901, 0.191481683333, 0.00319136138889
269, 11.854296, 0.1975716, 0.00329286
270, 10.242206, 0.170703433333, 0.00284505722222
271, 15.903602, 0.265060033333, 0.00441766722222
272, 10.084143, 0.16806905, 0.00280115083333
273, 27.134667, 0.45224445, 0.0075374075
274, 27.967832, 0.466130533333, 0.00776884222222
275, 13.733708, 0.228895133333, 0.00381491888889
276, 10.020942, 0.1670157, 0.002783595
277, 15.884792, 0.264746533333, 0.00441244222222
278, 65.451856, 1.09086426667, 0.0181810711111
279, 23.477151, 0.39128585, 0.00652143083333
280, 13.717882, 0.228631366667, 0.00381052277778
281, 13.272765, 0.22121275, 0.00368687916667
282, 16.597505, 0.276625083333, 0.00461041805556
283, 10.000484, 0.166674733333, 0.00277791222222
284, 15.042579, 0.25070965, 0.00417849416667
285, 15.296244, 0.2549374, 0.00424895666667
286, 11.881746, 0.1980291, 0.003300485
287, 13.364166, 0.2227361, 0.00371226833333
288, 11.426361, 0.19043935, 0.00317398916667
289, 9.796402, 0.163273366667, 0.00272122277778
290, 10.145223, 0.16908705, 0.0028181175
291, 11.188639, 0.186477316667, 0.00310795527778
292, 16.429977, 0.27383295, 0.0045638825
293, 18.893744, 0.314895733333, 0.00524826222222
294, 10.081182, 0.1680197, 0.00280032833333
295, 23.98442, 0.399740333333, 0.00666233888889
296, 20.985836, 0.349763933333, 0.00582939888889
297, 14.519034, 0.2419839, 0.004033065
298, 9.822159, 0.16370265, 0.0027283775
299, 16.577975, 0.276299583333, 0.00460499305556
300, 16.088867, 0.268147783333, 0.00446912972222
