1, 1
2, 200
3, 235
4, 201
5, 231
6, 193
7, 181
8, 221
9, 181
10, 187
11, 189
12, 189
13, 194
14, 209
15, 190
16, 198
17, 194
18, 515
19, 224
20, 323
21, 412
22, 186
23, 190
24, 238
25, 187
26, 183
27, 206
28, 187
29, 186
30, 219
31, 288
32, 209
33, 192
34, 410
35, 184
36, 188
37, 187
38, 227
39, 185
40, 202
41, 183
42, 205
43, 196
44, 188
45, 194
46, 261
47, 218
48, 201
49, 207
50, 182
51, 225
52, 249
53, 236
54, 181
55, 200
56, 268
57, 201
58, 208
59, 182
60, 201
61, 210
62, 223
63, 201
64, 230
65, 190
66, 185
67, 184
68, 433
69, 292
70, 198
71, 268
72, 195
73, 329
74, 259
75, 273
76, 296
77, 194
78, 247
79, 215
80, 266
81, 192
82, 181
83, 186
84, 205
85, 185
86, 260
87, 303
88, 182
89, 241
90, 262
91, 185
92, 204
93, 181
94, 201
95, 212
96, 559
97, 182
98, 183
99, 210
100, 249
