1, 1
2, 145
3, 222
4, 143
5, 210
6, 197
7, 148
8, 185
9, 149
10, 211
11, 154
12, 160
13, 164
14, 292
15, 178
16, 190
17, 162
18, 558
19, 175
20, 276
21, 357
22, 155
23, 239
24, 230
25, 179
26, 161
27, 182
28, 268
29, 443
30, 164
31, 284
32, 157
33, 163
34, 489
35, 150
36, 176
37, 150
38, 233
39, 175
40, 174
41, 144
42, 198
43, 264
44, 229
45, 199
46, 246
47, 223
48, 155
49, 214
50, 142
51, 363
52, 241
53, 230
54, 146
55, 164
56, 297
57, 256
58, 190
59, 150
60, 226
61, 219
62, 296
63, 197
64, 262
65, 413
66, 155
67, 183
68, 378
69, 285
70, 167
71, 297
72, 321
73, 309
74, 305
75, 345
76, 167
77, 169
78, 352
79, 210
80, 347
81, 163
82, 143
83, 154
84, 190
85, 166
86, 352
87, 350
88, 145
89, 247
90, 256
91, 227
92, 188
93, 141
94, 262
95, 227
96, 693
97, 153
98, 147
99, 201
100, 295
