3, 223
4, 153
5, 214
6, 190
7, 161
8, 206
9, 155
10, 174
11, 162
12, 167
13, 170
14, 293
15, 299
16, 204
17, 171
18, 534
19, 179
20, 222
21, 326
22, 161
23, 213
24, 231
25, 183
26, 157
27, 188
28, 244
29, 175
30, 173
31, 287
32, 167
33, 168
34, 455
35, 155
36, 177
37, 160
38, 215
39, 164
40, 180
41, 154
42, 197
43, 257
44, 202
45, 194
46, 249
47, 204
48, 169
49, 210
50, 153
51, 185
52, 242
53, 226
54, 155
55, 174
56, 275
57, 224
58, 194
59, 154
60, 191
61, 217
62, 234
63, 197
64, 251
65, 185
66, 161
67, 156
68, 412
69, 285
70, 176
71, 288
72, 199
73, 254
74, 279
75, 319
76, 179
77, 171
78, 322
79, 204
80, 320
81, 167
82, 153
83, 163
84, 190
85, 165
86, 322
87, 353
88, 155
89, 240
90, 257
91, 252
92, 191
93, 152
94, 236
95, 213
96, 634
97, 157
98, 157
99, 201
100, 268
