1, 607
2, 319
3, 196
4, 221
5, 525
6, 179
7, 183
8, 356
9, 214
10, 281
11, 407
12, 268
13, 361
14, 182
15, 314
16, 525
17, 460
18, 367
19, 908
20, 479
21, 296
22, 243
23, 1630
24, 240
25, 174
26, 268
27, 288
28, 266
29, 611
30, 184
31, 285
32, 178
33, 177
34, 171
35, 182
36, 175
37, 225
38, 280
39, 283
40, 174
41, 220
42, 176
43, 341
44, 234
45, 229
46, 195
47, 257
48, 255
49, 174
50, 616
51, 242
52, 499
53, 411
54, 177
55, 1155
56, 199
57, 174
58, 324
59, 175
60, 713
61, 367
62, 512
63, 412
64, 481
65, 525
66, 181
67, 177
68, 208
69, 188
70, 201
71, 422
72, 195
73, 357
74, 483
75, 365
76, 191
77, 493
78, 313
79, 188
80, 183
81, 171
82, 370
83, 287
84, 296
85, 179
86, 364
87, 263
88, 197
89, 172
90, 310
91, 558
92, 346
93, 379
94, 170
95, 191
96, 179
97, 208
98, 345
99, 259
100, 213
101, 204
102, 235
103, 233
104, 188
105, 174
106, 253
107, 189
108, 233
109, 322
110, 182
111, 179
112, 232
113, 599
114, 175
115, 228
116, 421
117, 182
118, 427
119, 463
120, 217
121, 392
122, 236
123, 296
124, 174
125, 236
126, 280
127, 400
128, 710
129, 682
130, 784
131, 670
132, 366
133, 320
134, 690
135, 239
136, 286
137, 183
138, 299
139, 242
140, 182
141, 182
142, 180
143, 181
144, 180
145, 335
146, 294
147, 247
148, 459
149, 475
150, 284
