1, 341
2, 458
3, 426
4, 309
5, 346
6, 324
7, 340
8, 305
9, 307
10, 621
11, 300
12, 325
13, 303
14, 311
15, 318
16, 626
17, 303
18, 631
19, 421
20, 615
21, 311
22, 421
23, 765
24, 310
25, 336
26, 317
27, 375
28, 309
29, 411
30, 359
31, 330
32, 306
33, 331
34, 310
35, 324
36, 341
37, 328
38, 299
39, 334
40, 321
41, 350
42, 334
43, 527
44, 313
45, 299
46, 292
47, 336
48, 297
49, 313
50, 299
51, 501
52, 414
53, 497
54, 335
55, 956
56, 324
57, 302
58, 346
59, 331
60, 505
61, 367
62, 975
63, 321
64, 522
65, 335
66, 320
67, 324
68, 310
69, 314
70, 313
71, 314
72, 329
73, 325
74, 503
75, 320
76, 324
77, 289
78, 462
79, 321
80, 331
81, 336
82, 349
83, 309
84, 328
85, 304
86, 306
87, 334
88, 322
89, 317
90, 329
91, 312
92, 329
93, 385
94, 317
95, 326
96, 313
97, 341
98, 479
99, 299
100, 308
101, 498
102, 331
103, 326
104, 414
105, 322
106, 302
107, 348
108, 317
109, 479
110, 351
111, 328
112, 305
113, 313
114, 318
115, 365
116, 530
117, 364
118, 346
119, 326
120, 295
121, 374
122, 322
123, 360
124, 324
125, 606
126, 370
127, 323
128, 706
129, 527
130, 308
131, 546
132, 338
133, 383
134, 323
135, 311
136, 378
137, 432
138, 729
139, 328
140, 348
141, 336
142, 325
143, 340
144, 335
145, 347
146, 635
147, 305
148, 491
149, 417
150, 316
