1, 622
2, 621
3, 532
4, 545
5, 739
6, 581
7, 517
8, 600
9, 522
10, 592
11, 517
12, 557
13, 631
14, 602
15, 609
16, 520
17, 584
18, 590
19, 690
20, 516
21, 720
22, 624
23, 601
24, 590
25, 622
26, 836
27, 667
28, 615
29, 898
30, 751
31, 669
32, 742
33, 655
34, 600
35, 647
36, 1068
37, 577
38, 568
39, 603
40, 554
41, 686
42, 619
43, 537
44, 527
45, 1615
46, 711
47, 545
48, 587
49, 524
50, 506
51, 557
52, 617
53, 613
54, 529
55, 616
56, 666
57, 607
58, 588
59, 551
60, 570
61, 550
62, 568
63, 583
64, 626
65, 585
66, 781
67, 607
68, 678
69, 608
70, 560
71, 795
72, 702
73, 678
74, 534
75, 552
76, 567
77, 592
78, 744
79, 663
80, 567
81, 686
82, 682
83, 629
84, 568
85, 568
86, 479
87, 641
88, 534
89, 624
90, 740
91, 571
92, 486
93, 513
94, 518
95, 604
96, 2981
97, 549
98, 550
99, 579
100, 562
101, 519
102, 578
103, 1010
104, 575
105, 579
106, 570
107, 533
108, 578
109, 691
110, 647
111, 652
112, 543
113, 574
114, 478
115, 536
116, 535
117, 506
118, 714
119, 517
120, 661
121, 712
122, 626
123, 669
124, 517
125, 587
126, 658
127, 503
128, 591
129, 1317
130, 715
131, 540
132, 563
133, 668
134, 584
135, 592
136, 644
137, 696
138, 659
139, 636
140, 728
141, 573
142, 587
143, 709
144, 614
145, 602
146, 591
147, 692
148, 538
149, 648
150, 537
