1, 478
2, 407
3, 489
4, 414
5, 749
6, 444
7, 502
8, 406
9, 425
10, 518
11, 385
12, 435
13, 430
14, 428
15, 439
16, 400
17, 439
18, 697
19, 425
20, 500
21, 440
22, 403
23, 698
24, 403
25, 434
26, 444
27, 416
28, 422
29, 409
30, 442
31, 408
32, 420
33, 433
34, 439
35, 465
36, 484
37, 420
38, 419
39, 448
40, 493
41, 562
42, 474
43, 457
44, 408
45, 409
46, 403
47, 435
48, 422
49, 421
50, 791
51, 400
52, 404
53, 395
54, 461
55, 565
56, 455
57, 423
58, 469
59, 501
60, 568
61, 422
62, 449
63, 450
64, 546
65, 392
66, 438
67, 413
68, 387
69, 453
70, 450
71, 417
72, 427
73, 479
74, 474
75, 406
76, 469
77, 397
78, 414
79, 396
80, 448
81, 456
82, 437
83, 409
84, 386
85, 450
86, 411
87, 399
88, 421
89, 422
90, 459
91, 1026
92, 476
93, 461
94, 441
95, 404
96, 426
97, 441
98, 399
99, 421
100, 412
101, 478
102, 498
103, 466
104, 454
105, 442
106, 451
107, 484
108, 484
109, 422
110, 455
111, 466
112, 472
113, 457
114, 428
115, 430
116, 409
117, 460
118, 425
119, 446
120, 390
121, 467
122, 414
123, 428
124, 457
125, 364
126, 428
127, 413
128, 492
129, 488
130, 397
131, 426
132, 436
133, 435
134, 457
135, 413
136, 471
137, 419
138, 395
139, 460
140, 477
141, 485
142, 416
143, 453
144, 452
145, 422
146, 551
147, 504
148, 395
149, 568
150, 476
