1, 525
2, 169
3, 421
4, 294
5, 520
6, 371
7, 509
8, 451
9, 611
10, 159
11, 543
12, 366
13, 280
14, 877
15, 266
16, 269
17, 880
18, 350
19, 207
20, 182
21, 188
22, 141
23, 310
24, 365
25, 442
26, 354
27, 860
28, 221
29, 159
30, 134
31, 187
32, 97
33, 142
34, 184
35, 703
36, 2341
37, 419
38, 431
39, 399
40, 718
41, 273
42, 628
43, 282
44, 347
45, 594
46, 836
47, 248
48, 372
49, 222
50, 317
51, 256
52, 239
53, 445
54, 410
55, 330
56, 182
57, 314
58, 476
59, 451
60, 1266
61, 938
62, 341
63, 431
64, 340
65, 518
66, 101
67, 295
68, 281
69, 115
70, 256
71, 1129
72, 115
73, 143
74, 301
75, 469
76, 227
77, 185
78, 140
79, 317
80, 205
81, 167
82, 211
83, 176
84, 1093
85, 802
86, 638
87, 313
88, 273
89, 170
90, 201
91, 188
92, 403
93, 689
94, 186
95, 482
96, 5092
97, 660
98, 532
99, 363
100, 507
101, 661
102, 169
103, 668
104, 238
105, 359
106, 283
107, 614
108, 2123
109, 190
110, 517
111, 264
112, 493
113, 733
114, 623
115, 375
116, 294
117, 589
118, 574
119, 317
120, 186
121, 205
122, 449
123, 127
124, 230
125, 780
126, 280
127, 425
128, 332
129, 749
130, 625
131, 209
132, 217
133, 256
134, 604
135, 218
136, 129
137, 248
138, 144
139, 155
140, 97
141, 230
142, 126
143, 98
144, 199
145, 195
146, 691
147, 158
148, 434
149, 168
150, 441
