1, 575
2, 448
3, 171
4, 177
5, 566
6, 176
7, 166
8, 207
9, 199
10, 517
11, 697
12, 253
13, 393
14, 252
15, 329
16, 726
17, 238
18, 940
19, 386
20, 627
21, 347
22, 199
23, 938
24, 232
25, 220
26, 327
27, 244
28, 311
29, 587
30, 203
31, 223
32, 191
33, 410
34, 165
35, 166
36, 167
37, 206
38, 267
39, 207
40, 166
41, 355
42, 164
43, 538
44, 391
45, 233
46, 200
47, 477
48, 246
49, 178
50, 348
51, 315
52, 568
53, 161
54, 160
55, 1029
56, 199
57, 168
58, 247
59, 168
60, 780
61, 420
62, 488
63, 406
64, 270
65, 444
66, 166
67, 163
68, 210
69, 174
70, 183
71, 205
72, 228
73, 333
74, 431
75, 241
76, 267
77, 435
78, 286
79, 201
80, 165
81, 166
82, 308
83, 243
84, 431
85, 166
86, 268
87, 188
88, 189
89, 172
90, 215
91, 424
92, 330
93, 467
94, 168
95, 364
96, 158
97, 282
98, 1169
99, 182
100, 219
101, 356
102, 227
103, 232
104, 170
105, 231
106, 257
107, 172
108, 294
109, 313
110, 169
111, 171
112, 202
113, 211
114, 203
115, 258
116, 360
117, 165
118, 578
119, 168
120, 163
121, 428
122, 253
123, 226
124, 168
125, 338
126, 205
127, 634
128, 326
129, 726
130, 202
131, 376
132, 412
133, 388
134, 579
135, 236
136, 340
137, 206
138, 263
139, 245
140, 164
141, 169
142, 172
143, 167
144, 165
145, 485
146, 461
147, 294
148, 278
149, 385
150, 191
