1, 288
2, 262
3, 252
4, 276
5, 508
6, 248
7, 259
8, 355
9, 259
10, 250
11, 244
12, 261
13, 246
14, 234
15, 314
16, 438
17, 242
18, 753
19, 310
20, 575
21, 280
22, 453
23, 1544
24, 254
25, 264
26, 296
27, 241
28, 246
29, 447
30, 246
31, 289
32, 250
33, 297
34, 248
35, 252
36, 268
37, 264
38, 238
39, 819
40, 266
41, 246
42, 261
43, 697
44, 361
45, 243
46, 250
47, 248
48, 255
49, 244
50, 258
51, 275
52, 417
53, 1142
54, 238
55, 971
56, 246
57, 263
58, 246
59, 263
60, 611
61, 348
62, 500
63, 343
64, 247
65, 504
66, 250
67, 249
68, 282
69, 243
70, 250
71, 437
72, 249
73, 288
74, 506
75, 273
76, 237
77, 788
78, 315
79, 249
80, 257
81, 253
82, 312
83, 241
84, 304
85, 259
86, 242
87, 243
88, 250
89, 245
90, 260
91, 394
92, 324
93, 333
94, 255
95, 355
96, 244
97, 251
98, 456
99, 272
100, 276
101, 324
102, 267
103, 257
104, 246
105, 256
106, 267
107, 260
108, 366
109, 253
110, 264
111, 254
112, 245
113, 573
114, 256
115, 283
116, 541
117, 256
118, 243
119, 270
120, 256
121, 532
122, 247
123, 317
124, 247
125, 264
126, 252
127, 339
128, 369
129, 242
130, 255
131, 417
132, 391
133, 251
134, 611
135, 249
136, 353
137, 249
138, 329
139, 263
140, 262
141, 271
142, 258
143, 249
144, 251
145, 403
146, 239
147, 248
148, 233
149, 321
150, 242
