1, 251
2, 350
3, 226
4, 214
5, 1493
6, 211
7, 213
8, 254
9, 202
10, 273
11, 343
12, 255
13, 351
14, 277
15, 308
16, 570
17, 236
18, 806
19, 301
20, 528
21, 276
22, 307
23, 402
24, 228
25, 202
26, 283
27, 235
28, 218
29, 304
30, 281
31, 303
32, 206
33, 208
34, 207
35, 208
36, 208
37, 221
38, 282
39, 280
40, 212
41, 315
42, 216
43, 496
44, 318
45, 206
46, 213
47, 497
48, 224
49, 205
50, 423
51, 278
52, 446
53, 204
54, 205
55, 1013
56, 217
57, 221
58, 260
59, 218
60, 564
61, 428
62, 576
63, 348
64, 305
65, 446
66, 209
67, 218
68, 211
69, 214
70, 204
71, 251
72, 343
73, 359
74, 410
75, 314
76, 483
77, 254
78, 531
79, 204
80, 215
81, 208
82, 369
83, 227
84, 273
85, 212
86, 625
87, 204
88, 252
89, 211
90, 208
91, 367
92, 434
93, 372
94, 218
95, 392
96, 205
97, 279
98, 268
99, 413
100, 209
101, 215
102, 208
103, 230
104, 209
105, 230
106, 293
107, 210
108, 291
109, 328
110, 212
111, 207
112, 194
113, 565
114, 205
115, 338
116, 1843
117, 208
118, 205
119, 207
120, 238
121, 405
122, 223
123, 336
124, 204
125, 423
126, 239
127, 367
128, 221
129, 268
130, 207
131, 278
132, 207
133, 233
134, 646
135, 203
136, 294
137, 253
138, 852
139, 251
140, 202
141, 215
142, 203
143, 207
144, 211
145, 463
146, 373
147, 234
148, 199
149, 364
150, 922
