1, 423
2, 183
3, 377
4, 264
5, 453
6, 338
7, 302
8, 273
9, 398
10, 170
11, 278
12, 251
13, 267
14, 272
15, 245
16, 275
17, 494
18, 312
19, 176
20, 168
21, 170
22, 170
23, 243
24, 1018
25, 353
26, 294
27, 633
28, 181
29, 170
30, 172
31, 175
32, 177
33, 171
34, 179
35, 306
36, 377
37, 254
38, 299
39, 316
40, 492
41, 205
42, 521
43, 176
44, 325
45, 490
46, 376
47, 207
48, 378
49, 264
50, 247
51, 187
52, 191
53, 275
54, 178
55, 216
56, 177
57, 301
58, 375
59, 295
60, 483
61, 1059
62, 286
63, 353
64, 558
65, 398
66, 169
67, 271
68, 555
69, 170
70, 292
71, 599
72, 169
73, 171
74, 400
75, 377
76, 201
77, 168
78, 171
79, 201
80, 170
81, 169
82, 170
83, 170
84, 240
85, 343
86, 472
87, 243
88, 322
89, 165
90, 176
91, 175
92, 367
93, 286
94, 168
95, 339
96, 9321
97, 538
98, 819
99, 271
100, 353
101, 591
102, 171
103, 753
104, 239
105, 291
106, 219
107, 456
108, 701
109, 166
110, 335
111, 335
112, 561
113, 535
114, 533
115, 292
116, 214
117, 1493
118, 788
119, 245
120, 170
121, 176
122, 400
123, 170
124, 186
125, 170
126, 250
127, 188
128, 601
129, 530
130, 302
131, 189
132, 241
133, 262
134, 460
135, 181
136, 173
137, 173
138, 165
139, 172
140, 176
141, 175
142, 172
143, 175
144, 170
145, 173
146, 590
147, 176
148, 264
149, 174
150, 307
