1, 777
2, 313
3, 247
4, 226
5, 705
6, 228
7, 155
8, 435
9, 218
10, 636
11, 644
12, 731
13, 258
14, 345
15, 428
16, 899
17, 386
18, 998
19, 677
20, 898
21, 366
22, 840
23, 395
24, 337
25, 189
26, 268
27, 343
28, 312
29, 316
30, 271
31, 411
32, 276
33, 160
34, 128
35, 190
36, 169
37, 257
38, 373
39, 291
40, 121
41, 607
42, 187
43, 999
44, 255
45, 410
46, 271
47, 344
48, 242
49, 237
50, 815
51, 353
52, 420
53, 1630
54, 139
55, 927
56, 284
57, 207
58, 377
59, 131
60, 969
61, 443
62, 853
63, 423
64, 740
65, 725
66, 152
67, 132
68, 216
69, 244
70, 228
71, 1036
72, 209
73, 365
74, 675
75, 457
76, 360
77, 563
78, 398
79, 202
80, 120
81, 142
82, 341
83, 391
84, 386
85, 147
86, 358
87, 254
88, 249
89, 295
90, 211
91, 545
92, 621
93, 550
94, 128
95, 599
96, 194
97, 545
98, 451
99, 347
100, 255
101, 423
102, 243
103, 318
104, 178
105, 251
106, 326
107, 135
108, 274
109, 230
110, 103
111, 149
112, 252
113, 277
114, 233
115, 383
116, 880
117, 183
118, 630
119, 202
120, 185
121, 702
122, 404
123, 377
124, 195
125, 1093
126, 210
127, 926
128, 348
129, 790
130, 561
131, 547
132, 456
133, 395
134, 679
135, 280
136, 321
137, 290
138, 347
139, 307
140, 202
141, 96
142, 167
143, 187
144, 212
145, 2467
146, 415
147, 324
148, 386
149, 390
150, 280
