1, 373
2, 364
3, 400
4, 364
5, 1776
6, 382
7, 383
8, 375
9, 365
10, 549
11, 348
12, 347
13, 352
14, 347
15, 366
16, 561
17, 337
18, 722
19, 366
20, 561
21, 347
22, 594
23, 1562
24, 360
25, 348
26, 360
27, 347
28, 357
29, 353
30, 358
31, 365
32, 367
33, 390
34, 360
35, 363
36, 390
37, 377
38, 340
39, 348
40, 368
41, 362
42, 400
43, 377
44, 357
45, 363
46, 379
47, 390
48, 343
49, 347
50, 426
51, 364
52, 376
53, 369
54, 360
55, 680
56, 367
57, 360
58, 370
59, 378
60, 424
61, 390
62, 482
63, 400
64, 352
65, 506
66, 377
67, 400
68, 405
69, 360
70, 370
71, 380
72, 363
73, 355
74, 428
75, 352
76, 351
77, 579
78, 435
79, 352
80, 392
81, 370
82, 415
83, 360
84, 340
85, 421
86, 359
87, 361
88, 364
89, 367
90, 364
91, 420
92, 382
93, 373
94, 385
95, 347
96, 368
97, 366
98, 371
99, 340
100, 361
101, 378
102, 361
103, 388
104, 370
105, 360
106, 368
107, 416
108, 372
109, 549
110, 405
111, 405
112, 393
113, 394
114, 366
115, 348
116, 356
117, 359
118, 363
119, 343
120, 388
121, 453
122, 407
123, 395
124, 376
125, 349
126, 365
127, 417
128, 340
129, 913
130, 350
131, 564
132, 385
133, 358
134, 370
135, 353
136, 394
137, 351
138, 336
139, 362
140, 403
141, 396
142, 398
143, 378
144, 387
145, 361
146, 358
147, 339
148, 508
149, 361
150, 366
