1, 685
2, 1136
3, 492
4, 542
5, 481
6, 516
7, 542
8, 471
9, 523
10, 512
11, 514
12, 505
13, 489
14, 493
15, 505
16, 497
17, 536
18, 651
19, 498
20, 581
21, 499
22, 530
23, 536
24, 525
25, 532
26, 555
27, 519
28, 544
29, 492
30, 489
31, 569
32, 605
33, 527
34, 509
35, 558
36, 576
37, 576
38, 476
39, 541
40, 541
41, 548
42, 537
43, 535
44, 512
45, 477
46, 521
47, 548
48, 509
49, 538
50, 497
51, 478
52, 484
53, 986
54, 535
55, 761
56, 538
57, 551
58, 514
59, 620
60, 558
61, 477
62, 501
63, 513
64, 483
65, 513
66, 532
67, 520
68, 490
69, 480
70, 524
71, 536
72, 557
73, 609
74, 506
75, 510
76, 491
77, 469
78, 519
79, 480
80, 608
81, 557
82, 512
83, 498
84, 464
85, 600
86, 490
87, 491
88, 480
89, 547
90, 544
91, 483
92, 489
93, 525
94, 498
95, 588
96, 500
97, 492
98, 1173
99, 510
100, 499
101, 513
102, 567
103, 577
104, 537
105, 510
106, 508
107, 601
108, 516
109, 684
110, 640
111, 588
112, 455
113, 708
114, 537
115, 529
116, 495
117, 566
118, 450
119, 517
120, 534
121, 480
122, 531
123, 499
124, 562
125, 564
126, 482
127, 602
128, 495
129, 863
130, 488
131, 593
132, 512
133, 599
134, 504
135, 480
136, 595
137, 481
138, 535
139, 529
140, 524
141, 600
142, 522
143, 544
144, 504
145, 524
146, 537
147, 487
148, 488
149, 511
150, 485
