001, 0.334986, 0.0055831, 9.30516666667e-05
002, 0.328491, 0.00547485, 9.12475e-05
003, 0.257441, 0.00429068333333, 7.15113888889e-05
004, 0.126888, 0.0021148, 3.52466666667e-05
005, 0.135457, 0.00225761666667, 3.76269444444e-05
006, 0.207259, 0.00345431666667, 5.75719444444e-05
007, 0.126991, 0.00211651666667, 3.52752777778e-05
008, 0.127439, 0.00212398333333, 3.53997222222e-05
009, 0.143986, 0.00239976666667, 3.99961111111e-05
010, 0.131086, 0.00218476666667, 3.64127777778e-05
011, 0.459788, 0.00766313333333, 0.000127718888889
012, 0.155971, 0.00259951666667, 4.33252777778e-05
013, 0.24633, 0.0041055, 6.8425e-05
014, 0.12752, 0.00212533333333, 3.54222222222e-05
015, 0.240007, 0.00400011666667, 6.66686111111e-05
016, 0.437108, 0.00728513333333, 0.000121418888889
017, 1.198812, 0.0199802, 0.000333003333333
018, 0.178169, 0.00296948333333, 4.94913888889e-05
019, 0.157915, 0.00263191666667, 4.38652777778e-05
020, 0.127005, 0.00211675, 3.52791666667e-05
021, 0.381276, 0.0063546, 0.00010591
022, 0.155502, 0.0025917, 4.3195e-05
023, 0.133144, 0.00221906666667, 3.69844444444e-05
024, 0.327316, 0.00545526666667, 9.09211111111e-05
025, 0.536563, 0.00894271666667, 0.000149045277778
026, 0.19808, 0.00330133333333, 5.50222222222e-05
027, 0.126981, 0.00211635, 3.52725e-05
028, 0.192138, 0.0032023, 5.33716666667e-05
029, 0.36509, 0.00608483333333, 0.000101413888889
030, 0.127694, 0.00212823333333, 3.54705555556e-05
031, 0.185545, 0.00309241666667, 5.15402777778e-05
032, 0.167662, 0.00279436666667, 4.65727777778e-05
033, 0.235859, 0.00393098333333, 6.55163888889e-05
034, 0.131918, 0.00219863333333, 3.66438888889e-05
035, 0.127421, 0.00212368333333, 3.53947222222e-05
036, 0.607825, 0.0101304166667, 0.000168840277778
037, 0.14913, 0.0024855, 4.1425e-05
038, 0.284249, 0.00473748333333, 7.89580555556e-05
039, 0.219089, 0.00365148333333, 6.08580555556e-05
040, 0.127877, 0.00213128333333, 3.55213888889e-05
041, 0.178541, 0.00297568333333, 4.95947222222e-05
042, 0.180065, 0.00300108333333, 5.00180555556e-05
043, 0.196538, 0.00327563333333, 5.45938888889e-05
044, 0.151285, 0.00252141666667, 4.20236111111e-05
045, 0.136806, 0.0022801, 3.80016666667e-05
046, 0.171777, 0.00286295, 4.77158333333e-05
047, 0.126021, 0.00210035, 3.50058333333e-05
048, 0.158644, 0.00264406666667, 4.40677777778e-05
049, 0.341312, 0.00568853333333, 9.48088888889e-05
050, 0.495126, 0.0082521, 0.000137535
051, 0.164482, 0.00274136666667, 4.56894444444e-05
052, 0.461694, 0.0076949, 0.000128248333333
053, 0.251686, 0.00419476666667, 6.99127777778e-05
054, 0.529302, 0.0088217, 0.000147028333333
055, 0.133839, 0.00223065, 3.71775e-05
056, 0.221609, 0.00369348333333, 6.15580555556e-05
057, 0.217251, 0.00362085, 6.03475e-05
058, 0.631141, 0.0105190166667, 0.000175316944444
059, 0.15227, 0.00253783333333, 4.22972222222e-05
060, 0.14267, 0.00237783333333, 3.96305555556e-05
061, 0.171558, 0.0028593, 4.7655e-05
062, 0.243765, 0.00406275, 6.77125e-05
063, 0.145162, 0.00241936666667, 4.03227777778e-05
064, 0.258805, 0.00431341666667, 7.18902777778e-05
065, 0.160624, 0.00267706666667, 4.46177777778e-05
066, 0.148395, 0.00247325, 4.12208333333e-05
067, 0.148752, 0.0024792, 4.132e-05
068, 0.140854, 0.00234756666667, 3.91261111111e-05
069, 0.148822, 0.00248036666667, 4.13394444444e-05
070, 0.157529, 0.00262548333333, 4.37580555556e-05
071, 0.25822, 0.00430366666667, 7.17277777778e-05
072, 0.743337, 0.01238895, 0.0002064825
073, 0.138941, 0.00231568333333, 3.85947222222e-05
074, 0.220082, 0.00366803333333, 6.11338888889e-05
075, 0.267493, 0.00445821666667, 7.43036111111e-05
076, 0.228788, 0.00381313333333, 6.35522222222e-05
077, 0.238963, 0.00398271666667, 6.63786111111e-05
078, 0.229068, 0.0038178, 6.363e-05
079, 0.214217, 0.00357028333333, 5.95047222222e-05
080, 0.171721, 0.00286201666667, 4.77002777778e-05
081, 1.021113, 0.01701855, 0.0002836425
082, 0.151607, 0.00252678333333, 4.21130555556e-05
083, 0.385402, 0.00642336666667, 0.000107056111111
084, 0.136968, 0.0022828, 3.80466666667e-05
085, 0.140043, 0.00233405, 3.89008333333e-05
086, 0.326861, 0.00544768333333, 9.07947222222e-05
087, 0.177896, 0.00296493333333, 4.94155555556e-05
088, 0.430096, 0.00716826666667, 0.000119471111111
089, 0.171033, 0.00285055, 4.75091666667e-05
090, 0.49036, 0.00817266666667, 0.000136211111111
091, 0.280927, 0.00468211666667, 7.80352777778e-05
092, 0.96638, 0.0161063333333, 0.000268438888889
093, 0.370865, 0.00618108333333, 0.000103018055556
094, 0.136176, 0.0022696, 3.78266666667e-05
095, 0.157785, 0.00262975, 4.38291666667e-05
096, 0.536391, 0.00893985, 0.0001489975
097, 0.133838, 0.00223063333333, 3.71772222222e-05
098, 0.303621, 0.00506035, 8.43391666667e-05
099, 0.194962, 0.00324936666667, 5.41561111111e-05
100, 0.261464, 0.00435773333333, 7.26288888889e-05
101, 0.142777, 0.00237961666667, 3.96602777778e-05
102, 0.167165, 0.00278608333333, 4.64347222222e-05
103, 0.14074, 0.00234566666667, 3.90944444444e-05
104, 0.179667, 0.00299445, 4.99075e-05
105, 0.145681, 0.00242801666667, 4.04669444444e-05
106, 0.139931, 0.00233218333333, 3.88697222222e-05
107, 0.213217, 0.00355361666667, 5.92269444444e-05
108, 0.152163, 0.00253605, 4.22675e-05
109, 0.155153, 0.00258588333333, 4.30980555556e-05
110, 0.18297, 0.0030495, 5.0825e-05
111, 0.159217, 0.00265361666667, 4.42269444444e-05
112, 0.226384, 0.00377306666667, 6.28844444444e-05
113, 0.146401, 0.00244001666667, 4.06669444444e-05
114, 0.22143, 0.0036905, 6.15083333333e-05
115, 0.221684, 0.00369473333333, 6.15788888889e-05
116, 0.140559, 0.00234265, 3.90441666667e-05
117, 0.253998, 0.0042333, 7.0555e-05
118, 0.139046, 0.00231743333333, 3.86238888889e-05
119, 0.138805, 0.00231341666667, 3.85569444444e-05
120, 0.157446, 0.0026241, 4.3735e-05
121, 0.139717, 0.00232861666667, 3.88102777778e-05
122, 0.257095, 0.00428491666667, 7.14152777778e-05
123, 0.154569, 0.00257615, 4.29358333333e-05
124, 0.223293, 0.00372155, 6.20258333333e-05
125, 0.157836, 0.0026306, 4.38433333333e-05
126, 0.151418, 0.00252363333333, 4.20605555556e-05
127, 0.20646, 0.003441, 5.735e-05
128, 0.137765, 0.00229608333333, 3.82680555556e-05
129, 0.174069, 0.00290115, 4.83525e-05
130, 0.194253, 0.00323755, 5.39591666667e-05
131, 0.236079, 0.00393465, 6.55775e-05
132, 0.161971, 0.00269951666667, 4.49919444444e-05
133, 0.14689, 0.00244816666667, 4.08027777778e-05
134, 0.143528, 0.00239213333333, 3.98688888889e-05
135, 0.473895, 0.00789825, 0.0001316375
136, 0.30294, 0.005049, 8.415e-05
137, 0.277355, 0.00462258333333, 7.70430555556e-05
138, 0.47895, 0.0079825, 0.000133041666667
139, 0.32131, 0.00535516666667, 8.92527777778e-05
140, 0.196385, 0.00327308333333, 5.45513888889e-05
141, 0.152502, 0.0025417, 4.23616666667e-05
142, 0.27473, 0.00457883333333, 7.63138888889e-05
143, 0.156034, 0.00260056666667, 4.33427777778e-05
144, 0.143919, 0.00239865, 3.99775e-05
145, 0.181368, 0.0030228, 5.038e-05
146, 0.205479, 0.00342465, 5.70775e-05
147, 0.156565, 0.00260941666667, 4.34902777778e-05
148, 0.212179, 0.00353631666667, 5.89386111111e-05
149, 0.213224, 0.00355373333333, 5.92288888889e-05
150, 0.20837, 0.00347283333333, 5.78805555556e-05
151, 0.217604, 0.00362673333333, 6.04455555556e-05
152, 0.153411, 0.00255685, 4.26141666667e-05
153, 0.203467, 0.00339111666667, 5.65186111111e-05
154, 0.248854, 0.00414756666667, 6.91261111111e-05
155, 0.209314, 0.00348856666667, 5.81427777778e-05
156, 0.176194, 0.00293656666667, 4.89427777778e-05
157, 0.169039, 0.00281731666667, 4.69552777778e-05
158, 0.425492, 0.00709153333333, 0.000118192222222
159, 0.549208, 0.00915346666667, 0.000152557777778
160, 0.284353, 0.00473921666667, 7.89869444444e-05
161, 0.308207, 0.00513678333333, 8.56130555556e-05
162, 0.157619, 0.00262698333333, 4.37830555556e-05
163, 0.398845, 0.00664741666667, 0.000110790277778
164, 0.410137, 0.00683561666667, 0.000113926944444
165, 1.189261, 0.0198210166667, 0.000330350277778
166, 0.311663, 0.00519438333333, 8.65730555556e-05
167, 0.150888, 0.0025148, 4.19133333333e-05
168, 0.147967, 0.00246611666667, 4.11019444444e-05
169, 0.447236, 0.00745393333333, 0.000124232222222
170, 0.173041, 0.00288401666667, 4.80669444444e-05
171, 0.221503, 0.00369171666667, 6.15286111111e-05
172, 0.189597, 0.00315995, 5.26658333333e-05
173, 0.199056, 0.0033176, 5.52933333333e-05
174, 0.144275, 0.00240458333333, 4.00763888889e-05
175, 0.192166, 0.00320276666667, 5.33794444444e-05
176, 0.195032, 0.00325053333333, 5.41755555556e-05
177, 0.374089, 0.00623481666667, 0.000103913611111
178, 0.224414, 0.00374023333333, 6.23372222222e-05
179, 0.201578, 0.00335963333333, 5.59938888889e-05
180, 0.370072, 0.00616786666667, 0.000102797777778
181, 0.256059, 0.00426765, 7.11275e-05
182, 0.252168, 0.0042028, 7.00466666667e-05
183, 0.200076, 0.0033346, 5.55766666667e-05
184, 0.249843, 0.00416405, 6.94008333333e-05
185, 0.499263, 0.00832105, 0.000138684166667
186, 0.303514, 0.00505856666667, 8.43094444444e-05
187, 0.307471, 0.00512451666667, 8.54086111111e-05
188, 0.360488, 0.00600813333333, 0.000100135555556
189, 0.555515, 0.00925858333333, 0.000154309722222
190, 0.726623, 0.0121103833333, 0.000201839722222
191, 0.432301, 0.00720501666667, 0.000120083611111
192, 0.276026, 0.00460043333333, 7.66738888889e-05
193, 0.172304, 0.00287173333333, 4.78622222222e-05
194, 0.24366, 0.004061, 6.76833333333e-05
195, 0.159363, 0.00265605, 4.42675e-05
196, 0.207113, 0.00345188333333, 5.75313888889e-05
197, 0.156601, 0.00261001666667, 4.35002777778e-05
198, 0.156879, 0.00261465, 4.35775e-05
199, 0.281884, 0.00469806666667, 7.83011111111e-05
200, 0.26949, 0.0044915, 7.48583333333e-05
201, 0.203915, 0.00339858333333, 5.66430555556e-05
202, 0.180463, 0.00300771666667, 5.01286111111e-05
203, 0.256659, 0.00427765, 7.12941666667e-05
204, 0.196597, 0.00327661666667, 5.46102777778e-05
205, 0.182886, 0.0030481, 5.08016666667e-05
206, 0.143204, 0.00238673333333, 3.97788888889e-05
207, 0.15049, 0.00250816666667, 4.18027777778e-05
208, 0.202768, 0.00337946666667, 5.63244444444e-05
209, 0.156239, 0.00260398333333, 4.33997222222e-05
210, 0.219095, 0.00365158333333, 6.08597222222e-05
211, 0.333115, 0.00555191666667, 9.25319444444e-05
212, 0.197018, 0.00328363333333, 5.47272222222e-05
213, 0.191109, 0.00318515, 5.30858333333e-05
214, 0.143736, 0.0023956, 3.99266666667e-05
215, 0.238843, 0.00398071666667, 6.63452777778e-05
216, 0.244762, 0.00407936666667, 6.79894444444e-05
217, 0.179476, 0.00299126666667, 4.98544444444e-05
218, 0.456731, 0.00761218333333, 0.000126869722222
219, 0.321312, 0.0053552, 8.92533333333e-05
220, 0.234542, 0.00390903333333, 6.51505555556e-05
221, 0.156276, 0.0026046, 4.341e-05
222, 0.169305, 0.00282175, 4.70291666667e-05
223, 0.263016, 0.0043836, 7.306e-05
224, 0.38155, 0.00635916666667, 0.000105986111111
225, 0.187822, 0.00313036666667, 5.21727777778e-05
226, 0.159795, 0.00266325, 4.43875e-05
227, 0.202267, 0.00337111666667, 5.61852777778e-05
228, 0.422432, 0.00704053333333, 0.000117342222222
229, 0.278708, 0.00464513333333, 7.74188888889e-05
230, 0.468441, 0.00780735, 0.0001301225
231, 0.192397, 0.00320661666667, 5.34436111111e-05
232, 0.209878, 0.00349796666667, 5.82994444444e-05
233, 0.206932, 0.00344886666667, 5.74811111111e-05
234, 0.222846, 0.0037141, 6.19016666667e-05
235, 0.255452, 0.00425753333333, 7.09588888889e-05
236, 0.318301, 0.00530501666667, 8.84169444444e-05
237, 0.209256, 0.0034876, 5.81266666667e-05
238, 0.264343, 0.00440571666667, 7.34286111111e-05
239, 0.190436, 0.00317393333333, 5.28988888889e-05
240, 0.306876, 0.0051146, 8.52433333333e-05
241, 0.193453, 0.00322421666667, 5.37369444444e-05
242, 0.142418, 0.00237363333333, 3.95605555556e-05
243, 0.179384, 0.00298973333333, 4.98288888889e-05
244, 0.151742, 0.00252903333333, 4.21505555556e-05
245, 0.170236, 0.00283726666667, 4.72877777778e-05
246, 0.289055, 0.00481758333333, 8.02930555556e-05
247, 0.206856, 0.0034476, 5.746e-05
248, 0.261308, 0.00435513333333, 7.25855555556e-05
249, 0.185998, 0.00309996666667, 5.16661111111e-05
250, 0.29587, 0.00493116666667, 8.21861111111e-05
251, 0.235575, 0.00392625, 6.54375e-05
252, 0.340397, 0.00567328333333, 9.45547222222e-05
253, 0.660503, 0.0110083833333, 0.000183473055556
254, 0.204104, 0.00340173333333, 5.66955555556e-05
255, 0.39295, 0.00654916666667, 0.000109152777778
256, 0.405412, 0.00675686666667, 0.000112614444444
257, 0.175217, 0.00292028333333, 4.86713888889e-05
258, 0.197911, 0.00329851666667, 5.49752777778e-05
259, 0.22987, 0.00383116666667, 6.38527777778e-05
260, 0.42939, 0.0071565, 0.000119275
261, 0.249314, 0.00415523333333, 6.92538888889e-05
262, 0.238308, 0.0039718, 6.61966666667e-05
263, 0.239503, 0.00399171666667, 6.65286111111e-05
264, 0.212069, 0.00353448333333, 5.89080555556e-05
265, 0.511361, 0.00852268333333, 0.000142044722222
266, 0.241756, 0.00402926666667, 6.71544444444e-05
267, 0.190057, 0.00316761666667, 5.27936111111e-05
268, 0.460285, 0.00767141666667, 0.000127856944444
269, 0.144544, 0.00240906666667, 4.01511111111e-05
270, 0.197574, 0.0032929, 5.48816666667e-05
271, 0.164907, 0.00274845, 4.58075e-05
272, 0.166763, 0.00277938333333, 4.63230555556e-05
273, 0.148473, 0.00247455, 4.12425e-05
274, 0.225883, 0.00376471666667, 6.27452777778e-05
275, 0.208956, 0.0034826, 5.80433333333e-05
276, 1.138352, 0.0189725333333, 0.000316208888889
277, 0.185664, 0.0030944, 5.15733333333e-05
278, 0.271891, 0.00453151666667, 7.55252777778e-05
279, 0.227128, 0.00378546666667, 6.30911111111e-05
280, 0.347767, 0.00579611666667, 9.66019444444e-05
281, 0.377176, 0.00628626666667, 0.000104771111111
282, 0.221385, 0.00368975, 6.14958333333e-05
283, 0.155263, 0.00258771666667, 4.31286111111e-05
284, 0.378952, 0.00631586666667, 0.000105264444444
285, 0.349087, 0.00581811666667, 9.69686111111e-05
286, 0.229413, 0.00382355, 6.37258333333e-05
287, 0.247803, 0.00413005, 6.88341666667e-05
288, 0.174098, 0.00290163333333, 4.83605555556e-05
289, 0.206737, 0.00344561666667, 5.74269444444e-05
290, 0.241458, 0.0040243, 6.70716666667e-05
291, 0.20627, 0.00343783333333, 5.72972222222e-05
292, 0.315557, 0.00525928333333, 8.76547222222e-05
293, 0.341148, 0.0056858, 9.47633333333e-05
294, 0.155452, 0.00259086666667, 4.31811111111e-05
295, 0.306134, 0.00510223333333, 8.50372222222e-05
296, 0.441162, 0.0073527, 0.000122545
297, 0.158616, 0.0026436, 4.406e-05
298, 0.384391, 0.00640651666667, 0.000106775277778
299, 0.250725, 0.00417875, 6.96458333333e-05
300, 0.149647, 0.00249411666667, 4.15686111111e-05
301, 0.204234, 0.0034039, 5.67316666667e-05
302, 0.733432, 0.0122238666667, 0.000203731111111
303, 0.312925, 0.00521541666667, 8.69236111111e-05
304, 0.161381, 0.00268968333333, 4.48280555556e-05
305, 0.4266, 0.00711, 0.0001185
306, 0.141188, 0.00235313333333, 3.92188888889e-05
307, 0.175959, 0.00293265, 4.88775e-05
308, 0.16088, 0.00268133333333, 4.46888888889e-05
309, 0.318456, 0.0053076, 8.846e-05
310, 0.179919, 0.00299865, 4.99775e-05
311, 0.274376, 0.00457293333333, 7.62155555556e-05
312, 0.779725, 0.0129954166667, 0.000216590277778
313, 0.220286, 0.00367143333333, 6.11905555556e-05
314, 0.202792, 0.00337986666667, 5.63311111111e-05
315, 0.343147, 0.00571911666667, 9.53186111111e-05
316, 0.221441, 0.00369068333333, 6.15113888889e-05
317, 0.143472, 0.0023912, 3.98533333333e-05
318, 0.974731, 0.0162455166667, 0.000270758611111
319, 0.514286, 0.00857143333333, 0.000142857222222
320, 0.336694, 0.00561156666667, 9.35261111111e-05
321, 0.395343, 0.00658905, 0.0001098175
322, 0.149702, 0.00249503333333, 4.15838888889e-05
323, 0.171267, 0.00285445, 4.75741666667e-05
324, 0.206765, 0.00344608333333, 5.74347222222e-05
325, 0.189339, 0.00315565, 5.25941666667e-05
326, 0.238135, 0.00396891666667, 6.61486111111e-05
327, 0.185078, 0.00308463333333, 5.14105555556e-05
328, 0.159548, 0.00265913333333, 4.43188888889e-05
329, 0.170286, 0.0028381, 4.73016666667e-05
330, 0.184499, 0.00307498333333, 5.12497222222e-05
331, 0.151011, 0.00251685, 4.19475e-05
332, 0.521524, 0.00869206666667, 0.000144867777778
333, 0.178448, 0.00297413333333, 4.95688888889e-05
334, 0.230353, 0.00383921666667, 6.39869444444e-05
335, 0.141518, 0.00235863333333, 3.93105555556e-05
336, 0.298712, 0.00497853333333, 8.29755555556e-05
337, 0.165298, 0.00275496666667, 4.59161111111e-05
338, 0.298738, 0.00497896666667, 8.29827777778e-05
339, 0.16629, 0.0027715, 4.61916666667e-05
340, 0.160971, 0.00268285, 4.47141666667e-05
341, 0.231653, 0.00386088333333, 6.43480555556e-05
342, 0.263944, 0.00439906666667, 7.33177777778e-05
343, 0.140516, 0.00234193333333, 3.90322222222e-05
344, 0.478298, 0.00797163333333, 0.000132860555556
345, 0.334472, 0.00557453333333, 9.29088888889e-05
346, 0.670895, 0.0111815833333, 0.000186359722222
347, 0.209809, 0.00349681666667, 5.82802777778e-05
348, 0.232741, 0.00387901666667, 6.46502777778e-05
349, 0.227785, 0.00379641666667, 6.32736111111e-05
350, 0.150343, 0.00250571666667, 4.17619444444e-05
351, 0.155111, 0.00258518333333, 4.30863888889e-05
352, 0.156027, 0.00260045, 4.33408333333e-05
353, 0.150509, 0.00250848333333, 4.18080555556e-05
354, 0.20005, 0.00333416666667, 5.55694444444e-05
355, 0.211927, 0.00353211666667, 5.88686111111e-05
356, 0.180133, 0.00300221666667, 5.00369444444e-05
357, 0.299298, 0.0049883, 8.31383333333e-05
358, 0.213975, 0.00356625, 5.94375e-05
359, 0.315208, 0.00525346666667, 8.75577777778e-05
360, 0.192495, 0.00320825, 5.34708333333e-05
361, 0.157406, 0.00262343333333, 4.37238888889e-05
362, 0.145711, 0.00242851666667, 4.04752777778e-05
363, 0.197998, 0.00329996666667, 5.49994444444e-05
364, 0.263059, 0.00438431666667, 7.30719444444e-05
365, 0.255035, 0.00425058333333, 7.08430555556e-05
366, 1.083054, 0.0180509, 0.000300848333333
367, 0.218117, 0.00363528333333, 6.05880555556e-05
368, 0.170699, 0.00284498333333, 4.74163888889e-05
369, 0.326697, 0.00544495, 9.07491666667e-05
370, 0.176306, 0.00293843333333, 4.89738888889e-05
371, 0.165216, 0.0027536, 4.58933333333e-05
372, 0.472252, 0.00787086666667, 0.000131181111111
373, 1.913693, 0.0318948833333, 0.000531581388889
374, 0.272153, 0.00453588333333, 7.55980555556e-05
375, 0.145114, 0.00241856666667, 4.03094444444e-05
376, 0.200611, 0.00334351666667, 5.57252777778e-05
377, 0.183848, 0.00306413333333, 5.10688888889e-05
378, 0.238146, 0.0039691, 6.61516666667e-05
379, 0.185922, 0.0030987, 5.1645e-05
380, 0.319989, 0.00533315, 8.88858333333e-05
381, 0.280995, 0.00468325, 7.80541666667e-05
382, 0.212636, 0.00354393333333, 5.90655555556e-05
383, 0.238094, 0.00396823333333, 6.61372222222e-05
384, 0.192064, 0.00320106666667, 5.33511111111e-05
385, 0.40986, 0.006831, 0.00011385
386, 0.342576, 0.0057096, 9.516e-05
387, 0.149508, 0.0024918, 4.153e-05
388, 0.207991, 0.00346651666667, 5.77752777778e-05
389, 0.346, 0.00576666666667, 9.61111111111e-05
390, 0.253105, 0.00421841666667, 7.03069444444e-05
391, 1.65236, 0.0275393333333, 0.000458988888889
392, 0.166926, 0.0027821, 4.63683333333e-05
393, 0.309066, 0.0051511, 8.58516666667e-05
394, 0.740214, 0.0123369, 0.000205615
395, 0.166932, 0.0027822, 4.637e-05
396, 0.166519, 0.00277531666667, 4.62552777778e-05
397, 0.215771, 0.00359618333333, 5.99363888889e-05
398, 0.29846, 0.00497433333333, 8.29055555556e-05
399, 0.253731, 0.00422885, 7.04808333333e-05
400, 0.192265, 0.00320441666667, 5.34069444444e-05
