001, 0.518013, 0.00863355, 0.0001438925
002, 0.401755, 0.00669591666667, 0.000111598611111
003, 0.426755, 0.00711258333333, 0.000118543055556
004, 0.288691, 0.00481151666667, 8.01919444444e-05
005, 0.304336, 0.00507226666667, 8.45377777778e-05
006, 1.253178, 0.0208863, 0.000348105
007, 0.326823, 0.00544705, 9.07841666667e-05
008, 0.377991, 0.00629985, 0.0001049975
009, 0.381511, 0.00635851666667, 0.000105975277778
010, 0.396217, 0.00660361666667, 0.000110060277778
011, 0.708616, 0.0118102666667, 0.000196837777778
012, 0.307992, 0.0051332, 8.55533333333e-05
013, 0.429185, 0.00715308333333, 0.000119218055556
014, 0.327849, 0.00546415, 9.10691666667e-05
015, 0.383684, 0.00639473333333, 0.000106578888889
016, 0.631053, 0.01051755, 0.0001752925
017, 0.671575, 0.0111929166667, 0.000186548611111
018, 0.37222, 0.00620366666667, 0.000103394444444
019, 0.407415, 0.00679025, 0.000113170833333
020, 0.327218, 0.00545363333333, 9.08938888889e-05
021, 0.891542, 0.0148590333333, 0.000247650555556
022, 0.344392, 0.00573986666667, 9.56644444444e-05
023, 0.321576, 0.0053596, 8.93266666667e-05
024, 0.469175, 0.00781958333333, 0.000130326388889
025, 0.76623, 0.0127705, 0.000212841666667
026, 0.367488, 0.0061248, 0.00010208
027, 0.319611, 0.00532685, 8.87808333333e-05
028, 0.435516, 0.0072586, 0.000120976666667
029, 0.635193, 0.01058655, 0.0001764425
030, 0.321027, 0.00535045, 8.91741666667e-05
031, 0.324766, 0.00541276666667, 9.02127777778e-05
032, 0.327428, 0.00545713333333, 9.09522222222e-05
033, 0.385439, 0.00642398333333, 0.000107066388889
034, 0.321755, 0.00536258333333, 8.93763888889e-05
035, 0.316916, 0.00528193333333, 8.80322222222e-05
036, 1.075564, 0.0179260666667, 0.000298767777778
037, 0.410099, 0.00683498333333, 0.000113916388889
038, 0.442497, 0.00737495, 0.000122915833333
039, 0.366947, 0.00611578333333, 0.000101929722222
040, 0.356287, 0.00593811666667, 9.89686111111e-05
041, 0.439412, 0.00732353333333, 0.000122058888889
042, 0.372843, 0.00621405, 0.0001035675
043, 0.308061, 0.00513435, 8.55725e-05
044, 0.30266, 0.00504433333333, 8.40722222222e-05
045, 0.311882, 0.00519803333333, 8.66338888889e-05
046, 0.335236, 0.00558726666667, 9.31211111111e-05
047, 0.316553, 0.00527588333333, 8.79313888889e-05
048, 0.323141, 0.00538568333333, 8.97613888889e-05
049, 0.568023, 0.00946705, 0.000157784166667
050, 0.63062, 0.0105103333333, 0.000175172222222
051, 0.31984, 0.00533066666667, 8.88444444444e-05
052, 0.580974, 0.0096829, 0.000161381666667
053, 0.413619, 0.00689365, 0.000114894166667
054, 0.35616, 0.005936, 9.89333333333e-05
055, 0.29969, 0.00499483333333, 8.32472222222e-05
056, 1.695701, 0.0282616833333, 0.000471028055556
057, 0.345377, 0.00575628333333, 9.59380555556e-05
058, 1.33418, 0.0222363333333, 0.000370605555556
059, 0.301743, 0.00502905, 8.38175e-05
060, 0.356279, 0.00593798333333, 9.89663888889e-05
061, 0.361595, 0.00602658333333, 0.000100443055556
062, 0.463211, 0.00772018333333, 0.000128669722222
063, 0.336183, 0.00560305, 9.33841666667e-05
064, 0.37744, 0.00629066666667, 0.000104844444444
065, 0.381497, 0.00635828333333, 0.000105971388889
066, 0.373907, 0.00623178333333, 0.000103863055556
067, 0.378461, 0.00630768333333, 0.000105128055556
068, 0.369233, 0.00615388333333, 0.000102564722222
069, 0.315122, 0.00525203333333, 8.75338888889e-05
070, 0.325454, 0.00542423333333, 9.04038888889e-05
071, 0.602479, 0.0100413166667, 0.000167355277778
072, 1.482161, 0.0247026833333, 0.000411711388889
073, 0.330971, 0.00551618333333, 9.19363888889e-05
074, 0.403362, 0.0067227, 0.000112045
075, 0.495845, 0.00826408333333, 0.000137734722222
076, 0.337884, 0.0056314, 9.38566666667e-05
077, 0.356059, 0.00593431666667, 9.89052777778e-05
078, 0.505161, 0.00841935, 0.0001403225
079, 0.483417, 0.00805695, 0.0001342825
080, 0.298203, 0.00497005, 8.28341666667e-05
081, 0.504934, 0.00841556666667, 0.000140259444444
082, 0.319397, 0.00532328333333, 8.87213888889e-05
083, 0.575013, 0.00958355, 0.000159725833333
084, 0.30172, 0.00502866666667, 8.38111111111e-05
085, 0.30306, 0.005051, 8.41833333333e-05
086, 0.917919, 0.01529865, 0.0002549775
087, 0.324335, 0.00540558333333, 9.00930555556e-05
088, 0.65892, 0.010982, 0.000183033333333
089, 0.305789, 0.00509648333333, 8.49413888889e-05
090, 0.589281, 0.00982135, 0.000163689166667
091, 0.437859, 0.00729765, 0.0001216275
092, 0.875105, 0.0145850833333, 0.000243084722222
093, 0.53686, 0.00894766666667, 0.000149127777778
094, 0.304904, 0.00508173333333, 8.46955555556e-05
095, 0.30156, 0.005026, 8.37666666667e-05
096, 0.903463, 0.0150577166667, 0.000250961944444
097, 0.30076, 0.00501266666667, 8.35444444444e-05
098, 0.372389, 0.00620648333333, 0.000103441388889
099, 0.31077, 0.0051795, 8.6325e-05
100, 0.533878, 0.00889796666667, 0.000148299444444
101, 0.304224, 0.0050704, 8.45066666667e-05
102, 0.473213, 0.00788688333333, 0.000131448055556
103, 0.300876, 0.0050146, 8.35766666667e-05
104, 0.310789, 0.00517981666667, 8.63302777778e-05
105, 0.315534, 0.0052589, 8.76483333333e-05
106, 0.610029, 0.01016715, 0.0001694525
107, 0.386416, 0.00644026666667, 0.000107337777778
108, 0.293047, 0.00488411666667, 8.14019444444e-05
109, 0.350518, 0.00584196666667, 9.73661111111e-05
110, 0.333966, 0.0055661, 9.27683333333e-05
111, 0.30892, 0.00514866666667, 8.58111111111e-05
112, 0.319639, 0.00532731666667, 8.87886111111e-05
113, 0.302721, 0.00504535, 8.40891666667e-05
114, 0.42427, 0.00707116666667, 0.000117852777778
115, 0.388636, 0.00647726666667, 0.000107954444444
116, 0.301788, 0.0050298, 8.383e-05
117, 0.362907, 0.00604845, 0.0001008075
118, 0.297038, 0.00495063333333, 8.25105555556e-05
119, 0.297389, 0.00495648333333, 8.26080555556e-05
120, 0.297192, 0.0049532, 8.25533333333e-05
121, 0.3329, 0.00554833333333, 9.24722222222e-05
122, 0.465896, 0.00776493333333, 0.000129415555556
123, 0.313451, 0.00522418333333, 8.70697222222e-05
124, 0.31694, 0.00528233333333, 8.80388888889e-05
125, 0.290752, 0.00484586666667, 8.07644444444e-05
126, 0.293694, 0.0048949, 8.15816666667e-05
127, 0.343399, 0.00572331666667, 9.53886111111e-05
128, 0.29915, 0.00498583333333, 8.30972222222e-05
129, 0.312594, 0.0052099, 8.68316666667e-05
130, 0.299983, 0.00499971666667, 8.33286111111e-05
131, 0.340527, 0.00567545, 9.45908333333e-05
132, 0.287732, 0.00479553333333, 7.99255555556e-05
133, 0.296775, 0.00494625, 8.24375e-05
134, 0.300921, 0.00501535, 8.35891666667e-05
135, 0.795259, 0.0132543166667, 0.000220905277778
136, 0.361357, 0.00602261666667, 0.000100376944444
137, 0.86644, 0.0144406666667, 0.000240677777778
138, 0.53383, 0.00889716666667, 0.000148286111111
139, 0.362292, 0.0060382, 0.000100636666667
140, 0.305924, 0.00509873333333, 8.49788888889e-05
141, 0.318453, 0.00530755, 8.84591666667e-05
142, 0.497618, 0.00829363333333, 0.000138227222222
143, 0.321443, 0.00535738333333, 8.92897222222e-05
144, 0.297295, 0.00495491666667, 8.25819444444e-05
145, 0.352418, 0.00587363333333, 9.78938888889e-05
146, 0.307565, 0.00512608333333, 8.54347222222e-05
147, 0.29901, 0.0049835, 8.30583333333e-05
148, 0.293377, 0.00488961666667, 8.14936111111e-05
149, 0.364134, 0.0060689, 0.000101148333333
150, 0.428679, 0.00714465, 0.0001190775
151, 0.327791, 0.00546318333333, 9.10530555556e-05
152, 0.322768, 0.00537946666667, 8.96577777778e-05
153, 0.382167, 0.00636945, 0.0001061575
154, 0.36524, 0.00608733333333, 0.000101455555556
155, 0.32716, 0.00545266666667, 9.08777777778e-05
156, 0.316973, 0.00528288333333, 8.80480555556e-05
157, 0.30295, 0.00504916666667, 8.41527777778e-05
158, 0.575064, 0.0095844, 0.00015974
159, 0.465752, 0.00776253333333, 0.000129375555556
160, 0.370654, 0.00617756666667, 0.000102959444444
161, 0.435753, 0.00726255, 0.0001210425
162, 0.289359, 0.00482265, 8.03775e-05
163, 0.475799, 0.00792998333333, 0.000132166388889
164, 0.501669, 0.00836115, 0.0001393525
165, 0.724845, 0.01208075, 0.000201345833333
166, 0.449601, 0.00749335, 0.000124889166667
167, 0.303319, 0.00505531666667, 8.42552777778e-05
168, 0.301445, 0.00502408333333, 8.37347222222e-05
169, 1.039161, 0.01731935, 0.000288655833333
170, 0.331256, 0.00552093333333, 9.20155555556e-05
171, 0.309022, 0.00515036666667, 8.58394444444e-05
172, 0.344712, 0.0057452, 9.57533333333e-05
173, 0.310946, 0.00518243333333, 8.63738888889e-05
174, 0.305355, 0.00508925, 8.48208333333e-05
175, 0.310562, 0.00517603333333, 8.62672222222e-05
176, 0.343174, 0.00571956666667, 9.53261111111e-05
177, 0.879559, 0.0146593166667, 0.000244321944444
178, 0.348561, 0.00580935, 9.68225e-05
179, 0.310678, 0.00517796666667, 8.62994444444e-05
180, 0.372209, 0.00620348333333, 0.000103391388889
181, 0.377151, 0.00628585, 0.000104764166667
182, 0.294928, 0.00491546666667, 8.19244444444e-05
183, 0.345307, 0.00575511666667, 9.59186111111e-05
184, 0.343741, 0.00572901666667, 9.54836111111e-05
185, 0.906097, 0.0151016166667, 0.000251693611111
186, 0.746406, 0.0124401, 0.000207335
187, 0.468171, 0.00780285, 0.0001300475
188, 0.46346, 0.00772433333333, 0.000128738888889
189, 0.685488, 0.0114248, 0.000190413333333
190, 0.442832, 0.00738053333333, 0.000123008888889
191, 0.663339, 0.01105565, 0.000184260833333
192, 0.419599, 0.00699331666667, 0.000116555277778
193, 0.297765, 0.00496275, 8.27125e-05
194, 0.376856, 0.00628093333333, 0.000104682222222
195, 0.296073, 0.00493455, 8.22425e-05
196, 0.330598, 0.00550996666667, 9.18327777778e-05
197, 0.297663, 0.00496105, 8.26841666667e-05
198, 0.292403, 0.00487338333333, 8.12230555556e-05
199, 0.352652, 0.00587753333333, 9.79588888889e-05
200, 0.315476, 0.00525793333333, 8.76322222222e-05
201, 0.308832, 0.0051472, 8.57866666667e-05
202, 0.294911, 0.00491518333333, 8.19197222222e-05
203, 0.368232, 0.0061372, 0.000102286666667
204, 0.313088, 0.00521813333333, 8.69688888889e-05
205, 0.30446, 0.00507433333333, 8.45722222222e-05
206, 0.283895, 0.00473158333333, 7.88597222222e-05
207, 0.294294, 0.0049049, 8.17483333333e-05
208, 0.384544, 0.00640906666667, 0.000106817777778
209, 0.295249, 0.00492081666667, 8.20136111111e-05
210, 0.447017, 0.00745028333333, 0.000124171388889
211, 0.477195, 0.00795325, 0.000132554166667
212, 0.314982, 0.0052497, 8.7495e-05
213, 0.298531, 0.00497551666667, 8.29252777778e-05
214, 0.30155, 0.00502583333333, 8.37638888889e-05
215, 0.308172, 0.0051362, 8.56033333333e-05
216, 0.460036, 0.00766726666667, 0.000127787777778
217, 0.324823, 0.00541371666667, 9.02286111111e-05
218, 0.536834, 0.00894723333333, 0.000149120555556
219, 0.450772, 0.00751286666667, 0.000125214444444
220, 0.355092, 0.0059182, 9.86366666667e-05
221, 0.369907, 0.00616511666667, 0.000102751944444
222, 0.334784, 0.00557973333333, 9.29955555556e-05
223, 0.389111, 0.00648518333333, 0.000108086388889
224, 0.342241, 0.00570401666667, 9.50669444444e-05
225, 0.316122, 0.0052687, 8.78116666667e-05
226, 0.327279, 0.00545465, 9.09108333333e-05
227, 0.31049, 0.00517483333333, 8.62472222222e-05
228, 0.628382, 0.0104730333333, 0.000174550555556
229, 0.374008, 0.00623346666667, 0.000103891111111
230, 2.300072, 0.0383345333333, 0.000638908888889
231, 0.302086, 0.00503476666667, 8.39127777778e-05
232, 0.309687, 0.00516145, 8.60241666667e-05
233, 0.336923, 0.00561538333333, 9.35897222222e-05
234, 0.368079, 0.00613465, 0.000102244166667
235, 0.329123, 0.00548538333333, 9.14230555556e-05
236, 0.420141, 0.00700235, 0.000116705833333
237, 0.298341, 0.00497235, 8.28725e-05
238, 0.388769, 0.00647948333333, 0.000107991388889
239, 2.773071, 0.04621785, 0.0007702975
240, 0.441834, 0.0073639, 0.000122731666667
241, 0.317133, 0.00528555, 8.80925e-05
242, 0.316119, 0.00526865, 8.78108333333e-05
243, 0.328805, 0.00548008333333, 9.13347222222e-05
244, 0.313714, 0.00522856666667, 8.71427777778e-05
245, 0.308747, 0.00514578333333, 8.57630555556e-05
246, 0.380615, 0.00634358333333, 0.000105726388889
247, 0.438898, 0.00731496666667, 0.000121916111111
248, 0.439683, 0.00732805, 0.000122134166667
249, 0.304181, 0.00506968333333, 8.44947222222e-05
250, 0.457545, 0.00762575, 0.000127095833333
251, 0.322048, 0.00536746666667, 8.94577777778e-05
252, 0.52553, 0.00875883333333, 0.000145980555556
253, 0.88391, 0.0147318333333, 0.000245530555556
254, 0.402011, 0.00670018333333, 0.000111669722222
255, 0.817, 0.0136166666667, 0.000226944444444
256, 0.539398, 0.00898996666667, 0.000149832777778
257, 0.338138, 0.00563563333333, 9.39272222222e-05
258, 0.358447, 0.00597411666667, 9.95686111111e-05
259, 0.462399, 0.00770665, 0.000128444166667
260, 0.755206, 0.0125867666667, 0.000209779444444
261, 0.303092, 0.00505153333333, 8.41922222222e-05
262, 0.352715, 0.00587858333333, 9.79763888889e-05
263, 0.359013, 0.00598355, 9.97258333333e-05
264, 0.3487, 0.00581166666667, 9.68611111111e-05
265, 0.949119, 0.01581865, 0.000263644166667
266, 0.412005, 0.00686675, 0.000114445833333
267, 0.385162, 0.00641936666667, 0.000106989444444
268, 0.505372, 0.00842286666667, 0.000140381111111
269, 0.309511, 0.00515851666667, 8.59752777778e-05
270, 0.313996, 0.00523326666667, 8.72211111111e-05
271, 0.31234, 0.00520566666667, 8.67611111111e-05
272, 0.306617, 0.00511028333333, 8.51713888889e-05
273, 0.317858, 0.00529763333333, 8.82938888889e-05
274, 0.606847, 0.0101141166667, 0.000168568611111
275, 0.33737, 0.00562283333333, 9.37138888889e-05
276, 1.332561, 0.02220935, 0.000370155833333
277, 0.319592, 0.00532653333333, 8.87755555556e-05
278, 0.369607, 0.00616011666667, 0.000102668611111
279, 0.442485, 0.00737475, 0.0001229125
280, 0.508159, 0.00846931666667, 0.000141155277778
281, 0.823566, 0.0137261, 0.000228768333333
282, 0.345216, 0.0057536, 9.58933333333e-05
283, 0.322344, 0.0053724, 8.954e-05
284, 0.381457, 0.00635761666667, 0.000105960277778
285, 0.762736, 0.0127122666667, 0.000211871111111
286, 0.490526, 0.00817543333333, 0.000136257222222
287, 0.386623, 0.00644371666667, 0.000107395277778
288, 0.334694, 0.00557823333333, 9.29705555556e-05
289, 0.312539, 0.00520898333333, 8.68163888889e-05
290, 0.408914, 0.00681523333333, 0.000113587222222
291, 0.335642, 0.00559403333333, 9.32338888889e-05
292, 0.669059, 0.0111509833333, 0.000185849722222
293, 0.595828, 0.00993046666667, 0.000165507777778
294, 0.322954, 0.00538256666667, 8.97094444444e-05
295, 0.560292, 0.0093382, 0.000155636666667
296, 0.822093, 0.01370155, 0.000228359166667
297, 0.38061, 0.0063435, 0.000105725
298, 0.712046, 0.0118674333333, 0.000197790555556
299, 0.383128, 0.00638546666667, 0.000106424444444
300, 0.393315, 0.00655525, 0.000109254166667
301, 0.567795, 0.00946325, 0.000157720833333
302, 1.3076, 0.0217933333333, 0.000363222222222
303, 0.622916, 0.0103819333333, 0.000173032222222
304, 0.408311, 0.00680518333333, 0.000113419722222
305, 0.775488, 0.0129248, 0.000215413333333
306, 0.400528, 0.00667546666667, 0.000111257777778
307, 0.365782, 0.00609636666667, 0.000101606111111
308, 0.413879, 0.00689798333333, 0.000114966388889
309, 0.672338, 0.0112056333333, 0.000186760555556
310, 0.484264, 0.00807106666667, 0.000134517777778
311, 0.62243, 0.0103738333333, 0.000172897222222
312, 0.890755, 0.0148459166667, 0.000247431944444
313, 0.48938, 0.00815633333333, 0.000135938888889
314, 0.386923, 0.00644871666667, 0.000107478611111
315, 0.552755, 0.00921258333333, 0.000153543055556
316, 0.362112, 0.0060352, 0.000100586666667
317, 0.536179, 0.00893631666667, 0.000148938611111
318, 2.948083, 0.0491347166667, 0.000818911944444
319, 0.398532, 0.0066422, 0.000110703333333
320, 0.568367, 0.00947278333333, 0.000157879722222
321, 0.599081, 0.00998468333333, 0.000166411388889
322, 0.360986, 0.00601643333333, 0.000100273888889
323, 0.380817, 0.00634695, 0.0001057825
324, 0.373419, 0.00622365, 0.0001037275
325, 0.334784, 0.00557973333333, 9.29955555556e-05
326, 0.438611, 0.00731018333333, 0.000121836388889
327, 0.339242, 0.00565403333333, 9.42338888889e-05
328, 0.33735, 0.0056225, 9.37083333333e-05
329, 0.320603, 0.00534338333333, 8.90563888889e-05
330, 0.327256, 0.00545426666667, 9.09044444444e-05
331, 0.325156, 0.00541926666667, 9.03211111111e-05
332, 0.697603, 0.0116267166667, 0.000193778611111
333, 0.342286, 0.00570476666667, 9.50794444444e-05
334, 0.409879, 0.00683131666667, 0.000113855277778
335, 0.324298, 0.00540496666667, 9.00827777778e-05
336, 0.461628, 0.0076938, 0.00012823
337, 0.305296, 0.00508826666667, 8.48044444444e-05
338, 0.527402, 0.00879003333333, 0.000146500555556
339, 0.347699, 0.00579498333333, 9.65830555556e-05
340, 0.327515, 0.00545858333333, 9.09763888889e-05
341, 0.341454, 0.0056909, 9.48483333333e-05
342, 0.466626, 0.0077771, 0.000129618333333
343, 0.370956, 0.0061826, 0.000103043333333
344, 0.899653, 0.0149942166667, 0.000249903611111
345, 0.78662, 0.0131103333333, 0.000218505555556
346, 0.867786, 0.0144631, 0.000241051666667
347, 0.409767, 0.00682945, 0.000113824166667
348, 0.4299, 0.007165, 0.000119416666667
349, 0.414908, 0.00691513333333, 0.000115252222222
350, 0.421263, 0.00702105, 0.0001170175
351, 0.362291, 0.00603818333333, 0.000100636388889
352, 0.358647, 0.00597745, 9.96241666667e-05
353, 0.361609, 0.00602681666667, 0.000100446944444
354, 0.42253, 0.00704216666667, 0.000117369444444
355, 0.374208, 0.0062368, 0.000103946666667
356, 0.457205, 0.00762008333333, 0.000127001388889
357, 0.762518, 0.0127086333333, 0.000211810555556
358, 0.392479, 0.00654131666667, 0.000109021944444
359, 0.496971, 0.00828285, 0.0001380475
360, 0.39048, 0.006508, 0.000108466666667
361, 0.415489, 0.00692481666667, 0.000115413611111
362, 0.380818, 0.00634696666667, 0.000105782777778
363, 0.377356, 0.00628926666667, 0.000104821111111
364, 0.451224, 0.0075204, 0.00012534
365, 0.553697, 0.00922828333333, 0.000153804722222
366, 1.302357, 0.02170595, 0.000361765833333
367, 0.523888, 0.00873146666667, 0.000145524444444
368, 0.376329, 0.00627215, 0.000104535833333
369, 0.370783, 0.00617971666667, 0.000102995277778
370, 0.637036, 0.0106172666667, 0.000176954444444
371, 0.385297, 0.00642161666667, 0.000107026944444
372, 0.461535, 0.00769225, 0.000128204166667
373, 1.257724, 0.0209620666667, 0.000349367777778
374, 0.598591, 0.00997651666667, 0.000166275277778
375, 0.378612, 0.0063102, 0.00010517
376, 0.380629, 0.00634381666667, 0.000105730277778
377, 0.386243, 0.00643738333333, 0.000107289722222
378, 0.460707, 0.00767845, 0.000127974166667
379, 6.216437, 0.103607283333, 0.00172678805556
380, 0.604591, 0.0100765166667, 0.000167941944444
381, 0.382369, 0.00637281666667, 0.000106213611111
382, 0.362098, 0.00603496666667, 0.000100582777778
383, 0.602143, 0.0100357166667, 0.000167261944444
384, 0.344559, 0.00574265, 9.57108333333e-05
385, 0.42853, 0.00714216666667, 0.000119036111111
386, 0.55312, 0.00921866666667, 0.000153644444444
387, 0.33467, 0.00557783333333, 9.29638888889e-05
388, 0.397783, 0.00662971666667, 0.000110495277778
389, 1.472068, 0.0245344666667, 0.000408907777778
390, 0.404325, 0.00673875, 0.0001123125
391, 0.535369, 0.00892281666667, 0.000148713611111
392, 0.354513, 0.00590855, 9.84758333333e-05
393, 0.457912, 0.00763186666667, 0.000127197777778
394, 1.301644, 0.0216940666667, 0.000361567777778
395, 0.340962, 0.0056827, 9.47116666667e-05
396, 0.389775, 0.00649625, 0.000108270833333
397, 0.572195, 0.00953658333333, 0.000158943055556
398, 0.646325, 0.0107720833333, 0.000179534722222
399, 0.510123, 0.00850205, 0.000141700833333
400, 0.388077, 0.00646795, 0.000107799166667
