1, 171
2, 156
3, 159
4, 163
5, 237
6, 180
7, 201
8, 153
9, 239
10, 174
11, 155
12, 160
13, 207
14, 155
15, 368
16, 211
17, 154
18, 153
19, 156
20, 152
21, 152
22, 160
23, 153
24, 152
25, 218
26, 226
27, 157
28, 171
29, 154
30, 154
31, 152
32, 173
33, 154
34, 179
35, 159
36, 156
37, 809
38, 157
39, 166
40, 158
41, 153
42, 153
43, 151
44, 290
45, 180
46, 290
47, 207
48, 163
49, 157
50, 156
51, 151
52, 203
53, 182
54, 247
55, 152
56, 154
57, 267
58, 152
59, 316
60, 150
61, 174
62, 155
63, 160
64, 164
65, 177
66, 155
67, 182
68, 153
69, 162
70, 192
71, 448
72, 312
73, 153
74, 157
75, 155
76, 188
77, 249
78, 160
79, 202
80, 154
81, 169
82, 151
83, 154
84, 184
85, 197
86, 185
87, 303
88, 218
89, 156
90, 416
91, 160
92, 208
93, 268
94, 149
95, 168
96, 225
97, 159
98, 169
99, 634
100, 187
101, 187
102, 203
103, 201
104, 240
105, 193
106, 154
107, 154
108, 159
109, 167
110, 176
111, 162
112, 153
113, 156
114, 305
115, 157
116, 169
117, 155
118, 161
119, 257
120, 163
121, 162
122, 274
123, 174
124, 156
125, 161
126, 163
127, 419
128, 199
129, 287
130, 259
131, 164
132, 212
133, 247
134, 154
135, 154
136, 170
137, 163
138, 183
139, 203
140, 183
141, 196
142, 226
143, 154
144, 153
145, 156
146, 153
147, 189
148, 203
149, 176
150, 151
151, 235
152, 305
153, 441
154, 362
155, 150
156, 302
157, 179
158, 232
159, 376
160, 164
161, 196
162, 161
163, 291
164, 157
165, 153
166, 153
167, 292
168, 152
169, 202
170, 232
171, 207
172, 224
173, 260
174, 163
175, 215
176, 179
177, 210
178, 255
179, 364
180, 239
181, 198
182, 224
183, 158
184, 156
185, 155
186, 158
187, 161
188, 160
189, 222
190, 194
191, 243
192, 157
193, 160
194, 188
195, 154
196, 185
197, 214
198, 214
199, 155
200, 157
