1, 161
2, 138
3, 138
4, 155
5, 217
6, 168
7, 211
8, 141
9, 224
10, 155
11, 134
12, 138
13, 196
14, 138
15, 340
16, 211
17, 132
18, 132
19, 135
20, 132
21, 133
22, 140
23, 135
24, 134
25, 229
26, 204
27, 136
28, 153
29, 132
30, 134
31, 133
32, 162
33, 133
34, 153
35, 140
36, 135
37, 922
38, 157
39, 149
40, 137
41, 132
42, 132
43, 131
44, 346
45, 166
46, 270
47, 189
48, 169
49, 137
50, 135
51, 131
52, 191
53, 156
54, 324
55, 135
56, 143
57, 262
58, 132
59, 321
60, 130
61, 159
62, 133
63, 144
64, 148
65, 171
66, 135
67, 183
68, 137
69, 144
70, 171
71, 211
72, 304
73, 132
74, 139
75, 138
76, 191
77, 251
78, 144
79, 183
80, 133
81, 165
82, 131
83, 132
84, 171
85, 188
86, 162
87, 294
88, 209
89, 139
90, 398
91, 141
92, 201
93, 265
94, 129
95, 160
96, 221
97, 142
98, 158
99, 651
100, 217
101, 172
102, 191
103, 198
104, 215
105, 194
106, 134
107, 134
108, 161
109, 152
110, 164
111, 144
112, 132
113, 153
114, 325
115, 136
116, 156
117, 134
118, 162
119, 231
120, 152
121, 144
122, 284
123, 153
124, 137
125, 153
126, 156
127, 430
128, 197
129, 313
130, 300
131, 159
132, 200
133, 229
134, 148
135, 136
136, 164
137, 148
138, 185
139, 185
140, 201
141, 196
142, 203
143, 133
144, 133
145, 135
146, 135
147, 178
148, 189
149, 190
150, 131
151, 303
152, 354
153, 450
154, 384
155, 132
156, 304
157, 163
158, 224
159, 392
160, 150
161, 175
162, 144
163, 302
164, 141
165, 132
166, 140
167, 276
168, 131
169, 194
170, 215
171, 164
172, 217
173, 257
174, 148
175, 202
176, 162
177, 199
178, 242
179, 409
180, 196
181, 198
182, 200
183, 138
184, 148
185, 135
186, 137
187, 153
188, 151
189, 203
190, 196
191, 224
192, 136
193, 135
194, 173
195, 137
196, 182
197, 196
198, 219
199, 135
200, 136
