1, 163
2, 146
3, 148
4, 155
5, 222
6, 172
7, 209
8, 143
9, 238
10, 164
11, 144
12, 148
13, 200
14, 144
15, 354
16, 208
17, 142
18, 142
19, 145
20, 141
21, 141
22, 149
23, 143
24, 142
25, 221
26, 215
27, 146
28, 160
29, 143
30, 143
31, 142
32, 168
33, 143
34, 176
35, 149
36, 145
37, 865
38, 169
39, 158
40, 147
41, 141
42, 142
43, 140
44, 321
45, 173
46, 279
47, 204
48, 160
49, 146
50, 145
51, 140
52, 191
53, 168
54, 286
55, 142
56, 146
57, 266
58, 141
59, 322
60, 139
61, 167
62, 143
63, 151
64, 156
65, 174
66, 144
67, 184
68, 144
69, 152
70, 180
71, 412
72, 302
73, 141
74, 146
75, 146
76, 189
77, 248
78, 151
79, 192
80, 143
81, 166
82, 140
83, 142
84, 181
85, 195
86, 173
87, 293
88, 213
89, 146
90, 422
91, 150
92, 209
93, 265
94, 138
95, 160
96, 218
97, 150
98, 162
99, 629
100, 201
101, 176
102, 192
103, 195
104, 226
105, 195
106, 143
107, 143
108, 164
109, 157
110, 170
111, 152
112, 142
113, 155
114, 314
115, 145
116, 163
117, 144
118, 164
119, 243
120, 158
121, 152
122, 281
123, 163
124, 146
125, 157
126, 160
127, 423
128, 204
129, 300
130, 279
131, 157
132, 201
133, 235
134, 151
135, 144
136, 166
137, 155
138, 184
139, 195
140, 193
141, 198
142, 213
143, 143
144, 142
145, 145
146, 143
147, 181
148, 177
149, 182
150, 140
151, 271
152, 329
153, 444
154, 369
155, 140
156, 300
157, 168
158, 232
159, 384
160, 156
161, 184
162, 151
163, 297
164, 148
165, 142
166, 148
167, 285
168, 141
169, 197
170, 219
171, 170
172, 222
173, 257
174, 154
175, 207
176, 170
177, 209
178, 252
179, 387
180, 207
181, 199
182, 210
183, 147
184, 153
185, 144
186, 146
187, 156
188, 161
189, 213
190, 194
191, 231
192, 145
193, 148
194, 182
195, 143
196, 178
197, 204
198, 211
199, 144
200, 145
