1, 188
2, 184
3, 188
4, 183
5, 259
6, 205
7, 214
8, 182
9, 246
10, 202
11, 185
12, 191
13, 229
14, 184
15, 412
16, 212
17, 184
18, 184
19, 185
20, 180
21, 181
22, 189
23, 181
24, 180
25, 193
26, 253
27, 187
28, 198
29, 185
30, 183
31, 182
32, 195
33, 257
34, 203
35, 188
36, 185
37, 704
38, 185
39, 195
40, 190
41, 183
42, 182
43, 179
44, 219
45, 201
46, 323
47, 241
48, 184
49, 186
50, 185
51, 180
52, 228
53, 204
54, 242
55, 178
56, 180
57, 288
58, 181
59, 329
60, 178
61, 198
62, 186
63, 186
64, 190
65, 190
66, 184
67, 197
68, 180
69, 192
70, 222
71, 221
72, 335
73, 182
74, 185
75, 184
76, 203
77, 249
78, 181
79, 229
80, 183
81, 187
82, 181
83, 183
84, 212
85, 212
86, 217
87, 318
88, 239
89, 186
90, 351
91, 187
92, 225
93, 278
94, 177
95, 187
96, 237
97, 186
98, 189
99, 592
100, 200
101, 210
102, 215
103, 213
104, 276
105, 190
106, 183
107, 183
108, 184
109, 191
110, 200
111, 189
112, 182
113, 190
114, 294
115, 187
116, 191
117, 185
118, 182
119, 296
120, 183
121, 189
122, 279
123, 203
124, 184
125, 190
126, 185
127, 426
128, 191
129, 264
130, 223
131, 188
132, 229
133, 288
134, 180
135, 183
136, 196
137, 189
138, 213
139, 234
140, 199
141, 200
142, 259
143, 185
144, 182
145, 186
146, 182
147, 204
148, 201
149, 189
150, 183
151, 241
152, 275
153, 443
154, 342
155, 177
156, 295
157, 203
158, 246
159, 366
160, 191
161, 225
162, 188
163, 294
164, 183
165, 181
166, 180
167, 327
168, 181
169, 219
170, 245
171, 234
172, 220
173, 289
174, 188
175, 235
176, 204
177, 226
178, 277
179, 322
180, 233
181, 218
182, 259
183, 187
184, 183
185, 184
186, 188
187, 184
188, 179
189, 246
190, 206
191, 275
192, 186
193, 189
194, 212
195, 183
196, 196
197, 240
198, 242
199, 185
200, 188
