1, 204
2, 205
3, 207
4, 202
5, 265
6, 225
7, 212
8, 201
9, 252
10, 222
11, 205
12, 212
13, 235
14, 203
15, 442
16, 222
17, 204
18, 204
19, 205
20, 199
21, 200
22, 210
23, 199
24, 198
25, 209
26, 260
27, 206
28, 218
29, 205
30, 202
31, 202
32, 212
33, 212
34, 217
35, 208
36, 206
37, 658
38, 201
39, 213
40, 211
41, 203
42, 202
43, 199
44, 208
45, 221
46, 345
47, 252
48, 203
49, 206
50, 205
51, 199
52, 250
53, 213
54, 277
55, 197
56, 198
57, 291
58, 201
59, 323
60, 197
61, 213
62, 207
63, 204
64, 208
65, 204
66, 203
67, 214
68, 199
69, 213
70, 242
71, 490
72, 355
73, 201
74, 203
75, 204
76, 219
77, 252
78, 199
79, 247
80, 203
81, 205
82, 200
83, 203
84, 230
85, 228
86, 261
87, 323
88, 251
89, 206
90, 332
91, 206
92, 239
93, 288
94, 196
95, 204
96, 258
97, 205
98, 206
99, 577
100, 220
101, 229
102, 226
103, 216
104, 303
105, 205
106, 202
107, 202
108, 202
109, 209
110, 217
111, 208
112, 203
113, 209
114, 293
115, 206
116, 208
117, 204
118, 200
119, 323
120, 201
121, 208
122, 290
123, 222
124, 204
125, 210
126, 202
127, 440
128, 210
129, 273
130, 215
131, 207
132, 238
133, 303
134, 200
135, 202
136, 216
137, 206
138, 219
139, 256
140, 212
141, 207
142, 282
143, 205
144, 201
145, 206
146, 201
147, 213
148, 214
149, 207
150, 201
151, 258
152, 246
153, 450
154, 329
155, 195
156, 299
157, 220
158, 260
159, 362
160, 210
161, 246
162, 207
163, 292
164, 202
165, 201
166, 198
167, 348
168, 200
169, 232
170, 309
171, 223
172, 218
173, 309
174, 206
175, 245
176, 221
177, 229
178, 301
179, 303
180, 247
181, 234
182, 284
183, 207
184, 201
185, 204
186, 208
187, 202
188, 197
189, 265
190, 218
191, 293
192, 206
193, 208
194, 226
195, 203
196, 208
197, 253
198, 258
199, 205
200, 209
