1, 250
2, 253
3, 187
4, 158
5, 763
6, 142
7, 99
8, 219
9, 155
10, 257
11, 240
12, 271
13, 237
14, 177
15, 334
16, 422
17, 233
18, 835
19, 944
20, 653
21, 502
22, 592
23, 449
24, 279
25, 148
26, 299
27, 262
28, 278
29, 829
30, 126
31, 218
32, 200
33, 105
34, 96
35, 131
36, 198
37, 176
38, 225
39, 253
40, 98
41, 245
42, 152
43, 375
44, 199
45, 348
46, 199
47, 437
48, 196
49, 153
50, 601
51, 295
52, 363
53, 139
54, 114
55, 1199
56, 171
57, 151
58, 294
59, 112
60, 718
61, 418
62, 487
63, 379
64, 471
65, 485
66, 120
67, 128
68, 199
69, 216
70, 152
71, 271
72, 200
73, 377
74, 730
75, 329
76, 333
77, 499
78, 271
79, 156
80, 91
81, 128
82, 331
83, 248
84, 381
85, 111
86, 165
87, 190
88, 155
89, 168
90, 297
91, 400
92, 414
93, 428
94, 104
95, 345
96, 132
97, 344
98, 314
99, 243
100, 171
101, 376
102, 208
103, 244
104, 157
105, 174
106, 275
107, 99
108, 212
109, 225
110, 86
111, 130
112, 207
113, 180
114, 198
115, 577
116, 866
117, 128
118, 273
119, 496
120, 229
121, 482
122, 225
123, 239
124, 140
125, 946
126, 143
127, 397
128, 689
129, 294
130, 254
131, 332
132, 404
133, 378
134, 737
135, 222
136, 327
137, 176
138, 293
139, 291
140, 167
141, 78
142, 136
143, 157
144, 126
145, 509
146, 333
147, 446
148, 552
149, 264
150, 455
