1, 201
2, 401
3, 324
4, 151
5, 485
6, 162
7, 105
8, 215
9, 139
10, 184
11, 475
12, 189
13, 199
14, 298
15, 313
16, 841
17, 191
18, 612
19, 571
20, 604
21, 199
22, 163
23, 1773
24, 280
25, 125
26, 341
27, 336
28, 261
29, 634
30, 149
31, 244
32, 163
33, 109
34, 90
35, 134
36, 113
37, 150
38, 244
39, 333
40, 99
41, 293
42, 141
43, 297
44, 249
45, 308
46, 163
47, 237
48, 178
49, 146
50, 275
51, 272
52, 270
53, 440
54, 114
55, 841
56, 150
57, 132
58, 223
59, 97
60, 649
61, 350
62, 412
63, 134
64, 368
65, 378
66, 112
67, 107
68, 153
69, 171
70, 151
71, 326
72, 181
73, 420
74, 277
75, 329
76, 270
77, 293
78, 299
79, 139
80, 82
81, 109
82, 287
83, 198
84, 248
85, 116
86, 188
87, 157
88, 148
89, 219
90, 231
91, 445
92, 272
93, 389
94, 106
95, 227
96, 125
97, 281
98, 261
99, 188
100, 189
101, 252
102, 197
103, 227
104, 145
105, 141
106, 273
107, 91
108, 176
109, 298
110, 84
111, 119
112, 165
113, 182
114, 163
115, 197
116, 500
117, 136
118, 341
119, 167
120, 204
121, 331
122, 162
123, 253
124, 123
125, 239
126, 155
127, 410
128, 362
129, 517
130, 207
131, 379
132, 350
133, 307
134, 594
135, 209
136, 272
137, 185
138, 352
139, 259
140, 152
141, 80
142, 147
143, 133
144, 118
145, 477
146, 623
147, 289
148, 270
149, 414
150, 325
