1, 198
2, 803
3, 128
4, 121
5, 483
6, 127
7, 99
8, 160
9, 124
10, 221
11, 163
12, 260
13, 239
14, 141
15, 233
16, 338
17, 177
18, 656
19, 326
20, 349
21, 194
22, 356
23, 786
24, 225
25, 119
26, 238
27, 238
28, 234
29, 236
30, 118
31, 194
32, 153
33, 102
34, 100
35, 117
36, 98
37, 138
38, 171
39, 656
40, 99
41, 162
42, 129
43, 252
44, 235
45, 131
46, 152
47, 211
48, 160
49, 116
50, 300
51, 206
52, 523
53, 114
54, 102
55, 677
56, 131
57, 186
58, 167
59, 99
60, 316
61, 283
62, 524
63, 114
64, 451
65, 459
66, 99
67, 100
68, 117
69, 160
70, 132
71, 194
72, 168
73, 300
74, 286
75, 312
76, 138
77, 396
78, 355
79, 171
80, 99
81, 100
82, 255
83, 167
84, 273
85, 107
86, 186
87, 139
88, 120
89, 138
90, 150
91, 418
92, 224
93, 262
94, 100
95, 636
96, 110
97, 217
98, 251
99, 204
100, 138
101, 294
102, 148
103, 150
104, 116
105, 130
106, 208
107, 100
108, 185
109, 167
110, 98
111, 107
112, 159
113, 447
114, 147
115, 230
116, 429
117, 110
118, 136
119, 404
120, 160
121, 330
122, 216
123, 242
124, 125
125, 174
126, 181
127, 284
128, 226
129, 229
130, 133
131, 235
132, 299
133, 238
134, 242
135, 152
136, 242
137, 143
138, 158
139, 211
140, 115
141, 98
142, 164
143, 145
144, 104
145, 283
146, 189
147, 199
148, 374
149, 271
150, 249
