1, 310
2, 308
3, 308
4, 308
5, 314
6, 308
7, 308
8, 308
9, 306
10, 327
11, 307
12, 307
13, 307
14, 305
15, 307
16, 306
17, 307
18, 492
19, 306
20, 309
21, 308
22, 308
23, 306
24, 310
25, 307
26, 306
27, 307
28, 308
29, 307
30, 308
31, 307
32, 308
33, 307
34, 306
35, 307
36, 307
37, 307
38, 306
39, 307
40, 307
41, 307
42, 307
43, 306
44, 309
45, 307
46, 307
47, 306
48, 307
49, 307
50, 309
51, 308
52, 306
53, 309
54, 307
55, 380
56, 308
57, 307
58, 308
59, 309
60, 305
61, 307
62, 308
63, 308
64, 330
65, 306
66, 307
67, 309
68, 307
69, 308
70, 307
71, 307
72, 307
73, 380
74, 310
75, 308
76, 306
77, 308
78, 306
79, 305
80, 308
81, 309
82, 307
83, 308
84, 307
85, 308
86, 307
87, 307
88, 308
89, 310
90, 311
91, 307
92, 312
93, 307
94, 306
95, 308
96, 308
97, 306
98, 307
99, 307
100, 308
101, 307
102, 310
103, 309
104, 306
105, 307
106, 307
107, 309
108, 306
109, 308
110, 307
111, 307
112, 308
113, 320
114, 307
115, 306
116, 351
117, 308
118, 306
119, 306
120, 308
121, 307
122, 306
123, 307
124, 308
125, 308
126, 313
127, 306
128, 307
129, 307
130, 308
131, 311
132, 307
133, 308
134, 307
135, 308
136, 309
137, 308
138, 307
139, 307
140, 309
141, 307
142, 307
143, 307
144, 308
145, 307
146, 308
147, 377
148, 308
149, 305
150, 307
