1, 572
2, 331
3, 219
4, 134
5, 471
6, 143
7, 97
8, 250
9, 159
10, 294
11, 307
12, 430
13, 308
14, 173
15, 413
16, 528
17, 242
18, 775
19, 375
20, 604
21, 275
22, 366
23, 407
24, 233
25, 128
26, 379
27, 234
28, 216
29, 941
30, 160
31, 271
32, 169
33, 99
34, 120
35, 143
36, 114
37, 160
38, 225
39, 176
40, 94
41, 545
42, 145
43, 561
44, 373
45, 607
46, 178
47, 230
48, 289
49, 142
50, 1037
51, 242
52, 439
53, 111
54, 123
55, 1160
56, 141
57, 151
58, 345
59, 103
60, 527
61, 366
62, 581
63, 136
64, 485
65, 416
66, 102
67, 113
68, 134
69, 166
70, 151
71, 258
72, 184
73, 228
74, 366
75, 305
76, 186
77, 253
78, 278
79, 152
80, 88
81, 110
82, 266
83, 201
84, 236
85, 116
86, 169
87, 154
88, 132
89, 170
90, 210
91, 420
92, 272
93, 315
94, 114
95, 202
96, 122
97, 213
98, 576
99, 448
100, 202
101, 261
102, 215
103, 195
104, 414
105, 130
106, 206
107, 89
108, 262
109, 235
110, 83
111, 101
112, 179
113, 178
114, 146
115, 420
116, 310
117, 132
118, 229
119, 204
120, 175
121, 443
122, 200
123, 322
124, 144
125, 196
126, 203
127, 311
128, 188
129, 256
130, 171
131, 280
132, 325
133, 253
134, 448
135, 269
136, 223
137, 171
138, 236
139, 215
140, 132
141, 83
142, 157
143, 145
144, 133
145, 440
146, 346
147, 493
148, 4456
149, 360
150, 251
