1, 204
2, 228
3, 173
4, 131
5, 493
6, 150
7, 114
8, 177
9, 153
10, 410
11, 197
12, 188
13, 183
14, 332
15, 277
16, 824
17, 234
18, 588
19, 1069
20, 604
21, 195
22, 444
23, 1381
24, 218
25, 137
26, 254
27, 322
28, 249
29, 215
30, 222
31, 266
32, 167
33, 137
34, 88
35, 138
36, 104
37, 135
38, 211
39, 236
40, 102
41, 232
42, 141
43, 675
44, 207
45, 263
46, 149
47, 229
48, 242
49, 141
50, 526
51, 201
52, 400
53, 173
54, 97
55, 785
56, 171
57, 159
58, 414
59, 115
60, 609
61, 332
62, 448
63, 290
64, 629
65, 389
66, 101
67, 112
68, 127
69, 174
70, 153
71, 389
72, 155
73, 222
74, 198
75, 344
76, 359
77, 927
78, 239
79, 148
80, 86
81, 93
82, 303
83, 187
84, 232
85, 108
86, 209
87, 135
88, 184
89, 169
90, 157
91, 714
92, 274
93, 344
94, 97
95, 698
96, 112
97, 235
98, 515
99, 336
100, 170
101, 160
102, 213
103, 169
104, 404
105, 161
106, 258
107, 97
108, 286
109, 289
110, 85
111, 104
112, 167
113, 148
114, 156
115, 249
116, 399
117, 117
118, 255
119, 128
120, 107
121, 368
122, 202
123, 236
124, 140
125, 317
126, 221
127, 363
128, 215
129, 365
130, 169
131, 579
132, 333
133, 289
134, 286
135, 179
136, 316
137, 149
138, 235
139, 212
140, 122
141, 84
142, 153
143, 137
144, 117
145, 416
146, 222
147, 320
148, 140
149, 361
150, 326
