1, 504
2, 263
3, 370
4, 159
5, 497
6, 175
7, 92
8, 251
9, 171
10, 401
11, 282
12, 158
13, 184
14, 324
15, 381
16, 717
17, 305
18, 310
19, 503
20, 421
21, 270
22, 478
23, 1630
24, 264
25, 147
26, 252
27, 281
28, 281
29, 253
30, 148
31, 273
32, 178
33, 134
34, 92
35, 154
36, 127
37, 176
38, 263
39, 419
40, 92
41, 297
42, 188
43, 550
44, 247
45, 672
46, 175
47, 280
48, 166
49, 193
50, 410
51, 305
52, 272
53, 124
54, 107
55, 796
56, 170
57, 136
58, 372
59, 107
60, 692
61, 411
62, 445
63, 396
64, 437
65, 408
66, 121
67, 118
68, 151
69, 178
70, 158
71, 248
72, 222
73, 421
74, 421
75, 369
76, 262
77, 343
78, 305
79, 157
80, 81
81, 122
82, 307
83, 199
84, 229
85, 109
86, 323
87, 206
88, 140
89, 166
90, 198
91, 554
92, 350
93, 374
94, 105
95, 296
96, 112
97, 335
98, 321
99, 255
100, 211
101, 374
102, 198
103, 212
104, 156
105, 152
106, 289
107, 90
108, 216
109, 577
110, 85
111, 113
112, 183
113, 170
114, 259
115, 332
116, 577
117, 139
118, 226
119, 152
120, 126
121, 480
122, 226
123, 330
124, 148
125, 688
126, 192
127, 322
128, 670
129, 321
130, 200
131, 646
132, 351
133, 283
134, 381
135, 235
136, 307
137, 215
138, 801
139, 260
140, 159
141, 76
142, 150
143, 167
144, 126
145, 637
146, 276
147, 586
148, 887
149, 266
150, 320
