1, 227
2, 207
3, 132
4, 136
5, 419
6, 144
7, 96
8, 367
9, 103
10, 187
11, 209
12, 154
13, 266
14, 197
15, 268
16, 478
17, 170
18, 462
19, 859
20, 568
21, 301
22, 259
23, 1249
24, 189
25, 120
26, 270
27, 170
28, 254
29, 197
30, 150
31, 214
32, 137
33, 95
34, 95
35, 126
36, 124
37, 143
38, 176
39, 209
40, 95
41, 306
42, 132
43, 336
44, 135
45, 346
46, 161
47, 210
48, 169
49, 122
50, 637
51, 264
52, 404
53, 125
54, 121
55, 797
56, 141
57, 148
58, 226
59, 96
60, 411
61, 310
62, 350
63, 100
64, 203
65, 494
66, 99
67, 103
68, 125
69, 147
70, 153
71, 212
72, 290
73, 381
74, 324
75, 253
76, 323
77, 278
78, 310
79, 215
80, 94
81, 96
82, 271
83, 155
84, 293
85, 107
86, 209
87, 152
88, 127
89, 167
90, 152
91, 438
92, 312
93, 326
94, 101
95, 638
96, 103
97, 222
98, 362
99, 252
100, 166
101, 409
102, 175
103, 153
104, 131
105, 115
106, 215
107, 102
108, 290
109, 115
110, 95
111, 99
112, 138
113, 150
114, 140
115, 205
116, 272
117, 114
118, 155
119, 129
120, 118
121, 785
122, 164
123, 164
124, 136
125, 615
126, 119
127, 240
128, 167
129, 334
130, 145
131, 251
132, 339
133, 301
134, 228
135, 208
136, 229
137, 139
138, 1114
139, 188
140, 118
141, 104
142, 123
143, 140
144, 123
145, 195
146, 217
147, 543
148, 137
149, 623
150, 155
