1, 593
2, 335
3, 142
4, 154
5, 397
6, 151
7, 93
8, 262
9, 141
10, 291
11, 452
12, 187
13, 160
14, 181
15, 268
16, 283
17, 247
18, 221
19, 267
20, 592
21, 228
22, 515
23, 765
24, 283
25, 123
26, 241
27, 176
28, 225
29, 297
30, 143
31, 237
32, 162
33, 103
34, 98
35, 128
36, 112
37, 157
38, 197
39, 183
40, 98
41, 221
42, 152
43, 670
44, 167
45, 158
46, 180
47, 207
48, 209
49, 151
50, 221
51, 287
52, 450
53, 169
54, 123
55, 1003
56, 165
57, 147
58, 305
59, 91
60, 527
61, 371
62, 391
63, 323
64, 191
65, 507
66, 114
67, 93
68, 159
69, 164
70, 184
71, 208
72, 139
73, 280
74, 275
75, 297
76, 197
77, 265
78, 622
79, 164
80, 91
81, 104
82, 250
83, 233
84, 214
85, 112
86, 215
87, 235
88, 132
89, 159
90, 144
91, 392
92, 372
93, 311
94, 97
95, 193
96, 97
97, 208
98, 478
99, 156
100, 161
101, 252
102, 188
103, 176
104, 460
105, 122
106, 211
107, 101
108, 173
109, 178
110, 90
111, 97
112, 168
113, 133
114, 149
115, 146
116, 418
117, 114
118, 199
119, 131
120, 164
121, 600
122, 184
123, 225
124, 119
125, 252
126, 162
127, 362
128, 581
129, 277
130, 173
131, 259
132, 311
133, 331
134, 530
135, 172
136, 236
137, 158
138, 878
139, 205
140, 147
141, 89
142, 147
143, 141
144, 116
145, 240
146, 278
147, 361
148, 430
149, 227
150, 202
