1, 200
2, 177
3, 162
4, 135
5, 387
6, 125
7, 97
8, 192
9, 117
10, 282
11, 311
12, 223
13, 156
14, 171
15, 284
16, 456
17, 219
18, 248
19, 331
20, 562
21, 226
22, 145
23, 886
24, 234
25, 104
26, 223
27, 184
28, 230
29, 576
30, 228
31, 246
32, 154
33, 95
34, 101
35, 123
36, 99
37, 160
38, 183
39, 262
40, 98
41, 199
42, 137
43, 415
44, 246
45, 285
46, 185
47, 337
48, 206
49, 142
50, 282
51, 290
52, 223
53, 115
54, 109
55, 672
56, 130
57, 171
58, 278
59, 100
60, 425
61, 245
62, 450
63, 283
64, 462
65, 420
66, 101
67, 100
68, 549
69, 155
70, 156
71, 234
72, 299
73, 302
74, 179
75, 261
76, 149
77, 947
78, 232
79, 134
80, 92
81, 102
82, 528
83, 188
84, 210
85, 112
86, 158
87, 144
88, 158
89, 181
90, 153
91, 559
92, 269
93, 311
94, 100
95, 202
96, 106
97, 299
98, 290
99, 276
100, 173
101, 191
102, 173
103, 178
104, 139
105, 147
106, 233
107, 94
108, 175
109, 222
110, 94
111, 104
112, 150
113, 294
114, 136
115, 252
116, 302
117, 126
118, 274
119, 372
120, 134
121, 330
122, 217
123, 202
124, 115
125, 417
126, 118
127, 339
128, 163
129, 272
130, 597
131, 1009
132, 235
133, 235
134, 267
135, 239
136, 205
137, 179
138, 178
139, 199
140, 140
141, 91
142, 143
143, 133
144, 111
145, 369
146, 1349
147, 177
148, 240
149, 444
150, 344
