1, 149
2, 53
3, 157
4, 47
5, 71
6, 85
7, 66
8, 126
9, 114
10, 101
11, 144
12, 107
13, 237
14, 45
15, 59
16, 39
17, 50
18, 153
19, 41
20, 122
21, 63
22, 43
23, 73
24, 55
25, 218
26, 64
27, 37
28, 60
29, 45
30, 38
31, 47
32, 46
33, 63
34, 152
35, 39
36, 53
37, 54
38, 103
39, 47
40, 87
41, 38
42, 54
43, 44
44, 120
45, 140
46, 51
47, 177
48, 98
49, 57
50, 187
51, 56
52, 53
53, 43
54, 39
55, 104
56, 39
57, 57
58, 118
59, 96
60, 59
61, 84
62, 48
63, 44
64, 77
65, 62
66, 50
67, 38
68, 87
69, 57
70, 57
71, 109
72, 60
73, 95
74, 44
75, 64
76, 153
77, 208
78, 56
79, 102
80, 98
81, 40
82, 67
83, 40
84, 55
85, 71
86, 79
87, 199
88, 81
89, 59
90, 80
91, 37
92, 98
93, 98
94, 78
95, 78
96, 80
97, 78
98, 113
99, 72
100, 104
101, 51
102, 56
103, 415
104, 38
105, 149
106, 56
107, 49
108, 59
109, 49
110, 38
111, 52
112, 75
113, 68
114, 50
115, 39
116, 90
117, 38
118, 90
119, 54
120, 90
121, 70
122, 79
123, 66
124, 40
125, 55
126, 58
127, 56
128, 53
129, 92
130, 102
131, 126
132, 56
133, 75
134, 87
135, 55
136, 247
137, 102
138, 57
139, 105
140, 159
141, 69
142, 61
143, 79
144, 118
145, 352
146, 120
147, 79
148, 61
149, 72
150, 151
151, 95
152, 42
153, 57
154, 38
155, 40
156, 56
157, 44
158, 76
159, 74
160, 42
161, 113
162, 38
163, 58
164, 157
165, 38
166, 82
167, 72
168, 180
169, 37
170, 81
171, 38
172, 133
173, 63
174, 58
175, 42
176, 87
177, 38
178, 57
179, 67
180, 38
181, 41
182, 68
183, 45
184, 76
185, 91
186, 43
187, 51
188, 103
189, 44
190, 63
