1, 111
2, 90
3, 43
4, 46
5, 74
6, 43
7, 43
8, 49
9, 44
10, 161
11, 53
12, 82
13, 44
14, 79
15, 148
16, 425
17, 65
18, 55
19, 43
20, 135
21, 53
22, 45
23, 292
24, 190
25, 68
26, 43
27, 59
28, 127
29, 43
30, 63
31, 57
32, 81
33, 44
34, 43
35, 212
36, 50
37, 93
38, 73
39, 44
40, 62
41, 61
42, 67
43, 51
44, 45
45, 58
46, 42
47, 53
48, 115
49, 131
50, 55
51, 162
52, 85
53, 181
54, 44
55, 76
56, 73
57, 216
58, 49
59, 47
60, 57
61, 81
62, 48
63, 85
64, 53
65, 52
66, 49
67, 46
68, 49
69, 51
70, 86
71, 252
72, 46
73, 78
74, 89
75, 74
76, 79
77, 77
78, 71
79, 55
80, 343
81, 49
82, 128
83, 44
84, 45
85, 109
86, 56
87, 142
88, 55
89, 160
90, 91
91, 315
92, 121
93, 43
94, 50
95, 178
96, 42
97, 98
98, 63
99, 103
100, 45
101, 52
102, 44
103, 57
104, 46
105, 45
106, 68
107, 46
108, 49
109, 58
110, 54
111, 72
112, 46
113, 79
114, 71
115, 44
116, 80
117, 43
118, 42
119, 49
120, 43
121, 80
122, 50
123, 70
124, 49
125, 47
126, 66
127, 43
128, 56
129, 61
130, 75
131, 49
132, 45
133, 44
134, 152
135, 96
136, 90
137, 148
138, 102
139, 61
140, 48
141, 86
142, 49
143, 44
144, 54
145, 60
146, 49
147, 66
148, 66
149, 66
150, 69
151, 47
152, 63
153, 76
154, 64
155, 54
156, 52
157, 136
158, 99
159, 93
160, 93
161, 46
162, 121
163, 126
164, 417
165, 95
166, 45
167, 44
168, 277
169, 52
170, 66
171, 58
172, 60
173, 43
174, 58
175, 58
176, 126
177, 67
178, 61
179, 114
180, 86
181, 76
182, 61
183, 76
184, 156
185, 107
186, 93
187, 109
188, 140
189, 234
190, 131
