1, 134
2, 53
3, 127
4, 45
5, 60
6, 82
7, 69
8, 105
9, 111
10, 87
11, 119
12, 102
13, 202
14, 44
15, 52
16, 44
17, 50
18, 140
19, 46
20, 101
21, 61
22, 46
23, 62
24, 55
25, 185
26, 63
27, 43
28, 58
29, 50
30, 43
31, 48
32, 47
33, 61
34, 140
35, 44
36, 55
37, 52
38, 90
39, 50
40, 128
41, 43
42, 55
43, 46
44, 100
45, 129
46, 52
47, 150
48, 77
49, 61
50, 159
51, 51
52, 51
53, 49
54, 44
55, 91
56, 43
57, 62
58, 104
59, 118
60, 63
61, 75
62, 51
63, 44
64, 72
65, 65
66, 50
67, 43
68, 86
69, 62
70, 48
71, 110
72, 60
73, 71
74, 48
75, 68
76, 150
77, 161
78, 57
79, 96
80, 81
81, 45
82, 63
83, 45
84, 57
85, 68
86, 77
87, 170
88, 77
89, 56
90, 64
91, 43
92, 81
93, 103
94, 72
95, 72
96, 79
97, 81
98, 89
99, 64
100, 103
101, 52
102, 52
103, 360
104, 43
105, 141
106, 51
107, 55
108, 54
109, 50
110, 43
111, 47
112, 69
113, 65
114, 53
115, 44
116, 89
117, 43
118, 89
119, 59
120, 79
121, 59
122, 74
123, 68
124, 44
125, 57
126, 54
127, 58
128, 51
129, 91
130, 86
131, 106
132, 58
133, 62
134, 87
135, 51
136, 229
137, 105
138, 59
139, 98
140, 135
141, 69
142, 57
143, 74
144, 97
145, 297
146, 103
147, 70
148, 61
149, 67
150, 118
151, 82
152, 46
153, 59
154, 43
155, 45
156, 51
157, 49
158, 74
159, 69
160, 45
161, 97
162, 43
163, 63
164, 139
165, 43
166, 72
167, 70
168, 173
169, 43
170, 69
171, 44
172, 111
173, 62
174, 61
175, 43
176, 88
177, 44
178, 54
179, 63
180, 43
181, 45
182, 67
183, 49
184, 77
185, 79
186, 45
187, 52
188, 92
189, 48
190, 66
