1, 132
2, 53
3, 114
4, 47
5, 65
6, 81
7, 71
8, 97
9, 109
10, 81
11, 110
12, 98
13, 189
14, 45
15, 54
16, 47
17, 52
18, 137
19, 49
20, 92
21, 60
22, 47
23, 59
24, 56
25, 172
26, 62
27, 46
28, 57
29, 53
30, 46
31, 49
32, 49
33, 62
34, 134
35, 47
36, 58
37, 52
38, 87
39, 52
40, 121
41, 46
42, 57
43, 48
44, 92
45, 126
46, 54
47, 140
48, 80
49, 64
50, 149
51, 52
52, 52
53, 51
54, 47
55, 86
56, 46
57, 64
58, 98
59, 109
60, 66
61, 71
62, 54
63, 47
64, 70
65, 67
66, 52
67, 46
68, 84
69, 65
70, 50
71, 113
72, 61
73, 69
74, 51
75, 69
76, 84
77, 148
78, 58
79, 93
80, 74
81, 47
82, 59
83, 47
84, 59
85, 68
86, 77
87, 158
88, 72
89, 56
90, 54
91, 46
92, 73
93, 103
94, 71
95, 72
96, 80
97, 81
98, 80
99, 65
100, 102
101, 54
102, 54
103, 340
104, 46
105, 140
106, 51
107, 58
108, 52
109, 52
110, 46
111, 50
112, 68
113, 65
114, 55
115, 47
116, 91
117, 46
118, 89
119, 62
120, 76
121, 60
122, 75
123, 71
124, 47
125, 59
126, 54
127, 60
128, 54
129, 89
130, 80
131, 99
132, 60
133, 56
134, 86
135, 53
136, 223
137, 104
138, 60
139, 93
140, 120
141, 69
142, 57
143, 71
144, 87
145, 275
146, 96
147, 67
148, 62
149, 64
150, 107
151, 75
152, 48
153, 61
154, 45
155, 47
156, 49
157, 52
158, 75
159, 70
160, 47
161, 90
162, 46
163, 65
164, 137
165, 46
166, 68
167, 69
168, 171
169, 46
170, 65
171, 47
172, 101
173, 63
174, 63
175, 45
176, 91
177, 46
178, 54
179, 62
180, 46
181, 48
182, 67
183, 51
184, 79
185, 76
186, 48
187, 53
188, 86
189, 50
190, 68
