1, 117
2, 89
3, 41
4, 44
5, 87
6, 41
7, 42
8, 48
9, 43
10, 172
11, 51
12, 82
13, 42
14, 77
15, 157
16, 455
17, 64
18, 54
19, 41
20, 144
21, 51
22, 43
23, 263
24, 189
25, 69
26, 41
27, 57
28, 128
29, 45
30, 64
31, 56
32, 80
33, 41
34, 40
35, 225
36, 52
37, 94
38, 77
39, 42
40, 66
41, 60
42, 65
43, 53
44, 43
45, 66
46, 40
47, 52
48, 116
49, 180
50, 54
51, 166
52, 83
53, 194
54, 42
55, 74
56, 74
57, 230
58, 47
59, 45
60, 56
61, 87
62, 46
63, 83
64, 50
65, 49
66, 50
67, 44
68, 48
69, 49
70, 93
71, 271
72, 45
73, 80
74, 93
75, 73
76, 83
77, 74
78, 80
79, 54
80, 365
81, 51
82, 130
83, 42
84, 44
85, 110
86, 54
87, 150
88, 53
89, 170
90, 96
91, 333
92, 122
93, 41
94, 48
95, 186
96, 40
97, 99
98, 62
99, 111
100, 44
101, 53
102, 42
103, 56
104, 45
105, 46
106, 75
107, 45
108, 53
109, 56
110, 53
111, 71
112, 44
113, 76
114, 73
115, 42
116, 86
117, 41
118, 40
119, 48
120, 41
121, 90
122, 49
123, 72
124, 49
125, 44
126, 70
127, 40
128, 57
129, 59
130, 75
131, 48
132, 43
133, 41
134, 163
135, 98
136, 92
137, 159
138, 110
139, 61
140, 45
141, 90
142, 47
143, 42
144, 51
145, 70
146, 46
147, 65
148, 68
149, 66
150, 68
151, 45
152, 66
153, 78
154, 62
155, 53
156, 51
157, 148
158, 117
159, 101
160, 94
161, 47
162, 130
163, 127
164, 453
165, 95
166, 43
167, 43
168, 252
169, 59
170, 65
171, 59
172, 60
173, 41
174, 61
175, 61
176, 121
177, 68
178, 59
179, 125
180, 86
181, 79
182, 62
183, 74
184, 166
185, 112
186, 97
187, 110
188, 152
189, 259
190, 138
