1, 109
2, 90
3, 44
4, 48
5, 69
6, 44
7, 45
8, 49
9, 46
10, 155
11, 54
12, 83
13, 45
14, 77
15, 144
16, 409
17, 64
18, 56
19, 45
20, 131
21, 53
22, 46
23, 289
24, 189
25, 68
26, 44
27, 60
28, 125
29, 44
30, 64
31, 58
32, 82
33, 45
34, 44
35, 206
36, 51
37, 94
38, 72
39, 45
40, 61
41, 61
42, 68
43, 52
44, 46
45, 53
46, 43
47, 54
48, 117
49, 122
50, 56
51, 159
52, 86
53, 175
54, 46
55, 76
56, 73
57, 209
58, 50
59, 48
60, 58
61, 79
62, 49
63, 84
64, 54
65, 53
66, 48
67, 47
68, 49
69, 53
70, 82
71, 243
72, 47
73, 77
74, 87
75, 74
76, 77
77, 76
78, 67
79, 56
80, 332
81, 48
82, 128
83, 45
84, 46
85, 108
86, 57
87, 137
88, 56
89, 155
90, 90
91, 306
92, 120
93, 44
94, 51
95, 174
96, 44
97, 98
98, 63
99, 100
100, 46
101, 53
102, 45
103, 57
104, 47
105, 47
106, 65
107, 47
108, 48
109, 59
110, 54
111, 73
112, 47
113, 79
114, 71
115, 46
116, 75
117, 44
118, 44
119, 51
120, 44
121, 84
122, 49
123, 68
124, 50
125, 48
126, 64
127, 44
128, 57
129, 62
130, 74
131, 50
132, 46
133, 45
134, 147
135, 95
136, 88
137, 142
138, 98
139, 61
140, 49
141, 89
142, 51
143, 45
144, 53
145, 53
146, 50
147, 66
148, 65
149, 66
150, 70
151, 48
152, 61
153, 75
154, 65
155, 54
156, 53
157, 129
158, 208
159, 92
160, 92
161, 45
162, 117
163, 127
164, 225
165, 96
166, 46
167, 45
168, 111
169, 52
170, 68
171, 59
172, 60
173, 44
174, 57
175, 58
176, 126
177, 70
178, 62
179, 108
180, 85
181, 74
182, 60
183, 77
184, 151
185, 104
186, 90
187, 109
188, 134
189, 226
190, 126
