1, 140
2, 51
3, 140
4, 45
5, 71
6, 84
7, 68
8, 113
9, 113
10, 92
11, 129
12, 99
13, 216
14, 43
15, 54
16, 42
17, 50
18, 139
19, 44
20, 110
21, 61
22, 44
23, 66
24, 55
25, 198
26, 60
27, 41
28, 59
29, 48
30, 41
31, 47
32, 47
33, 62
34, 146
35, 42
36, 54
37, 53
38, 96
39, 49
40, 131
41, 41
42, 54
43, 45
44, 107
45, 133
46, 52
47, 161
48, 84
49, 59
50, 170
51, 53
52, 51
53, 46
54, 42
55, 79
56, 41
57, 59
58, 110
59, 140
60, 62
61, 79
62, 50
63, 41
64, 75
65, 63
66, 49
67, 41
68, 86
69, 60
70, 51
71, 110
72, 59
73, 98
74, 46
75, 66
76, 149
77, 175
78, 55
79, 99
80, 88
81, 43
82, 66
83, 42
84, 56
85, 68
86, 77
87, 181
88, 80
89, 57
90, 71
91, 41
92, 88
93, 101
94, 74
95, 74
96, 79
97, 80
98, 99
99, 62
100, 105
101, 51
102, 52
103, 382
104, 41
105, 144
106, 53
107, 52
108, 55
109, 50
110, 41
111, 49
112, 71
113, 66
114, 51
115, 42
116, 89
117, 41
118, 88
119, 57
120, 83
121, 62
122, 75
123, 66
124, 42
125, 57
126, 55
127, 57
128, 54
129, 92
130, 92
131, 114
132, 57
133, 67
134, 88
135, 50
136, 236
137, 104
138, 58
139, 102
140, 145
141, 68
142, 58
143, 75
144, 106
145, 318
146, 110
147, 74
148, 62
149, 68
150, 132
151, 89
152, 44
153, 58
154, 40
155, 43
156, 54
157, 47
158, 75
159, 73
160, 43
161, 103
162, 41
163, 61
164, 146
165, 41
166, 76
167, 71
168, 174
169, 41
170, 74
171, 41
172, 120
173, 62
174, 59
175, 42
176, 87
177, 41
178, 54
179, 64
180, 41
181, 44
182, 67
183, 47
184, 77
185, 77
186, 44
187, 51
188, 97
189, 47
190, 64
