1, 136
2, 52
3, 133
4, 45
5, 67
6, 83
7, 69
8, 109
9, 112
10, 90
11, 124
12, 102
13, 209
14, 44
15, 52
16, 43
17, 50
18, 140
19, 45
20, 106
21, 61
22, 45
23, 64
24, 55
25, 191
26, 63
27, 42
28, 58
29, 49
30, 42
31, 48
32, 47
33, 61
34, 143
35, 43
36, 55
37, 53
38, 93
39, 50
40, 130
41, 42
42, 55
43, 45
44, 103
45, 131
46, 51
47, 156
48, 79
49, 60
50, 165
51, 52
52, 51
53, 47
54, 43
55, 102
56, 42
57, 60
58, 107
59, 126
60, 63
61, 77
62, 50
63, 42
64, 73
65, 64
66, 49
67, 42
68, 86
69, 61
70, 49
71, 110
72, 59
73, 98
74, 47
75, 67
76, 149
77, 168
78, 56
79, 98
80, 84
81, 44
82, 65
83, 44
84, 56
85, 68
86, 77
87, 175
88, 78
89, 57
90, 68
91, 42
92, 84
93, 102
94, 73
95, 73
96, 79
97, 81
98, 94
99, 64
100, 104
101, 51
102, 52
103, 371
104, 42
105, 142
106, 52
107, 53
108, 55
109, 50
110, 42
111, 48
112, 70
113, 65
114, 52
115, 43
116, 89
117, 42
118, 88
119, 58
120, 81
121, 60
122, 74
123, 67
124, 43
125, 57
126, 54
127, 57
128, 52
129, 92
130, 89
131, 110
132, 57
133, 65
134, 87
135, 50
136, 232
137, 105
138, 59
139, 100
140, 141
141, 68
142, 58
143, 75
144, 101
145, 308
146, 106
147, 72
148, 62
149, 68
150, 125
151, 86
152, 44
153, 59
154, 41
155, 44
156, 52
157, 48
158, 74
159, 71
160, 44
161, 100
162, 42
163, 62
164, 142
165, 42
166, 74
167, 71
168, 173
169, 42
170, 72
171, 43
172, 115
173, 62
174, 60
175, 42
176, 87
177, 42
178, 54
179, 64
180, 42
181, 44
182, 68
183, 47
184, 77
185, 79
186, 44
187, 51
188, 94
189, 47
190, 65
