1, 120
2, 89
3, 39
4, 43
5, 94
6, 39
7, 43
8, 48
9, 42
10, 178
11, 51
12, 82
13, 41
14, 82
15, 161
16, 471
17, 64
18, 53
19, 40
20, 147
21, 52
22, 43
23, 258
24, 184
25, 69
26, 40
27, 57
28, 128
29, 47
30, 65
31, 55
32, 81
33, 40
34, 40
35, 231
36, 52
37, 96
38, 81
39, 40
40, 68
41, 60
42, 64
43, 54
44, 42
45, 69
46, 39
47, 52
48, 121
49, 183
50, 53
51, 168
52, 83
53, 200
54, 41
55, 76
56, 75
57, 237
58, 46
59, 44
60, 56
61, 90
62, 45
63, 83
64, 49
65, 48
66, 50
67, 43
68, 48
69, 49
70, 96
71, 280
72, 45
73, 81
74, 95
75, 72
76, 83
77, 79
78, 84
79, 53
80, 377
81, 51
82, 131
83, 41
84, 43
85, 114
86, 54
87, 154
88, 52
89, 175
90, 98
91, 343
92, 121
93, 40
94, 48
95, 190
96, 39
97, 99
98, 61
99, 115
100, 44
101, 56
102, 41
103, 57
104, 44
105, 45
106, 78
107, 44
108, 55
109, 56
110, 53
111, 70
112, 43
113, 75
114, 74
115, 41
116, 88
117, 40
118, 39
119, 47
120, 40
121, 97
122, 49
123, 73
124, 50
125, 43
126, 71
127, 39
128, 57
129, 58
130, 74
131, 47
132, 42
133, 40
134, 169
135, 99
136, 95
137, 165
138, 115
139, 62
140, 44
141, 93
142, 46
143, 42
144, 52
145, 74
146, 46
147, 65
148, 69
149, 65
150, 67
151, 44
152, 67
153, 78
154, 61
155, 54
156, 50
157, 155
158, 176
159, 105
160, 94
161, 47
162, 134
163, 128
164, 506
165, 95
166, 43
167, 42
168, 251
169, 62
170, 64
171, 60
172, 59
173, 40
174, 63
175, 63
176, 96
177, 69
178, 58
179, 130
180, 86
181, 80
182, 63
183, 74
184, 171
185, 115
186, 99
187, 111
188, 157
189, 281
190, 140
