1, 146
2, 52
3, 152
4, 46
5, 73
6, 85
7, 66
8, 122
9, 114
10, 98
11, 139
12, 102
13, 230
14, 44
15, 57
16, 39
17, 50
18, 147
19, 42
20, 118
21, 61
22, 43
23, 71
24, 55
25, 211
26, 62
27, 38
28, 60
29, 46
30, 39
31, 47
32, 46
33, 62
34, 151
35, 40
36, 54
37, 54
38, 101
39, 48
40, 123
41, 39
42, 54
43, 44
44, 115
45, 138
46, 52
47, 172
48, 94
49, 57
50, 181
51, 54
52, 52
53, 44
54, 40
55, 104
56, 39
57, 57
58, 115
59, 98
60, 60
61, 82
62, 48
63, 42
64, 77
65, 62
66, 50
67, 39
68, 86
69, 58
70, 55
71, 109
72, 60
73, 96
74, 45
75, 65
76, 151
77, 193
78, 56
79, 101
80, 95
81, 41
82, 65
83, 41
84, 55
85, 70
86, 79
87, 193
88, 81
89, 58
90, 77
91, 38
92, 95
93, 99
94, 73
95, 76
96, 80
97, 78
98, 108
99, 69
100, 105
101, 51
102, 55
103, 404
104, 39
105, 147
106, 54
107, 50
108, 58
109, 49
110, 39
111, 52
112, 74
113, 67
114, 50
115, 40
116, 90
117, 39
118, 89
119, 54
120, 87
121, 67
122, 78
123, 65
124, 40
125, 56
126, 57
127, 56
128, 54
129, 91
130, 99
131, 122
132, 56
133, 73
134, 88
135, 52
136, 243
137, 101
138, 57
139, 105
140, 155
141, 68
142, 60
143, 76
144, 114
145, 340
146, 117
147, 77
148, 61
149, 70
150, 145
151, 93
152, 42
153, 57
154, 38
155, 41
156, 55
157, 45
158, 76
159, 74
160, 42
161, 110
162, 39
163, 59
164, 154
165, 39
166, 80
167, 71
168, 177
169, 38
170, 79
171, 39
172, 129
173, 62
174, 58
175, 41
176, 87
177, 39
178, 56
179, 66
180, 39
181, 42
182, 68
183, 46
184, 77
185, 83
186, 43
187, 51
188, 101
189, 45
190, 63
