1, 143
2, 51
3, 146
4, 45
5, 72
6, 84
7, 67
8, 118
9, 114
10, 95
11, 134
12, 97
13, 223
14, 43
15, 56
16, 40
17, 50
18, 142
19, 43
20, 114
21, 61
22, 43
23, 69
24, 55
25, 204
26, 61
27, 39
28, 59
29, 47
30, 40
31, 47
32, 47
33, 62
34, 149
35, 40
36, 54
37, 53
38, 99
39, 48
40, 130
41, 40
42, 54
43, 44
44, 111
45, 135
46, 52
47, 166
48, 89
49, 58
50, 175
51, 53
52, 51
53, 45
54, 41
55, 106
56, 40
57, 58
58, 112
59, 104
60, 61
61, 80
62, 49
63, 41
64, 76
65, 63
66, 50
67, 40
68, 86
69, 59
70, 53
71, 110
72, 60
73, 97
74, 46
75, 65
76, 149
77, 183
78, 56
79, 100
80, 91
81, 42
82, 67
83, 42
84, 55
85, 69
86, 78
87, 187
88, 81
89, 58
90, 74
91, 40
92, 91
93, 100
94, 72
95, 75
96, 79
97, 79
98, 104
99, 65
100, 105
101, 51
102, 54
103, 393
104, 40
105, 145
106, 54
107, 51
108, 56
109, 49
110, 40
111, 51
112, 72
113, 66
114, 51
115, 41
116, 89
117, 40
118, 88
119, 55
120, 85
121, 64
122, 76
123, 66
124, 41
125, 57
126, 56
127, 56
128, 54
129, 91
130, 95
131, 118
132, 56
133, 70
134, 88
135, 51
136, 239
137, 102
138, 58
139, 104
140, 150
141, 67
142, 59
143, 74
144, 110
145, 329
146, 113
147, 76
148, 62
149, 69
150, 138
151, 91
152, 43
153, 58
154, 39
155, 42
156, 55
157, 46
158, 75
159, 73
160, 42
161, 107
162, 40
163, 60
164, 150
165, 40
166, 78
167, 71
168, 175
169, 39
170, 76
171, 40
172, 124
173, 62
174, 59
175, 41
176, 87
177, 40
178, 55
179, 65
180, 40
181, 43
182, 67
183, 46
184, 77
185, 62
186, 44
187, 51
188, 99
189, 46
190, 64
