1, 109
2, 91
3, 46
4, 49
5, 72
6, 46
7, 46
8, 50
9, 47
10, 150
11, 55
12, 84
13, 46
14, 74
15, 140
16, 394
17, 63
18, 57
19, 46
20, 126
21, 53
22, 47
23, 273
24, 187
25, 68
26, 46
27, 62
28, 124
29, 45
30, 64
31, 60
32, 83
33, 46
34, 45
35, 200
36, 52
37, 94
38, 70
39, 47
40, 62
41, 62
42, 69
43, 52
44, 48
45, 55
46, 45
47, 55
48, 116
49, 113
50, 57
51, 156
52, 87
53, 168
54, 47
55, 75
56, 73
57, 201
58, 51
59, 50
60, 59
61, 79
62, 51
63, 83
64, 55
65, 55
66, 49
67, 49
68, 49
69, 54
70, 78
71, 234
72, 47
73, 76
74, 85
75, 75
76, 74
77, 74
78, 62
79, 57
80, 321
81, 48
82, 129
83, 47
84, 48
85, 109
86, 58
87, 133
88, 57
89, 150
90, 89
91, 298
92, 119
93, 45
94, 52
95, 169
96, 45
97, 98
98, 63
99, 96
100, 47
101, 53
102, 46
103, 57
104, 48
105, 48
106, 62
107, 48
108, 49
109, 60
110, 55
111, 74
112, 49
113, 79
114, 71
115, 47
116, 70
117, 46
118, 45
119, 52
120, 46
121, 83
122, 49
123, 67
124, 51
125, 49
126, 65
127, 46
128, 58
129, 64
130, 74
131, 52
132, 47
133, 46
134, 144
135, 94
136, 86
137, 137
138, 94
139, 62
140, 50
141, 88
142, 52
143, 46
144, 53
145, 59
146, 51
147, 67
148, 64
149, 66
150, 71
151, 49
152, 59
153, 74
154, 66
155, 54
156, 54
157, 122
158, 198
159, 92
160, 91
161, 46
162, 112
163, 127
164, 213
165, 97
166, 47
167, 46
168, 96
169, 53
170, 69
171, 60
172, 60
173, 46
174, 56
175, 58
176, 124
177, 70
178, 63
179, 103
180, 84
181, 71
182, 59
183, 78
184, 146
185, 102
186, 88
187, 108
188, 128
189, 219
190, 121
