1, 251
2, 228
3, 235
4, 237
5, 323
6, 447
7, 234
8, 233
9, 294
10, 251
11, 451
12, 285
13, 286
14, 247
15, 515
16, 505
17, 308
18, 237
19, 244
20, 235
21, 245
22, 265
23, 442
24, 484
25, 305
26, 252
27, 470
28, 323
29, 243
30, 279
31, 324
32, 358
33, 245
34, 279
35, 269
36, 233
37, 268
38, 299
39, 262
40, 378
41, 243
42, 340
43, 525
44, 445
45, 497
46, 349
47, 476
48, 235
49, 263
50, 238
51, 262
52, 355
53, 614
54, 364
55, 253
56, 311
57, 311
58, 244
59, 753
60, 229
61, 348
62, 278
63, 318
64, 243
65, 236
66, 388
67, 301
68, 245
69, 303
70, 275
71, 353
72, 391
73, 307
74, 348
75, 332
76, 394
77, 309
78, 249
79, 367
80, 241
81, 348
82, 315
83, 382
84, 241
85, 229
86, 251
87, 266
88, 435
89, 284
90, 423
91, 232
92, 342
93, 474
94, 304
95, 270
96, 332
97, 244
98, 237
99, 287
100, 291
