1, 142
2, 51
3, 146
4, 45
5, 81
6, 82
7, 67
8, 116
9, 107
10, 96
11, 134
12, 98
13, 223
14, 43
15, 54
16, 41
17, 50
18, 142
19, 43
20, 113
21, 61
22, 43
23, 69
24, 55
25, 212
26, 61
27, 39
28, 59
29, 47
30, 40
31, 49
32, 46
33, 61
34, 148
35, 41
36, 54
37, 54
38, 100
39, 48
40, 123
41, 40
42, 54
43, 45
44, 113
45, 135
46, 52
47, 169
48, 89
49, 59
50, 174
51, 54
52, 52
53, 45
54, 41
55, 88
56, 40
57, 59
58, 109
59, 79
60, 61
61, 87
62, 49
63, 41
64, 76
65, 62
66, 49
67, 40
68, 86
69, 58
70, 53
71, 110
72, 60
73, 94
74, 46
75, 65
76, 94
77, 161
78, 55
79, 99
80, 90
81, 41
82, 67
83, 42
84, 56
85, 68
86, 79
87, 188
88, 81
89, 58
90, 74
91, 39
92, 91
93, 101
94, 68
95, 74
96, 80
97, 79
98, 104
99, 65
100, 107
101, 51
102, 54
103, 389
104, 40
105, 146
106, 54
107, 51
108, 57
109, 50
110, 41
111, 51
112, 72
113, 66
114, 51
115, 41
116, 90
117, 40
118, 89
119, 55
120, 93
121, 65
122, 77
123, 66
124, 41
125, 57
126, 56
127, 56
128, 55
129, 92
130, 93
131, 118
132, 57
133, 69
134, 89
135, 50
136, 234
137, 98
138, 58
139, 107
140, 153
141, 67
142, 58
143, 74
144, 115
145, 329
146, 113
147, 76
148, 62
149, 68
150, 136
151, 90
152, 43
153, 57
154, 39
155, 42
156, 55
157, 46
158, 75
159, 73
160, 42
161, 106
162, 40
163, 60
164, 151
165, 40
166, 77
167, 71
168, 175
169, 40
170, 76
171, 40
172, 122
173, 62
174, 59
175, 42
176, 85
177, 40
178, 57
179, 65
180, 40
181, 43
182, 67
183, 46
184, 77
185, 85
186, 43
187, 51
188, 94
189, 46
190, 63
