1, 110
2, 90
3, 46
4, 49
5, 70
6, 46
7, 46
8, 50
9, 47
10, 150
11, 55
12, 85
13, 46
14, 77
15, 144
16, 392
17, 59
18, 56
19, 46
20, 126
21, 54
22, 47
23, 111
24, 185
25, 68
26, 46
27, 68
28, 124
29, 45
30, 64
31, 60
32, 83
33, 46
34, 45
35, 197
36, 52
37, 97
38, 72
39, 46
40, 62
41, 63
42, 70
43, 53
44, 48
45, 54
46, 45
47, 55
48, 116
49, 117
50, 57
51, 153
52, 87
53, 168
54, 47
55, 74
56, 72
57, 202
58, 53
59, 49
60, 58
61, 79
62, 51
63, 85
64, 56
65, 52
66, 49
67, 49
68, 49
69, 54
70, 79
71, 234
72, 47
73, 72
74, 85
75, 76
76, 74
77, 72
78, 62
79, 57
80, 321
81, 48
82, 128
83, 47
84, 48
85, 105
86, 60
87, 134
88, 57
89, 150
90, 89
91, 300
92, 119
93, 46
94, 52
95, 166
96, 45
97, 97
98, 62
99, 79
100, 47
101, 54
102, 47
103, 57
104, 48
105, 48
106, 62
107, 50
108, 49
109, 60
110, 52
111, 74
112, 49
113, 74
114, 70
115, 47
116, 73
117, 46
118, 45
119, 51
120, 46
121, 83
122, 48
123, 67
124, 51
125, 49
126, 64
127, 46
128, 57
129, 64
130, 73
131, 52
132, 48
133, 46
134, 140
135, 94
136, 83
137, 140
138, 93
139, 62
140, 50
141, 88
142, 50
143, 46
144, 56
145, 62
146, 51
147, 67
148, 65
149, 65
150, 70
151, 50
152, 60
153, 75
154, 66
155, 54
156, 54
157, 120
158, 206
159, 85
160, 87
161, 46
162, 113
163, 127
164, 382
165, 97
166, 47
167, 46
168, 96
169, 52
170, 69
171, 58
172, 60
173, 46
174, 56
175, 58
176, 116
177, 71
178, 63
179, 102
180, 75
181, 72
182, 59
183, 77
184, 143
185, 92
186, 89
187, 109
188, 142
189, 210
190, 124
