1, 136
2, 52
3, 134
4, 44
5, 70
6, 80
7, 69
8, 108
9, 106
10, 90
11, 124
12, 103
13, 210
14, 44
15, 52
16, 43
17, 50
18, 140
19, 45
20, 104
21, 61
22, 44
23, 64
24, 55
25, 198
26, 63
27, 42
28, 58
29, 49
30, 42
31, 49
32, 47
33, 61
34, 143
35, 43
36, 55
37, 53
38, 94
39, 49
40, 128
41, 42
42, 55
43, 46
44, 104
45, 131
46, 51
47, 157
48, 79
49, 61
50, 164
51, 53
52, 51
53, 47
54, 43
55, 81
56, 42
57, 61
58, 104
59, 77
60, 63
61, 83
62, 50
63, 43
64, 73
65, 64
66, 49
67, 42
68, 87
69, 60
70, 49
71, 111
72, 59
73, 91
74, 47
75, 67
76, 83
77, 153
78, 56
79, 97
80, 84
81, 43
82, 65
83, 44
84, 57
85, 67
86, 78
87, 176
88, 78
89, 57
90, 68
91, 42
92, 84
93, 102
94, 85
95, 72
96, 79
97, 81
98, 94
99, 64
100, 106
101, 51
102, 52
103, 367
104, 42
105, 143
106, 53
107, 54
108, 55
109, 51
110, 42
111, 48
112, 70
113, 65
114, 52
115, 43
116, 90
117, 42
118, 89
119, 58
120, 88
121, 60
122, 75
123, 68
124, 43
125, 57
126, 55
127, 57
128, 52
129, 93
130, 87
131, 110
132, 58
133, 64
134, 88
135, 50
136, 227
137, 103
138, 59
139, 103
140, 144
141, 68
142, 57
143, 75
144, 106
145, 307
146, 106
147, 72
148, 62
149, 67
150, 125
151, 86
152, 45
153, 59
154, 42
155, 44
156, 52
157, 49
158, 74
159, 71
160, 44
161, 99
162, 42
163, 61
164, 144
165, 42
166, 73
167, 71
168, 173
169, 42
170, 71
171, 42
172, 114
173, 62
174, 60
175, 42
176, 85
177, 42
178, 56
179, 64
180, 42
181, 44
182, 67
183, 47
184, 77
185, 63
186, 44
187, 52
188, 90
189, 47
190, 64
