1, 128
2, 88
3, 39
4, 43
5, 76
6, 39
7, 43
8, 48
9, 42
10, 178
11, 51
12, 84
13, 41
14, 86
15, 165
16, 470
17, 59
18, 53
19, 40
20, 146
21, 53
22, 43
23, 113
24, 180
25, 69
26, 40
27, 62
28, 127
29, 47
30, 65
31, 55
32, 81
33, 41
34, 40
35, 231
36, 52
37, 100
38, 85
39, 40
40, 68
41, 60
42, 64
43, 54
44, 42
45, 69
46, 39
47, 52
48, 121
49, 180
50, 53
51, 163
52, 83
53, 200
54, 41
55, 74
56, 74
57, 238
58, 46
59, 44
60, 56
61, 91
62, 45
63, 85
64, 50
65, 46
66, 50
67, 43
68, 49
69, 49
70, 96
71, 280
72, 45
73, 76
74, 95
75, 78
76, 83
77, 78
78, 84
79, 54
80, 377
81, 51
82, 131
83, 41
84, 42
85, 111
86, 56
87, 157
88, 52
89, 175
90, 98
91, 346
92, 122
93, 40
94, 48
95, 185
96, 39
97, 98
98, 61
99, 94
100, 44
101, 54
102, 41
103, 57
104, 44
105, 45
106, 78
107, 46
108, 54
109, 56
110, 48
111, 69
112, 43
113, 72
114, 74
115, 41
116, 91
117, 40
118, 39
119, 47
120, 40
121, 95
122, 48
123, 73
124, 50
125, 43
126, 70
127, 39
128, 56
129, 58
130, 74
131, 47
132, 42
133, 40
134, 167
135, 99
136, 92
137, 168
138, 113
139, 62
140, 43
141, 92
142, 44
143, 42
144, 54
145, 77
146, 46
147, 65
148, 69
149, 64
150, 66
151, 44
152, 67
153, 78
154, 61
155, 54
156, 50
157, 153
158, 195
159, 97
160, 90
161, 47
162, 135
163, 129
164, 303
165, 95
166, 43
167, 42
168, 257
169, 61
170, 65
171, 59
172, 59
173, 40
174, 63
175, 64
176, 124
177, 70
178, 58
179, 130
180, 79
181, 81
182, 63
183, 74
184, 170
185, 98
186, 100
187, 112
188, 173
189, 243
190, 140
