1, 157
2, 88
3, 38
4, 42
5, 96
6, 37
7, 48
8, 48
9, 40
10, 189
11, 50
12, 84
13, 40
14, 96
15, 171
16, 501
17, 62
18, 53
19, 38
20, 155
21, 55
22, 42
23, 333
24, 184
25, 70
26, 38
27, 62
28, 126
29, 51
30, 66
31, 54
32, 83
33, 39
34, 39
35, 244
36, 52
37, 103
38, 94
39, 38
40, 71
41, 60
42, 63
43, 56
44, 40
45, 75
46, 38
47, 53
48, 131
49, 190
50, 51
51, 167
52, 82
53, 213
54, 39
55, 76
56, 76
57, 253
58, 45
59, 42
60, 56
61, 96
62, 44
63, 89
64, 47
65, 44
66, 52
67, 41
68, 51
69, 47
70, 103
71, 299
72, 45
73, 80
74, 98
75, 82
76, 84
77, 89
78, 91
79, 53
80, 400
81, 54
82, 130
83, 40
84, 41
85, 121
86, 55
87, 166
88, 51
89, 184
90, 102
91, 366
92, 122
93, 39
94, 47
95, 192
96, 37
97, 97
98, 61
99, 100
100, 44
101, 60
102, 39
103, 60
104, 44
105, 47
106, 85
107, 45
108, 57
109, 55
110, 48
111, 68
112, 41
113, 74
114, 77
115, 39
116, 96
117, 39
118, 37
119, 46
120, 38
121, 106
122, 50
123, 73
124, 50
125, 42
126, 73
127, 37
128, 57
129, 57
130, 74
131, 47
132, 41
133, 38
134, 180
135, 102
136, 100
137, 179
138, 121
139, 63
140, 41
141, 95
142, 43
143, 43
144, 55
145, 85
146, 44
147, 67
148, 71
149, 64
150, 65
151, 43
152, 68
153, 76
154, 59
155, 54
156, 49
157, 165
158, 207
159, 104
160, 93
161, 48
162, 143
163, 131
164, 264
165, 96
166, 41
167, 41
168, 258
169, 67
170, 63
171, 62
172, 60
173, 38
174, 66
175, 67
176, 143
177, 71
178, 57
179, 140
180, 81
181, 88
182, 65
183, 75
184, 180
185, 104
186, 104
187, 115
188, 185
189, 259
190, 117
