1, 111
2, 90
3, 44
4, 48
5, 69
6, 44
7, 45
8, 49
9, 46
10, 155
11, 54
12, 85
13, 45
14, 80
15, 148
16, 408
17, 60
18, 55
19, 45
20, 130
21, 53
22, 46
23, 113
24, 187
25, 68
26, 44
27, 66
28, 126
29, 44
30, 64
31, 59
32, 82
33, 45
34, 44
35, 203
36, 50
37, 96
38, 74
39, 45
40, 61
41, 62
42, 69
43, 52
44, 46
45, 52
46, 43
47, 54
48, 117
49, 131
50, 56
51, 156
52, 86
53, 174
54, 46
55, 74
56, 73
57, 209
58, 51
59, 48
60, 58
61, 79
62, 49
63, 86
64, 55
65, 51
66, 49
67, 47
68, 49
69, 53
70, 82
71, 243
72, 46
73, 73
74, 87
75, 76
76, 77
77, 75
78, 66
79, 56
80, 332
81, 48
82, 127
83, 45
84, 46
85, 105
86, 59
87, 139
88, 56
89, 155
90, 90
91, 309
92, 120
93, 44
94, 51
95, 171
96, 44
97, 97
98, 62
99, 82
100, 46
101, 53
102, 45
103, 58
104, 47
105, 47
106, 65
107, 49
108, 48
109, 59
110, 51
111, 73
112, 47
113, 73
114, 71
115, 46
116, 77
117, 44
118, 44
119, 50
120, 44
121, 83
122, 48
123, 68
124, 50
125, 48
126, 64
127, 44
128, 56
129, 62
130, 74
131, 51
132, 46
133, 45
134, 144
135, 95
136, 86
137, 145
138, 97
139, 61
140, 48
141, 88
142, 49
143, 45
144, 56
145, 59
146, 50
147, 66
148, 66
149, 65
150, 69
151, 49
152, 62
153, 76
154, 65
155, 54
156, 53
157, 127
158, 157
159, 85
160, 88
161, 45
162, 118
163, 127
164, 376
165, 96
166, 46
167, 45
168, 107
169, 51
170, 68
171, 58
172, 60
173, 44
174, 57
175, 58
176, 117
177, 71
178, 62
179, 108
180, 77
181, 75
182, 60
183, 77
184, 149
185, 92
186, 91
187, 110
188, 149
189, 215
190, 129
