1, 122
2, 89
3, 41
4, 44
5, 80
6, 40
7, 42
8, 48
9, 43
10, 172
11, 52
12, 84
13, 42
14, 81
15, 161
16, 454
17, 59
18, 53
19, 41
20, 142
21, 52
22, 43
23, 115
24, 184
25, 69
26, 41
27, 63
28, 128
29, 45
30, 64
31, 56
32, 80
33, 42
34, 41
35, 224
36, 51
37, 98
38, 80
39, 41
40, 66
41, 61
42, 65
43, 53
44, 43
45, 65
46, 40
47, 52
48, 117
49, 175
50, 54
51, 162
52, 83
53, 194
54, 42
55, 73
56, 74
57, 231
58, 47
59, 45
60, 56
61, 88
62, 46
63, 85
64, 51
65, 47
66, 50
67, 44
68, 48
69, 50
70, 93
71, 270
72, 44
73, 75
74, 93
75, 78
76, 83
77, 72
78, 80
79, 54
80, 365
81, 51
82, 130
83, 42
84, 44
85, 107
86, 56
87, 153
88, 53
89, 170
90, 96
91, 336
92, 122
93, 41
94, 48
95, 182
96, 40
97, 98
98, 61
99, 90
100, 44
101, 52
102, 42
103, 56
104, 45
105, 46
106, 75
107, 47
108, 52
109, 57
110, 49
111, 70
112, 44
113, 71
114, 72
115, 42
116, 88
117, 41
118, 40
119, 48
120, 41
121, 88
122, 47
123, 72
124, 50
125, 44
126, 69
127, 40
128, 55
129, 59
130, 74
131, 48
132, 43
133, 41
134, 161
135, 97
136, 90
137, 162
138, 109
139, 61
140, 44
141, 89
142, 45
143, 42
144, 54
145, 73
146, 46
147, 65
148, 68
149, 65
150, 67
151, 45
152, 66
153, 78
154, 62
155, 53
156, 50
157, 147
158, 189
159, 94
160, 90
161, 47
162, 130
163, 127
164, 337
165, 95
166, 43
167, 43
168, 259
169, 58
170, 65
171, 58
172, 60
173, 41
174, 61
175, 62
176, 106
177, 69
178, 59
179, 125
180, 78
181, 81
182, 62
183, 74
184, 165
185, 96
186, 97
187, 111
188, 167
189, 235
190, 136
