1, 148
2, 52
3, 158
4, 47
5, 86
6, 85
7, 66
8, 124
9, 107
10, 101
11, 144
12, 108
13, 238
14, 44
15, 56
16, 39
17, 50
18, 152
19, 42
20, 121
21, 63
22, 42
23, 73
24, 55
25, 227
26, 64
27, 37
28, 60
29, 46
30, 38
31, 48
32, 46
33, 62
34, 152
35, 39
36, 53
37, 54
38, 104
39, 47
40, 115
41, 38
42, 54
43, 44
44, 123
45, 140
46, 51
47, 181
48, 97
49, 58
50, 185
51, 56
52, 54
53, 43
54, 39
55, 93
56, 39
57, 57
58, 114
59, 81
60, 60
61, 91
62, 48
63, 44
64, 77
65, 62
66, 50
67, 38
68, 88
69, 56
70, 57
71, 109
72, 60
73, 95
74, 44
75, 65
76, 161
77, 170
78, 56
79, 102
80, 96
81, 40
82, 68
83, 40
84, 56
85, 71
86, 81
87, 200
88, 82
89, 60
90, 80
91, 37
92, 98
93, 99
94, 71
95, 77
96, 80
97, 79
98, 113
99, 72
100, 108
101, 50
102, 56
103, 411
104, 38
105, 150
106, 56
107, 49
108, 59
109, 50
110, 39
111, 52
112, 74
113, 68
114, 50
115, 40
116, 91
117, 38
118, 90
119, 54
120, 98
121, 71
122, 80
123, 66
124, 40
125, 55
126, 58
127, 56
128, 54
129, 93
130, 99
131, 126
132, 56
133, 75
134, 88
135, 54
136, 242
137, 100
138, 57
139, 109
140, 162
141, 69
142, 61
143, 79
144, 123
145, 351
146, 119
147, 78
148, 62
149, 71
150, 146
151, 89
152, 42
153, 57
154, 38
155, 40
156, 56
157, 44
158, 76
159, 72
160, 42
161, 113
162, 38
163, 58
164, 158
165, 38
166, 81
167, 72
168, 179
169, 37
170, 81
171, 38
172, 128
173, 62
174, 58
175, 42
176, 85
177, 38
178, 58
179, 67
180, 38
181, 41
182, 68
183, 45
184, 76
185, 97
186, 42
187, 51
188, 100
189, 44
190, 62
