1, 114
2, 89
3, 43
4, 46
5, 71
6, 43
7, 43
8, 49
9, 44
10, 161
11, 53
12, 85
13, 43
14, 82
15, 153
16, 423
17, 61
18, 54
19, 43
20, 133
21, 53
22, 45
23, 114
24, 188
25, 68
26, 43
27, 65
28, 127
29, 43
30, 63
31, 57
32, 81
33, 44
34, 43
35, 210
36, 50
37, 95
38, 75
39, 43
40, 61
41, 61
42, 67
43, 51
44, 45
45, 58
46, 42
47, 53
48, 117
49, 170
50, 55
51, 158
52, 85
53, 181
54, 44
55, 74
56, 73
57, 216
58, 50
59, 47
60, 57
61, 82
62, 48
63, 87
64, 53
65, 49
66, 49
67, 46
68, 49
69, 52
70, 86
71, 252
72, 45
73, 73
74, 89
75, 76
76, 79
77, 76
78, 71
79, 56
80, 343
81, 49
82, 128
83, 44
84, 45
85, 106
86, 58
87, 143
88, 55
89, 160
90, 91
91, 318
92, 121
93, 43
94, 50
95, 175
96, 42
97, 98
98, 62
99, 84
100, 45
101, 53
102, 44
103, 57
104, 46
105, 44
106, 68
107, 48
108, 49
109, 58
110, 50
111, 72
112, 46
113, 71
114, 71
115, 44
116, 81
117, 43
118, 43
119, 49
120, 43
121, 81
122, 48
123, 70
124, 49
125, 47
126, 65
127, 43
128, 55
129, 61
130, 74
131, 50
132, 45
133, 44
134, 150
135, 95
136, 87
137, 151
138, 101
139, 61
140, 47
141, 86
142, 48
143, 44
144, 56
145, 64
146, 48
147, 66
148, 67
149, 65
150, 68
151, 47
152, 63
153, 77
154, 64
155, 54
156, 52
157, 134
158, 171
159, 87
160, 89
161, 46
162, 122
163, 126
164, 369
165, 95
166, 45
167, 44
168, 137
169, 52
170, 67
171, 57
172, 60
173, 43
174, 58
175, 59
176, 115
177, 68
178, 61
179, 114
180, 78
181, 77
182, 60
183, 76
184, 154
185, 93
186, 93
187, 110
188, 155
189, 221
190, 133
