1, 139
2, 51
3, 140
4, 44
5, 76
6, 81
7, 68
8, 112
9, 106
10, 93
11, 129
12, 101
13, 216
14, 43
15, 53
16, 42
17, 50
18, 139
19, 44
20, 109
21, 61
22, 43
23, 66
24, 55
25, 205
26, 60
27, 41
28, 59
29, 48
30, 41
31, 49
32, 47
33, 61
34, 146
35, 42
36, 54
37, 53
38, 97
39, 49
40, 127
41, 41
42, 54
43, 45
44, 108
45, 133
46, 52
47, 163
48, 84
49, 60
50, 169
51, 53
52, 51
53, 46
54, 42
55, 84
56, 41
57, 59
58, 106
59, 78
60, 62
61, 85
62, 49
63, 42
64, 75
65, 63
66, 49
67, 41
68, 86
69, 59
70, 51
71, 111
72, 59
73, 93
74, 46
75, 66
76, 88
77, 158
78, 55
79, 98
80, 87
81, 42
82, 67
83, 43
84, 56
85, 67
86, 79
87, 182
88, 80
89, 57
90, 71
91, 41
92, 87
93, 102
94, 83
95, 73
96, 79
97, 80
98, 99
99, 62
100, 107
101, 51
102, 53
103, 378
104, 41
105, 144
106, 53
107, 52
108, 56
109, 51
110, 41
111, 49
112, 71
113, 66
114, 51
115, 42
116, 90
117, 41
118, 88
119, 57
120, 90
121, 62
122, 76
123, 67
124, 42
125, 57
126, 55
127, 57
128, 54
129, 93
130, 90
131, 114
132, 57
133, 67
134, 88
135, 50
136, 231
137, 100
138, 58
139, 106
140, 148
141, 68
142, 57
143, 75
144, 111
145, 318
146, 109
147, 74
148, 62
149, 68
150, 131
151, 88
152, 44
153, 58
154, 40
155, 43
156, 54
157, 47
158, 75
159, 72
160, 43
161, 103
162, 41
163, 60
164, 148
165, 41
166, 75
167, 71
168, 173
169, 41
170, 73
171, 41
172, 118
173, 62
174, 59
175, 42
176, 85
177, 41
178, 56
179, 64
180, 41
181, 44
182, 67
183, 46
184, 77
185, 76
186, 44
187, 52
188, 92
189, 46
190, 63
