004, 88.0263, 1.467105, 0.02445175
005, 89.943165, 1.49905275, 0.0249842125
006, 66.325068, 1.1054178, 0.01842363
007, 154.136251, 2.56893751667, 0.0428156252778
008, 70.501609, 1.17502681667, 0.0195837802778
009, 66.651939, 1.11086565, 0.0185144275
010, 118.293172, 1.97155286667, 0.0328592144444
011, 66.620741, 1.11034568333, 0.0185057613889
012, 65.535477, 1.09225795, 0.0182042991667
013, 99.404593, 1.65674321667, 0.0276123869444
014, 110.688633, 1.84481055, 0.0307468425
015, 69.092967, 1.15154945, 0.0191924908333
016, 93.231625, 1.55386041667, 0.0258976736111
017, 108.360274, 1.80600456667, 0.0301000761111
018, 57.870649, 0.964510816667, 0.0160751802778
019, 97.54714, 1.62578566667, 0.0270964277778
020, 117.746813, 1.96244688333, 0.0327074480556
021, 74.453079, 1.24088465, 0.0206814108333
022, 138.953728, 2.31589546667, 0.0385982577778
023, 68.571492, 1.1428582, 0.0190476366667
024, 104.79028, 1.74650466667, 0.0291084111111
025, 64.563474, 1.0760579, 0.0179342983333
026, 71.775436, 1.19625726667, 0.0199376211111
027, 70.353225, 1.17255375, 0.0195425625
028, 67.265456, 1.12109093333, 0.0186848488889
029, 97.60599, 1.6267665, 0.027112775
030, 194.582782, 3.24304636667, 0.0540507727778
031, 72.200016, 1.2033336, 0.02005556
032, 176.651936, 2.94419893333, 0.0490699822222
033, 84.607026, 1.4101171, 0.0235019516667
034, 67.896361, 1.13160601667, 0.0188601002778
035, 68.202236, 1.13670393333, 0.0189450655556
036, 55.988055, 0.93313425, 0.0155522375
037, 84.951282, 1.4158547, 0.0235975783333
038, 56.205359, 0.936755983333, 0.0156125997222
039, 57.461032, 0.957683866667, 0.0159613977778
040, 140.796803, 2.34661338333, 0.0391102230556
041, 106.73024, 1.77883733333, 0.0296472888889
042, 78.525013, 1.30875021667, 0.0218125036111
043, 58.48147, 0.974691166667, 0.0162448527778
044, 62.263534, 1.03772556667, 0.0172954261111
045, 56.617964, 0.943632733333, 0.0157272122222
046, 56.374659, 0.93957765, 0.0156596275
047, 58.608313, 0.976805216667, 0.0162800869444
048, 59.319566, 0.988659433333, 0.0164776572222
049, 59.307738, 0.9884623, 0.0164743716667
050, 56.221133, 0.937018883333, 0.0156169813889
051, 58.031519, 0.967191983333, 0.0161198663889
052, 56.119098, 0.9353183, 0.0155886383333
053, 58.687687, 0.978128116667, 0.0163021352778
054, 71.396137, 1.18993561667, 0.0198322602778
055, 63.59313, 1.0598855, 0.0176647583333
056, 86.410966, 1.44018276667, 0.0240030461111
057, 107.499231, 1.79165385, 0.0298608975
058, 105.821635, 1.76369391667, 0.0293948986111
059, 74.386, 1.23976666667, 0.0206627777778
060, 57.206396, 0.953439933333, 0.0158906655556
061, 57.683341, 0.961389016667, 0.0160231502778
062, 144.41371, 2.40689516667, 0.0401149194444
063, 69.1257, 1.152095, 0.0192015833333
064, 305.841052, 5.09735086667, 0.0849558477778
065, 136.675038, 2.2779173, 0.0379652883333
066, 59.366991, 0.98944985, 0.0164908308333
067, 56.437771, 0.940629516667, 0.0156771586111
068, 245.578697, 4.09297828333, 0.0682163047222
069, 105.137708, 1.75229513333, 0.0292049188889
070, 61.403386, 1.02338976667, 0.0170564961111
071, 68.289927, 1.13816545, 0.0189694241667
072, 110.942831, 1.84904718333, 0.0308174530556
073, 56.885661, 0.94809435, 0.0158015725
074, 131.434538, 2.19057563333, 0.0365095938889
075, 75.70519, 1.26175316667, 0.0210292194444
076, 98.546412, 1.6424402, 0.0273740033333
077, 128.509236, 2.1418206, 0.03569701
078, 60.274896, 1.0045816, 0.0167430266667
079, 57.863697, 0.96439495, 0.0160732491667
080, 115.547403, 1.92579005, 0.0320965008333
081, 83.343426, 1.3890571, 0.0231509516667
082, 60.492402, 1.0082067, 0.016803445
083, 61.950095, 1.03250158333, 0.0172083597222
084, 113.314677, 1.88857795, 0.0314762991667
085, 62.046429, 1.03410715, 0.0172351191667
086, 114.379841, 1.90633068333, 0.0317721780556
087, 113.291637, 1.88819395, 0.0314698991667
088, 67.519446, 1.1253241, 0.0187554016667
089, 58.831588, 0.980526466667, 0.0163421077778
090, 58.600258, 0.976670966667, 0.0162778494444
091, 79.26932, 1.32115533333, 0.0220192555556
092, 84.99574, 1.41659566667, 0.0236099277778
093, 65.474484, 1.0912414, 0.0181873566667
094, 56.26001, 0.937666833333, 0.0156277805556
095, 58.360934, 0.972682233333, 0.0162113705556
096, 64.675756, 1.07792926667, 0.0179654877778
097, 60.485943, 1.00809905, 0.0168016508333
098, 63.62545, 1.06042416667, 0.0176737361111
099, 75.094039, 1.25156731667, 0.0208594552778
100, 129.535794, 2.1589299, 0.035982165
101, 132.401424, 2.2066904, 0.0367781733333
102, 62.333634, 1.0388939, 0.0173148983333
103, 64.64083, 1.07734716667, 0.0179557861111
104, 63.237232, 1.05395386667, 0.0175658977778
105, 79.007691, 1.31679485, 0.0219465808333
106, 61.596277, 1.02660461667, 0.0171100769444
107, 85.901462, 1.43169103333, 0.0238615172222
108, 100.089117, 1.66815195, 0.0278025325
109, 56.76074, 0.946012333333, 0.0157668722222
110, 59.272148, 0.987869133333, 0.0164644855556
111, 70.810922, 1.18018203333, 0.0196697005556
112, 75.397553, 1.25662588333, 0.0209437647222
113, 60.18332, 1.00305533333, 0.0167175888889
114, 76.316067, 1.27193445, 0.0211989075
115, 172.120458, 2.8686743, 0.0478112383333
116, 61.014263, 1.01690438333, 0.0169484063889
117, 56.676868, 0.944614466667, 0.0157435744444
118, 67.095815, 1.11826358333, 0.0186377263889
119, 70.158847, 1.16931411667, 0.0194885686111
120, 61.364057, 1.02273428333, 0.0170455713889
121, 85.010056, 1.41683426667, 0.0236139044444
122, 66.090325, 1.10150541667, 0.0183584236111
123, 68.591289, 1.14318815, 0.0190531358333
124, 64.573057, 1.07621761667, 0.0179369602778
125, 68.251327, 1.13752211667, 0.0189587019444
126, 57.304584, 0.9550764, 0.01591794
127, 82.422282, 1.3737047, 0.0228950783333
128, 57.673968, 0.9612328, 0.0160205466667
129, 172.148082, 2.8691347, 0.0478189116667
130, 81.31795, 1.35529916667, 0.0225883194444
131, 138.255322, 2.30425536667, 0.0384042561111
132, 93.456332, 1.55760553333, 0.0259600922222
133, 65.149283, 1.08582138333, 0.0180970230556
134, 79.013256, 1.3168876, 0.0219481266667
135, 57.868078, 0.964467966667, 0.0160744661111
136, 79.151985, 1.31919975, 0.0219866625
137, 140.743346, 2.34572243333, 0.0390953738889
138, 59.416232, 0.990270533333, 0.0165045088889
139, 90.982399, 1.51637331667, 0.0252728886111
140, 62.151071, 1.03585118333, 0.0172641863889
141, 57.186318, 0.9531053, 0.0158850883333
142, 79.938499, 1.33230831667, 0.0222051386111
143, 84.334148, 1.40556913333, 0.0234261522222
144, 58.201472, 0.970024533333, 0.0161670755556
145, 70.80135, 1.1800225, 0.0196670416667
146, 79.116195, 1.31860325, 0.0219767208333
147, 97.349464, 1.62249106667, 0.0270415177778
148, 59.059772, 0.984329533333, 0.0164054922222
149, 89.0435, 1.48405833333, 0.0247343055556
150, 58.188236, 0.969803933333, 0.0161633988889
151, 110.291406, 1.8381901, 0.0306365016667
152, 107.302578, 1.7883763, 0.0298062716667
153, 56.331076, 0.938851266667, 0.0156475211111
154, 66.723568, 1.11205946667, 0.0185343244444
155, 58.397505, 0.97329175, 0.0162215291667
156, 81.962431, 1.36604051667, 0.0227673419444
157, 71.662976, 1.19438293333, 0.0199063822222
158, 82.86238, 1.38103966667, 0.0230173277778
159, 95.290508, 1.58817513333, 0.0264695855556
160, 78.571851, 1.30953085, 0.0218255141667
161, 60.931874, 1.01553123333, 0.0169255205556
162, 56.585733, 0.94309555, 0.0157182591667
163, 93.849611, 1.56416018333, 0.0260693363889
164, 56.947948, 0.949132466667, 0.0158188744444
165, 91.26677, 1.52111283333, 0.0253518805556
166, 63.123918, 1.0520653, 0.0175344216667
167, 56.391949, 0.939865816667, 0.0156644302778
168, 56.974368, 0.9495728, 0.0158262133333
169, 70.304663, 1.17174438333, 0.0195290730556
170, 87.083929, 1.45139881667, 0.0241899802778
171, 58.99628, 0.983271333333, 0.0163878555556
172, 63.803344, 1.06338906667, 0.0177231511111
173, 59.668149, 0.99446915, 0.0165744858333
174, 95.234262, 1.5872377, 0.0264539616667
175, 63.368773, 1.05614621667, 0.0176024369444
176, 73.97832, 1.232972, 0.0205495333333
177, 74.940086, 1.24900143333, 0.0208166905556
178, 77.106185, 1.28510308333, 0.0214183847222
179, 58.580306, 0.976338433333, 0.0162723072222
180, 70.845669, 1.18076115, 0.0196793525
181, 63.474054, 1.0579009, 0.0176316816667
182, 135.524858, 2.25874763333, 0.0376457938889
183, 81.811915, 1.36353191667, 0.0227255319444
184, 61.052319, 1.01753865, 0.0169589775
185, 81.726519, 1.36210865, 0.0227018108333
186, 103.799223, 1.72998705, 0.0288331175
187, 68.713416, 1.1452236, 0.01908706
188, 78.613833, 1.31023055, 0.0218371758333
189, 98.126716, 1.63544526667, 0.0272574211111
190, 91.061449, 1.51769081667, 0.0252948469444
191, 69.554821, 1.15924701667, 0.0193207836111
192, 65.092669, 1.08487781667, 0.0180812969444
193, 99.450896, 1.65751493333, 0.0276252488889
194, 106.302247, 1.77170411667, 0.0295284019444
195, 57.164015, 0.952733583333, 0.0158788930556
196, 73.55217, 1.2258695, 0.0204311583333
197, 63.417954, 1.0569659, 0.0176160983333
198, 57.403028, 0.956717133333, 0.0159452855556
199, 57.53513, 0.958918833333, 0.0159819805556
200, 75.951751, 1.26586251667, 0.0210977086111
