001, 64.470384, 1.0745064, 0.01790844
002, 0.793825, 0.0132304166667, 0.000220506944444
003, 0.717031, 0.0119505166667, 0.000199175277778
004, 75.804677, 1.26341128333, 0.0210568547222
005, 48.105186, 0.8017531, 0.0133625516667
006, 71.325739, 1.18876231667, 0.0198127052778
007, 65.654863, 1.09424771667, 0.0182374619444
008, 48.731887, 0.812198116667, 0.0135366352778
009, 60.767874, 1.0127979, 0.016879965
010, 49.130749, 0.818845816667, 0.0136474302778
011, 70.191871, 1.16986451667, 0.0194977419444
012, 52.28473, 0.871412166667, 0.0145235361111
013, 53.244736, 0.887412266667, 0.0147902044444
014, 56.488858, 0.941480966667, 0.0156913494444
015, 99.805735, 1.66342891667, 0.0277238152778
016, 60.18422, 1.00307033333, 0.0167178388889
017, 66.913114, 1.11521856667, 0.0185869761111
018, 55.891443, 0.93152405, 0.0155254008333
019, 195.050668, 3.25084446667, 0.0541807411111
020, 58.917131, 0.981952183333, 0.0163658697222
021, 93.189019, 1.55315031667, 0.0258858386111
022, 120.213239, 2.00355398333, 0.0333925663889
023, 52.010588, 0.866843133333, 0.0144473855556
024, 80.403506, 1.34005843333, 0.0223343072222
025, 76.622133, 1.27703555, 0.0212839258333
026, 60.306739, 1.00511231667, 0.0167518719444
027, 55.574207, 0.926236783333, 0.0154372797222
028, 62.535572, 1.04225953333, 0.0173709922222
029, 90.001211, 1.50002018333, 0.0250003363889
030, 146.878507, 2.44797511667, 0.0407995852778
031, 57.176153, 0.952935883333, 0.0158822647222
032, 93.693966, 1.5615661, 0.0260261016667
033, 56.227155, 0.93711925, 0.0156186541667
034, 53.64525, 0.8940875, 0.0149014583333
035, 166.327735, 2.77212891667, 0.0462021486111
036, 64.102724, 1.06837873333, 0.0178063122222
037, 65.03365, 1.08389416667, 0.0180649027778
038, 52.493011, 0.874883516667, 0.0145813919444
039, 77.826987, 1.29711645, 0.0216186075
040, 59.387791, 0.989796516667, 0.0164966086111
041, 59.452812, 0.9908802, 0.01651467
042, 49.12012, 0.818668666667, 0.0136444777778
043, 70.134016, 1.16890026667, 0.0194816711111
044, 93.604466, 1.56007443333, 0.0260012405556
045, 76.754204, 1.27923673333, 0.0213206122222
046, 69.308672, 1.15514453333, 0.0192524088889
047, 84.704464, 1.41174106667, 0.0235290177778
048, 78.093039, 1.30155065, 0.0216925108333
049, 55.807223, 0.930120383333, 0.0155020063889
050, 76.827833, 1.28046388333, 0.0213410647222
051, 51.267166, 0.854452766667, 0.0142408794444
052, 130.802069, 2.18003448333, 0.0363339080556
053, 92.871947, 1.54786578333, 0.0257977630556
054, 83.874214, 1.39790356667, 0.0232983927778
055, 53.47695, 0.8912825, 0.0148547083333
056, 66.944674, 1.11574456667, 0.0185957427778
057, 108.205397, 1.80342328333, 0.0300570547222
058, 93.256524, 1.5542754, 0.02590459
059, 69.935737, 1.16559561667, 0.0194265936111
060, 54.664907, 0.911081783333, 0.0151846963889
061, 80.40513, 1.3400855, 0.0223347583333
062, 77.800015, 1.29666691667, 0.0216111152778
063, 105.144841, 1.75241401667, 0.0292069002778
064, 70.256886, 1.1709481, 0.0195158016667
065, 93.179508, 1.5529918, 0.0258831966667
066, 146.896718, 2.44827863333, 0.0408046438889
067, 55.303425, 0.92172375, 0.0153620625
068, 65.268996, 1.0878166, 0.0181302766667
069, 134.181241, 2.23635401667, 0.0372725669444
070, 101.060624, 1.68434373333, 0.0280723955556
071, 59.583037, 0.993050616667, 0.0165508436111
072, 105.874236, 1.7645706, 0.02940951
073, 113.818247, 1.89697078333, 0.0316161797222
074, 109.596247, 1.82660411667, 0.0304434019444
075, 108.037545, 1.80062575, 0.0300104291667
076, 122.171701, 2.03619501667, 0.0339365836111
077, 59.554347, 0.99257245, 0.0165428741667
078, 60.178436, 1.00297393333, 0.0167162322222
079, 124.708137, 2.07846895, 0.0346411491667
080, 74.567193, 1.24278655, 0.0207131091667
081, 123.182067, 2.05303445, 0.0342172408333
082, 57.89417, 0.964902833333, 0.0160817138889
083, 50.824848, 0.8470808, 0.0141180133333
084, 54.811525, 0.913525416667, 0.0152254236111
085, 67.549377, 1.12582295, 0.0187637158333
086, 58.903355, 0.981722583333, 0.0163620430556
087, 124.919042, 2.08198403333, 0.0346997338889
088, 123.77427, 2.0629045, 0.0343817416667
089, 51.669369, 0.86115615, 0.0143526025
090, 87.648816, 1.4608136, 0.0243468933333
091, 90.562402, 1.50937336667, 0.0251562227778
092, 80.384811, 1.33974685, 0.0223291141667
093, 67.023087, 1.11705145, 0.0186175241667
094, 50.291707, 0.838195116667, 0.0139699186111
095, 92.800508, 1.54667513333, 0.0257779188889
096, 80.470989, 1.34118315, 0.0223530525
097, 245.00867, 4.08347783333, 0.0680579638889
098, 54.58215, 0.9097025, 0.0151617083333
099, 52.760656, 0.879344266667, 0.0146557377778
100, 71.742526, 1.19570876667, 0.0199284794444
101, 104.640624, 1.7440104, 0.02906684
102, 64.731875, 1.07886458333, 0.0179810763889
103, 101.576384, 1.69293973333, 0.0282156622222
104, 69.768735, 1.16281225, 0.0193802041667
105, 66.950459, 1.11584098333, 0.0185973497222
106, 65.197716, 1.0866286, 0.0181104766667
107, 59.288105, 0.988135083333, 0.0164689180556
108, 135.377242, 2.25628736667, 0.0376047894444
109, 63.64899, 1.0608165, 0.017680275
110, 106.083647, 1.76806078333, 0.0294676797222
111, 80.266298, 1.33777163333, 0.0222961938889
112, 71.47821, 1.1913035, 0.0198550583333
113, 79.317, 1.32195, 0.0220325
114, 57.976904, 0.966281733333, 0.0161046955556
115, 67.833198, 1.1305533, 0.018842555
116, 79.52553, 1.3254255, 0.022090425
117, 56.448069, 0.94080115, 0.0156800191667
118, 72.244716, 1.2040786, 0.0200679766667
119, 58.290255, 0.97150425, 0.0161917375
120, 79.96885, 1.33281416667, 0.0222135694444
121, 87.810901, 1.46351501667, 0.0243919169444
122, 72.685914, 1.2114319, 0.0201905316667
123, 69.33075, 1.1555125, 0.0192585416667
124, 148.608282, 2.4768047, 0.0412800783333
125, 73.825048, 1.23041746667, 0.0205069577778
126, 83.975947, 1.39959911667, 0.0233266519444
127, 92.804151, 1.54673585, 0.0257789308333
128, 57.3173, 0.955288333333, 0.0159214722222
129, 92.991589, 1.54985981667, 0.0258309969444
130, 74.374259, 1.23957098333, 0.0206595163889
131, 74.30535, 1.2384225, 0.020640375
132, 90.960226, 1.51600376667, 0.0252667294444
133, 76.05099, 1.2675165, 0.021125275
134, 137.572364, 2.29287273333, 0.0382145455556
135, 61.505477, 1.02509128333, 0.0170848547222
136, 125.999989, 2.09999981667, 0.0349999969444
137, 109.707854, 1.82846423333, 0.0304744038889
138, 69.602298, 1.1600383, 0.0193339716667
139, 145.956115, 2.43260191667, 0.0405433652778
140, 60.120859, 1.00201431667, 0.0167002386111
141, 107.849641, 1.79749401667, 0.0299582336111
142, 85.629552, 1.4271592, 0.0237859866667
143, 102.993196, 1.71655326667, 0.0286092211111
144, 50.666168, 0.844436133333, 0.0140739355556
145, 118.705207, 1.97842011667, 0.0329736686111
146, 126.30339, 2.1050565, 0.035084275
147, 62.545085, 1.04241808333, 0.0173736347222
148, 89.938115, 1.49896858333, 0.0249828097222
149, 66.084084, 1.1014014, 0.01835669
150, 56.12017, 0.935336166667, 0.0155889361111
151, 59.633359, 0.993889316667, 0.0165648219444
152, 73.799115, 1.22998525, 0.0204997541667
153, 52.776818, 0.879613633333, 0.0146602272222
154, 70.131621, 1.16886035, 0.0194810058333
155, 84.245592, 1.4040932, 0.0234015533333
156, 76.183986, 1.2697331, 0.0211622183333
157, 63.66553, 1.06109216667, 0.0176848694444
158, 53.863984, 0.897733066667, 0.0149622177778
159, 56.793748, 0.946562466667, 0.0157760411111
160, 65.357567, 1.08929278333, 0.0181548797222
161, 57.833358, 0.9638893, 0.0160648216667
162, 59.630585, 0.993843083333, 0.0165640513889
163, 51.773208, 0.8628868, 0.0143814466667
164, 78.221951, 1.30369918333, 0.0217283197222
165, 78.68362, 1.31139366667, 0.0218565611111
166, 58.897274, 0.981621233333, 0.0163603538889
167, 67.134028, 1.11890046667, 0.0186483411111
168, 50.958903, 0.84931505, 0.0141552508333
169, 101.829776, 1.69716293333, 0.0282860488889
170, 61.804952, 1.03008253333, 0.0171680422222
171, 61.272706, 1.02121176667, 0.0170201961111
172, 51.215114, 0.853585233333, 0.0142264205556
173, 88.309432, 1.47182386667, 0.0245303977778
174, 87.375318, 1.4562553, 0.0242709216667
175, 51.560755, 0.859345916667, 0.0143224319444
176, 122.692574, 2.04487623333, 0.0340812705556
177, 125.221365, 2.08702275, 0.0347837125
178, 82.774456, 1.37957426667, 0.0229929044444
179, 52.802066, 0.880034433333, 0.0146672405556
180, 87.583906, 1.45973176667, 0.0243288627778
181, 78.201596, 1.30335993333, 0.0217226655556
182, 99.351038, 1.65585063333, 0.0275975105556
183, 63.125225, 1.05208708333, 0.0175347847222
184, 63.710935, 1.06184891667, 0.0176974819444
185, 104.705036, 1.74508393333, 0.0290847322222
186, 104.210149, 1.73683581667, 0.0289472636111
187, 64.335815, 1.07226358333, 0.0178710597222
188, 114.962267, 1.91603778333, 0.0319339630556
189, 57.139981, 0.952333016667, 0.0158722169444
190, 50.385298, 0.839754966667, 0.0139959161111
191, 99.410576, 1.65684293333, 0.0276140488889
192, 55.520708, 0.925345133333, 0.0154224188889
193, 63.5692, 1.05948666667, 0.0176581111111
194, 80.862482, 1.34770803333, 0.0224618005556
195, 55.53631, 0.925605166667, 0.0154267527778
196, 54.100907, 0.901681783333, 0.0150280297222
197, 58.712131, 0.978535516667, 0.0163089252778
198, 64.359416, 1.07265693333, 0.0178776155556
199, 58.877291, 0.981288183333, 0.0163548030556
200, 418.748697, 6.97914495, 0.1163190825
