004, 61.337102, 1.02228503333, 0.0170380838889
005, 85.127482, 1.41879136667, 0.0236465227778
006, 91.495646, 1.52492743333, 0.0254154572222
007, 115.581567, 1.92635945, 0.0321059908333
008, 77.335789, 1.28892981667, 0.0214821636111
009, 57.295876, 0.954931266667, 0.0159155211111
010, 67.799096, 1.12998493333, 0.0188330822222
011, 87.80936, 1.46348933333, 0.0243914888889
012, 57.658581, 0.96097635, 0.0160162725
013, 60.027916, 1.00046526667, 0.0166744211111
014, 80.986107, 1.34976845, 0.0224961408333
015, 94.728767, 1.57881278333, 0.0263135463889
016, 112.290598, 1.87150996667, 0.0311918327778
017, 100.850548, 1.68084246667, 0.0280140411111
018, 43.070798, 0.717846633333, 0.0119641105556
019, 108.299314, 1.80498856667, 0.0300831427778
020, 195.071044, 3.25118406667, 0.0541864011111
021, 98.964489, 1.64940815, 0.0274901358333
022, 102.578772, 1.7096462, 0.0284941033333
023, 97.516226, 1.62527043333, 0.0270878405556
024, 317.950255, 5.29917091667, 0.0883195152778
025, 99.747762, 1.6624627, 0.0277077116667
026, 102.061773, 1.70102955, 0.0283504925
027, 189.644855, 3.16074758333, 0.0526791263889
028, 70.714217, 1.17857028333, 0.0196428380556
029, 94.066321, 1.56777201667, 0.0261295336111
030, 152.897985, 2.54829975, 0.0424716625
031, 74.050191, 1.23416985, 0.0205694975
032, 99.429556, 1.65715926667, 0.0276193211111
033, 191.362634, 3.18937723333, 0.0531562872222
034, 116.204974, 1.93674956667, 0.0322791594444
035, 102.710128, 1.71183546667, 0.0285305911111
036, 55.215691, 0.920261516667, 0.0153376919444
037, 216.987101, 3.61645168333, 0.0602741947222
038, 74.422619, 1.24037698333, 0.0206729497222
039, 138.846504, 2.3141084, 0.0385684733333
040, 137.136578, 2.28560963333, 0.0380934938889
041, 79.878162, 1.3313027, 0.0221883783333
042, 84.433756, 1.40722926667, 0.0234538211111
043, 173.483224, 2.89138706667, 0.0481897844444
044, 115.491487, 1.92485811667, 0.0320809686111
045, 102.137796, 1.7022966, 0.02837161
046, 149.781778, 2.49636296667, 0.0416060494444
047, 72.729597, 1.21215995, 0.0202026658333
048, 200.830051, 3.34716751667, 0.0557861252778
049, 80.940616, 1.34901026667, 0.0224835044444
050, 170.251395, 2.83752325, 0.0472920541667
051, 58.99748, 0.983291333333, 0.0163881888889
052, 63.022693, 1.05037821667, 0.0175063036111
053, 119.546974, 1.99244956667, 0.0332074927778
054, 125.069026, 2.08448376667, 0.0347413961111
055, 73.449125, 1.22415208333, 0.0204025347222
056, 188.796152, 3.14660253333, 0.0524433755556
057, 107.323238, 1.78872063333, 0.0298120105556
058, 105.315146, 1.75525243333, 0.0292542072222
059, 131.388302, 2.18980503333, 0.0364967505556
060, 100.379525, 1.67299208333, 0.0278832013889
061, 136.134182, 2.26890303333, 0.0378150505556
062, 73.709111, 1.22848518333, 0.0204747530556
063, 100.608178, 1.67680296667, 0.0279467161111
064, 396.783991, 6.61306651667, 0.110217775278
065, 151.044513, 2.51740855, 0.0419568091667
066, 90.812507, 1.51354178333, 0.0252256963889
067, 103.034082, 1.7172347, 0.0286205783333
068, 126.714969, 2.11191615, 0.0351986025
069, 118.751754, 1.9791959, 0.0329865983333
070, 129.808911, 2.16348185, 0.0360580308333
071, 103.912652, 1.73187753333, 0.0288646255556
072, 144.616139, 2.41026898333, 0.0401711497222
073, 246.633041, 4.11055068333, 0.0685091780556
074, 140.490872, 2.34151453333, 0.0390252422222
075, 216.368313, 3.60613855, 0.0601023091667
076, 116.034237, 1.93390395, 0.0322317325
077, 103.868811, 1.73114685, 0.0288524475
078, 155.242321, 2.58737201667, 0.0431228669444
079, 112.349628, 1.8724938, 0.03120823
080, 106.240979, 1.77068298333, 0.0295113830556
081, 99.3945, 1.656575, 0.0276095833333
082, 59.488878, 0.9914813, 0.0165246883333
083, 77.13854, 1.28564233333, 0.0214273722222
084, 299.740886, 4.99568143333, 0.0832613572222
085, 81.816, 1.3636, 0.0227266666667
086, 219.25351, 3.65422516667, 0.0609037527778
087, 162.856344, 2.7142724, 0.0452378733333
088, 257.610885, 4.29351475, 0.0715585791667
089, 72.691023, 1.21151705, 0.0201919508333
090, 100.154962, 1.66924936667, 0.0278208227778
091, 195.76471, 3.26274516667, 0.0543790861111
092, 351.052062, 5.8508677, 0.0975144616667
093, 61.153185, 1.01921975, 0.0169869958333
094, 54.030729, 0.90051215, 0.0150085358333
095, 158.90144, 2.64835733333, 0.0441392888889
096, 163.906516, 2.73177526667, 0.0455295877778
097, 120.518113, 2.00863521667, 0.0334772536111
098, 150.365889, 2.50609815, 0.0417683025
099, 163.93987, 2.73233116667, 0.0455388527778
100, 127.324588, 2.12207646667, 0.0353679411111
101, 110.464599, 1.84107665, 0.0306846108333
102, 362.444626, 6.04074376667, 0.100679062778
103, 197.799036, 3.2966506, 0.0549441766667
104, 62.734784, 1.04557973333, 0.0174263288889
105, 97.361453, 1.62269088333, 0.0270448480556
106, 128.716169, 2.14526948333, 0.0357544913889
107, 65.406898, 1.09011496667, 0.0181685827778
108, 314.055946, 5.23426576667, 0.0872377627778
109, 96.254828, 1.60424713333, 0.0267374522222
110, 139.203588, 2.3200598, 0.0386676633333
111, 73.439053, 1.22398421667, 0.0203997369444
112, 93.218996, 1.55364993333, 0.0258941655556
113, 62.421217, 1.04035361667, 0.0173392269444
114, 105.877216, 1.76462026667, 0.0294103377778
115, 115.158265, 1.91930441667, 0.0319884069444
116, 97.858558, 1.63097596667, 0.0271829327778
117, 87.314833, 1.45524721667, 0.0242541202778
118, 100.029672, 1.6671612, 0.02778602
119, 56.365463, 0.939424383333, 0.0156570730556
120, 59.901702, 0.9983617, 0.0166393616667
121, 161.825662, 2.69709436667, 0.0449515727778
122, 94.701663, 1.57836105, 0.0263060175
123, 155.644537, 2.59407561667, 0.0432345936111
124, 188.706183, 3.14510305, 0.0524183841667
125, 52.972695, 0.88287825, 0.0147146375
126, 108.649844, 1.81083073333, 0.0301805122222
127, 60.173536, 1.00289226667, 0.0167148711111
128, 78.659241, 1.31098735, 0.0218497891667
129, 116.821949, 1.94703248333, 0.0324505413889
130, 82.774685, 1.37957808333, 0.0229929680556
131, 84.96434, 1.41607233333, 0.0236012055556
132, 167.495888, 2.79159813333, 0.0465266355556
133, 64.472372, 1.07453953333, 0.0179089922222
134, 62.654075, 1.04423458333, 0.0174039097222
135, 73.343028, 1.2223838, 0.0203730633333
136, 181.30366, 3.02172766667, 0.0503621277778
137, 257.777581, 4.29629301667, 0.0716048836111
138, 65.653976, 1.09423293333, 0.0182372155556
139, 113.233512, 1.8872252, 0.0314537533333
140, 59.875753, 0.997929216667, 0.0166321536111
141, 127.980086, 2.13300143333, 0.0355500238889
142, 98.286398, 1.63810663333, 0.0273017772222
143, 113.07659, 1.88460983333, 0.0314101638889
144, 153.297317, 2.55495528333, 0.0425825880556
145, 56.142893, 0.935714883333, 0.0155952480556
146, 89.337067, 1.48895111667, 0.0248158519444
147, 75.993571, 1.26655951667, 0.0211093252778
148, 201.120822, 3.3520137, 0.055866895
149, 276.274872, 4.6045812, 0.07674302
150, 69.116995, 1.15194991667, 0.0191991652778
151, 111.697197, 1.86161995, 0.0310269991667
152, 108.040103, 1.80066838333, 0.0300111397222
153, 50.066983, 0.834449716667, 0.0139074952778
154, 417.329716, 6.95549526667, 0.115924921111
155, 152.346185, 2.53910308333, 0.0423183847222
156, 215.908205, 3.59847008333, 0.0599745013889
157, 114.903548, 1.91505913333, 0.0319176522222
158, 86.016294, 1.4336049, 0.023893415
159, 67.300089, 1.12166815, 0.0186944691667
160, 123.002188, 2.05003646667, 0.0341672744444
161, 77.936768, 1.29894613333, 0.0216491022222
162, 91.87535, 1.53125583333, 0.0255209305556
163, 67.802802, 1.1300467, 0.0188341116667
164, 82.003486, 1.36672476667, 0.0227787461111
165, 71.752523, 1.19587538333, 0.0199312563889
166, 230.514578, 3.84190963333, 0.0640318272222
167, 94.029308, 1.56715513333, 0.0261192522222
168, 408.258993, 6.80431655, 0.113405275833
169, 506.088141, 8.43480235, 0.140580039167
170, 147.779912, 2.46299853333, 0.0410499755556
171, 126.261776, 2.10436293333, 0.0350727155556
172, 81.869943, 1.36449905, 0.0227416508333
173, 66.923188, 1.11538646667, 0.0185897744444
174, 86.691071, 1.44485118333, 0.0240808530556
175, 45.188432, 0.753140533333, 0.0125523422222
176, 117.19809, 1.9533015, 0.032555025
177, 73.622335, 1.22703891667, 0.0204506486111
178, 116.836886, 1.94728143333, 0.0324546905556
179, 85.317196, 1.42195326667, 0.0236992211111
180, 84.475541, 1.40792568333, 0.0234654280556
181, 81.273238, 1.35455396667, 0.0225758994444
182, 142.603563, 2.37672605, 0.0396121008333
183, 61.140226, 1.01900376667, 0.0169833961111
184, 55.169555, 0.919492583333, 0.0153248763889
185, 62.327694, 1.0387949, 0.0173132483333
186, 198.003251, 3.30005418333, 0.0550009030556
187, 61.316885, 1.02194808333, 0.0170324680556
188, 49.505155, 0.825085916667, 0.0137514319444
189, 508.889978, 8.48149963333, 0.141358327222
190, 225.100112, 3.75166853333, 0.0625278088889
191, 73.498582, 1.22497636667, 0.0204162727778
192, 89.691279, 1.49485465, 0.0249142441667
193, 59.829053, 0.997150883333, 0.0166191813889
194, 122.727494, 2.04545823333, 0.0340909705556
195, 163.985816, 2.73309693333, 0.0455516155556
196, 93.342082, 1.55570136667, 0.0259283561111
197, 101.660749, 1.69434581667, 0.0282390969444
198, 78.698951, 1.31164918333, 0.0218608197222
199, 82.198561, 1.36997601667, 0.0228329336111
200, 381.562541, 6.35937568333, 0.105989594722
