003, 6.693127, 0.111552116667, 0.00185920194444
004, 6.632251, 0.110537516667, 0.00184229194444
005, 6.908844, 0.1151474, 0.00191912333333
006, 16.93171, 0.282195166667, 0.00470325277778
007, 5.966377, 0.0994396166667, 0.00165732694444
008, 5.965879, 0.0994313166667, 0.00165718861111
009, 12.127903, 0.202131716667, 0.00336886194444
010, 5.992927, 0.0998821166667, 0.00166470194444
011, 11.89553, 0.198258833333, 0.00330431388889
012, 8.731248, 0.1455208, 0.00242534666667
013, 8.950651, 0.149177516667, 0.00248629194444
014, 8.299324, 0.138322066667, 0.00230536777778
015, 7.018791, 0.11697985, 0.00194966416667
016, 7.35965, 0.122660833333, 0.00204434722222
017, 12.993099, 0.21655165, 0.00360919416667
018, 6.120545, 0.102009083333, 0.00170015138889
019, 20.451477, 0.34085795, 0.00568096583333
020, 10.645083, 0.17741805, 0.0029569675
021, 11.390096, 0.189834933333, 0.00316391555556
022, 48.790285, 0.813171416667, 0.0135528569444
023, 6.680366, 0.111339433333, 0.00185565722222
024, 8.214143, 0.136902383333, 0.00228170638889
025, 9.92525, 0.165420833333, 0.00275701388889
026, 6.680939, 0.111348983333, 0.00185581638889
027, 5.840915, 0.0973485833333, 0.00162247638889
028, 7.189232, 0.119820533333, 0.00199700888889
029, 8.554419, 0.14257365, 0.0023762275
030, 6.493686, 0.1082281, 0.00180380166667
031, 5.694024, 0.0949004, 0.00158167333333
032, 5.858856, 0.0976476, 0.00162746
033, 6.195682, 0.103261366667, 0.00172102277778
034, 8.001983, 0.133366383333, 0.00222277305556
035, 5.786945, 0.0964490833333, 0.00160748472222
036, 5.640432, 0.0940072, 0.00156678666667
037, 5.934964, 0.0989160666667, 0.00164860111111
038, 6.013912, 0.100231866667, 0.00167053111111
039, 6.206249, 0.103437483333, 0.00172395805556
040, 5.705967, 0.09509945, 0.00158499083333
041, 5.777584, 0.0962930666667, 0.00160488444444
042, 12.807361, 0.213456016667, 0.00355760027778
043, 6.426877, 0.107114616667, 0.00178524361111
044, 10.278592, 0.171309866667, 0.00285516444444
045, 7.104555, 0.11840925, 0.0019734875
046, 5.811788, 0.0968631333333, 0.00161438555556
047, 6.78244, 0.113040666667, 0.00188401111111
048, 6.086628, 0.1014438, 0.00169073
049, 6.052323, 0.10087205, 0.00168120083333
050, 5.778708, 0.0963118, 0.00160519666667
051, 7.607932, 0.126798866667, 0.00211331444444
052, 13.815713, 0.230261883333, 0.00383769805556
053, 6.055177, 0.100919616667, 0.00168199361111
054, 5.651346, 0.0941891, 0.00156981833333
055, 5.835505, 0.0972584166667, 0.00162097361111
056, 15.962012, 0.266033533333, 0.00443389222222
057, 6.18095, 0.103015833333, 0.00171693055556
058, 6.877831, 0.114630516667, 0.00191050861111
059, 5.909549, 0.0984924833333, 0.00164154138889
060, 5.883946, 0.0980657666667, 0.00163442944444
061, 8.899706, 0.148328433333, 0.00247214055556
062, 12.6402, 0.21067, 0.00351116666667
063, 7.68939, 0.1281565, 0.00213594166667
064, 5.773561, 0.0962260166667, 0.00160376694444
065, 12.499257, 0.20832095, 0.00347201583333
066, 6.256554, 0.1042759, 0.00173793166667
067, 5.79096, 0.096516, 0.0016086
068, 5.850074, 0.0975012333333, 0.00162502055556
069, 6.802032, 0.1133672, 0.00188945333333
070, 5.831462, 0.0971910333333, 0.00161985055556
071, 7.256211, 0.12093685, 0.00201561416667
072, 6.849682, 0.114161366667, 0.00190268944444
073, 5.762868, 0.0960478, 0.00160079666667
074, 11.853074, 0.197551233333, 0.00329252055556
075, 9.852011, 0.164200183333, 0.00273666972222
076, 10.579251, 0.17632085, 0.00293868083333
077, 7.729434, 0.1288239, 0.002147065
078, 32.421777, 0.54036295, 0.00900604916667
079, 6.382738, 0.106378966667, 0.00177298277778
080, 6.71969, 0.111994833333, 0.00186658055556
081, 5.747373, 0.09578955, 0.0015964925
082, 6.3437, 0.105728333333, 0.00176213888889
083, 10.029404, 0.167156733333, 0.00278594555556
084, 5.971695, 0.09952825, 0.00165880416667
085, 7.62998, 0.127166333333, 0.00211943888889
086, 6.137624, 0.102293733333, 0.00170489555556
087, 5.911059, 0.09851765, 0.00164196083333
088, 6.675927, 0.11126545, 0.00185442416667
089, 8.090564, 0.134842733333, 0.00224737888889
090, 7.473734, 0.124562233333, 0.00207603722222
091, 7.930599, 0.13217665, 0.00220294416667
092, 9.674334, 0.1612389, 0.002687315
093, 10.632871, 0.177214516667, 0.00295357527778
094, 7.943208, 0.1323868, 0.00220644666667
095, 6.588004, 0.109800066667, 0.00183000111111
096, 7.883558, 0.131392633333, 0.00218987722222
097, 6.02872, 0.100478666667, 0.00167464444444
098, 6.645796, 0.110763266667, 0.00184605444444
099, 6.761129, 0.112685483333, 0.00187809138889
100, 6.258197, 0.104303283333, 0.00173838805556
101, 5.936862, 0.0989477, 0.00164912833333
102, 5.864797, 0.0977466166667, 0.00162911027778
103, 5.92246, 0.0987076666667, 0.00164512777778
104, 5.810642, 0.0968440333333, 0.00161406722222
105, 5.826735, 0.09711225, 0.0016185375
106, 5.74163, 0.0956938333333, 0.00159489722222
107, 6.443502, 0.1073917, 0.00178986166667
108, 5.667944, 0.0944657333333, 0.00157442888889
109, 8.412515, 0.140208583333, 0.00233680972222
110, 12.495468, 0.2082578, 0.00347096333333
111, 5.765733, 0.09609555, 0.0016015925
112, 5.940333, 0.09900555, 0.0016500925
113, 5.832904, 0.0972150666667, 0.00162025111111
114, 15.159869, 0.252664483333, 0.00421107472222
115, 6.215701, 0.103595016667, 0.00172658361111
116, 6.240869, 0.104014483333, 0.00173357472222
117, 8.710253, 0.145170883333, 0.00241951472222
118, 6.120479, 0.102007983333, 0.00170013305556
119, 11.803708, 0.196728466667, 0.00327880777778
120, 6.209785, 0.103496416667, 0.00172494027778
121, 7.683381, 0.12805635, 0.0021342725
122, 9.534901, 0.158915016667, 0.00264858361111
123, 6.016656, 0.1002776, 0.00167129333333
124, 6.209861, 0.103497683333, 0.00172496138889
125, 6.209771, 0.103496183333, 0.00172493638889
126, 5.737432, 0.0956238666667, 0.00159373111111
127, 6.6138, 0.11023, 0.00183716666667
128, 13.621081, 0.227018016667, 0.00378363361111
129, 7.891347, 0.13152245, 0.00219204083333
130, 11.018586, 0.1836431, 0.00306071833333
131, 6.290572, 0.104842866667, 0.00174738111111
132, 10.563769, 0.176062816667, 0.00293438027778
133, 6.934191, 0.11556985, 0.00192616416667
134, 6.307794, 0.1051299, 0.001752165
135, 8.623354, 0.143722566667, 0.00239537611111
136, 6.593277, 0.10988795, 0.00183146583333
137, 6.160627, 0.102677116667, 0.00171128527778
138, 5.657444, 0.0942907333333, 0.00157151222222
139, 7.117808, 0.118630133333, 0.00197716888889
140, 6.80361, 0.1133935, 0.00188989166667
141, 5.873896, 0.0978982666667, 0.00163163777778
142, 5.782758, 0.0963793, 0.00160632166667
143, 7.209683, 0.120161383333, 0.00200268972222
144, 5.660079, 0.09433465, 0.00157224416667
145, 6.235861, 0.103931016667, 0.00173218361111
146, 6.428064, 0.1071344, 0.00178557333333
147, 7.984406, 0.133073433333, 0.00221789055556
148, 7.787219, 0.129786983333, 0.00216311638889
149, 6.394847, 0.106580783333, 0.00177634638889
150, 8.473972, 0.141232866667, 0.00235388111111
151, 8.807704, 0.146795066667, 0.00244658444444
152, 11.636731, 0.193945516667, 0.00323242527778
153, 6.676794, 0.1112799, 0.001854665
154, 11.45129, 0.190854833333, 0.00318091388889
155, 5.705138, 0.0950856333333, 0.00158476055556
156, 6.170364, 0.1028394, 0.00171399
157, 6.742675, 0.112377916667, 0.00187296527778
158, 6.017907, 0.10029845, 0.00167164083333
159, 8.613718, 0.143561966667, 0.00239269944444
160, 6.642295, 0.110704916667, 0.00184508194444
161, 6.892463, 0.114874383333, 0.00191457305556
162, 6.800246, 0.113337433333, 0.00188895722222
163, 5.656001, 0.0942666833333, 0.00157111138889
164, 5.729776, 0.0954962666667, 0.00159160444444
165, 6.982788, 0.1163798, 0.00193966333333
166, 6.87503, 0.114583833333, 0.00190973055556
167, 5.967561, 0.09945935, 0.00165765583333
168, 5.798901, 0.09664835, 0.00161080583333
169, 6.151911, 0.10253185, 0.00170886416667
170, 8.439331, 0.140655516667, 0.00234425861111
171, 6.17331, 0.1028885, 0.00171480833333
172, 6.523379, 0.108722983333, 0.00181204972222
173, 5.727376, 0.0954562666667, 0.00159093777778
174, 5.634329, 0.0939054833333, 0.00156509138889
175, 5.936279, 0.0989379833333, 0.00164896638889
176, 5.748936, 0.0958156, 0.00159692666667
177, 5.729051, 0.0954841833333, 0.00159140305556
178, 5.782785, 0.09637975, 0.00160632916667
179, 7.48657, 0.124776166667, 0.00207960277778
180, 5.557836, 0.0926306, 0.00154384333333
181, 5.722263, 0.09537105, 0.0015895175
182, 7.759722, 0.1293287, 0.00215547833333
183, 8.776853, 0.146280883333, 0.00243801472222
184, 5.717401, 0.0952900166667, 0.00158816694444
185, 6.335697, 0.10559495, 0.00175991583333
186, 5.8247, 0.0970783333333, 0.00161797222222
187, 5.971675, 0.0995279166667, 0.00165879861111
188, 10.453823, 0.174230383333, 0.00290383972222
189, 5.93563, 0.0989271666667, 0.00164878611111
190, 5.989058, 0.0998176333333, 0.00166362722222
191, 10.321547, 0.172025783333, 0.00286709638889
192, 6.709371, 0.11182285, 0.00186371416667
193, 6.417708, 0.1069618, 0.00178269666667
194, 5.937016, 0.0989502666667, 0.00164917111111
195, 14.603963, 0.243399383333, 0.00405665638889
196, 5.780047, 0.0963341166667, 0.00160556861111
197, 6.446872, 0.107447866667, 0.00179079777778
198, 6.277543, 0.104625716667, 0.00174376194444
199, 7.137505, 0.118958416667, 0.00198264027778
200, 7.588708, 0.126478466667, 0.00210797444444
201, 7.247684, 0.120794733333, 0.00201324555556
202, 6.521943, 0.10869905, 0.00181165083333
203, 6.578502, 0.1096417, 0.00182736166667
204, 6.585626, 0.109760433333, 0.00182934055556
205, 7.188784, 0.119813066667, 0.00199688444444
206, 6.310473, 0.10517455, 0.00175290916667
207, 6.70617, 0.1117695, 0.001862825
208, 6.046028, 0.100767133333, 0.00167945222222
209, 6.058969, 0.100982816667, 0.00168304694444
210, 9.246188, 0.154103133333, 0.00256838555556
211, 6.609568, 0.110159466667, 0.00183599111111
212, 5.686876, 0.0947812666667, 0.00157968777778
213, 5.942515, 0.0990419166667, 0.00165069861111
214, 5.853631, 0.0975605166667, 0.00162600861111
215, 6.60704, 0.110117333333, 0.00183528888889
216, 6.190454, 0.103174233333, 0.00171957055556
217, 6.691974, 0.1115329, 0.00185888166667
218, 10.132462, 0.168874366667, 0.00281457277778
219, 8.883894, 0.1480649, 0.00246774833333
220, 5.917878, 0.0986313, 0.001643855
221, 5.89479, 0.0982465, 0.00163744166667
222, 7.319656, 0.121994266667, 0.00203323777778
223, 16.376731, 0.272945516667, 0.00454909194444
224, 8.09292, 0.134882, 0.00224803333333
225, 10.054724, 0.167578733333, 0.00279297888889
226, 6.105149, 0.101752483333, 0.00169587472222
227, 6.694612, 0.111576866667, 0.00185961444444
228, 8.165206, 0.136086766667, 0.00226811277778
229, 6.98416, 0.116402666667, 0.00194004444444
230, 5.701263, 0.09502105, 0.00158368416667
231, 5.746335, 0.09577225, 0.00159620416667
232, 5.943633, 0.09906055, 0.00165100916667
233, 5.965681, 0.0994280166667, 0.00165713361111
234, 6.107543, 0.101792383333, 0.00169653972222
235, 5.803792, 0.0967298666667, 0.00161216444444
236, 6.164185, 0.102736416667, 0.00171227361111
237, 10.401788, 0.173363133333, 0.00288938555556
238, 6.390256, 0.106504266667, 0.00177507111111
239, 5.782687, 0.0963781166667, 0.00160630194444
240, 17.870216, 0.297836933333, 0.00496394888889
241, 5.798351, 0.0966391833333, 0.00161065305556
242, 6.408861, 0.10681435, 0.00178023916667
243, 6.699399, 0.11165665, 0.00186094416667
244, 11.378048, 0.189634133333, 0.00316056888889
245, 7.098076, 0.118301266667, 0.00197168777778
246, 6.353511, 0.10589185, 0.00176486416667
247, 6.602181, 0.11003635, 0.00183393916667
248, 5.953957, 0.0992326166667, 0.00165387694444
249, 7.62403, 0.127067166667, 0.00211778611111
250, 8.966824, 0.149447066667, 0.00249078444444
251, 5.910348, 0.0985058, 0.00164176333333
252, 8.48248, 0.141374666667, 0.00235624444444
253, 5.84161, 0.0973601666667, 0.00162266944444
254, 6.466242, 0.1077707, 0.00179617833333
255, 10.818943, 0.180315716667, 0.00300526194444
256, 5.655427, 0.0942571166667, 0.00157095194444
257, 8.435639, 0.140593983333, 0.00234323305556
258, 7.213931, 0.120232183333, 0.00200386972222
259, 5.691439, 0.0948573166667, 0.00158095527778
260, 6.395574, 0.1065929, 0.00177654833333
261, 10.31701, 0.171950166667, 0.00286583611111
262, 5.850784, 0.0975130666667, 0.00162521777778
263, 5.581534, 0.0930255666667, 0.00155042611111
264, 18.273793, 0.304563216667, 0.00507605361111
265, 9.381294, 0.1563549, 0.002605915
266, 7.429026, 0.1238171, 0.00206361833333
267, 5.89112, 0.0981853333333, 0.00163642222222
268, 5.676961, 0.0946160166667, 0.00157693361111
269, 5.75687, 0.0959478333333, 0.00159913055556
270, 7.912511, 0.131875183333, 0.00219791972222
271, 9.936506, 0.165608433333, 0.00276014055556
272, 5.719206, 0.0953201, 0.00158866833333
273, 7.452552, 0.1242092, 0.00207015333333
274, 6.99844, 0.116640666667, 0.00194401111111
275, 6.780864, 0.1130144, 0.00188357333333
276, 6.520853, 0.108680883333, 0.00181134805556
277, 8.73539, 0.145589833333, 0.00242649722222
278, 17.597808, 0.2932968, 0.00488828
279, 6.693058, 0.111550966667, 0.00185918277778
280, 8.553341, 0.142555683333, 0.00237592805556
281, 7.150187, 0.119169783333, 0.00198616305556
282, 16.0202, 0.267003333333, 0.00445005555556
283, 6.412516, 0.106875266667, 0.00178125444444
284, 8.151585, 0.13585975, 0.00226432916667
285, 8.514181, 0.141903016667, 0.00236505027778
286, 6.981592, 0.116359866667, 0.00193933111111
287, 6.900947, 0.115015783333, 0.00191692972222
288, 6.322079, 0.105367983333, 0.00175613305556
289, 8.462973, 0.14104955, 0.00235082583333
290, 5.883002, 0.0980500333333, 0.00163416722222
291, 5.789393, 0.0964898833333, 0.00160816472222
292, 7.951263, 0.13252105, 0.00220868416667
293, 16.581141, 0.27635235, 0.0046058725
294, 6.126662, 0.102111033333, 0.00170185055556
295, 9.002614, 0.150043566667, 0.00250072611111
296, 7.00902, 0.116817, 0.00194695
297, 8.437383, 0.14062305, 0.0023437175
298, 6.052672, 0.100877866667, 0.00168129777778
299, 6.344192, 0.105736533333, 0.00176227555556
300, 8.361487, 0.139358116667, 0.00232263527778
