1, 494
2, 271
3, 154
4, 147
5, 458
6, 112
7, 85
8, 193
9, 169
10, 394
11, 177
12, 160
13, 259
14, 179
15, 326
16, 432
17, 202
18, 844
19, 711
20, 420
21, 304
22, 481
23, 992
24, 215
25, 127
26, 430
27, 256
28, 219
29, 445
30, 144
31, 231
32, 155
33, 95
34, 85
35, 138
36, 123
37, 153
38, 184
39, 197
40, 81
41, 263
42, 131
43, 541
44, 200
45, 210
46, 188
47, 276
48, 327
49, 133
50, 235
51, 571
52, 399
53, 110
54, 100
55, 813
56, 126
57, 252
58, 262
59, 103
60, 583
61, 276
62, 626
63, 326
64, 417
65, 396
66, 111
67, 102
68, 117
69, 184
70, 130
71, 239
72, 301
73, 323
74, 397
75, 961
76, 246
77, 260
78, 329
79, 176
80, 78
81, 101
82, 283
83, 185
84, 242
85, 89
86, 173
87, 163
88, 182
89, 136
90, 261
91, 375
92, 268
93, 297
94, 105
95, 399
96, 104
97, 201
98, 1102
99, 180
100, 160
101, 208
102, 182
103, 195
104, 355
105, 154
106, 214
107, 84
108, 237
109, 235
110, 79
111, 105
112, 152
113, 162
114, 138
115, 178
116, 188
117, 123
118, 423
119, 150
120, 144
121, 423
122, 251
123, 214
124, 147
125, 634
126, 217
127, 473
128, 410
129, 344
130, 163
131, 237
132, 295
133, 316
134, 473
135, 146
136, 263
137, 166
138, 363
139, 205
140, 108
141, 81
142, 152
143, 130
144, 109
145, 222
146, 259
147, 402
148, 275
149, 330
150, 230
