1, 131
2, 166
3, 149
4, 131
5, 131
6, 253
7, 402
8, 93
9, 149
10, 339
11, 273
12, 548
13, 461
14, 197
15, 487
16, 312
17, 277
18, 390
19, 131
20, 302
21, 119
22, 116
23, 198
24, 142
25, 174
26, 130
27, 520
28, 221
29, 217
30, 512
31, 275
32, 281
33, 144
34, 289
35, 376
36, 285
37, 3400
38, 539
39, 205
40, 197
41, 150
42, 231
43, 110
44, 165
45, 236
46, 644
47, 421
48, 106
49, 131
50, 161
51, 128
52, 121
53, 604
54, 300
55, 122
56, 104
57, 1313
58, 392
59, 458
60, 148
61, 177
62, 125
63, 207
64, 316
65, 167
66, 180
67, 179
68, 188
69, 156
70, 111
71, 143
72, 641
73, 2012
74, 481
75, 126
76, 236
77, 272
78, 775
79, 138
80, 835
81, 428
82, 411
83, 128
84, 255
85, 227
86, 119
87, 631
88, 172
89, 191
90, 686
91, 622
92, 180
93, 182
94, 666
95, 302
96, 197
97, 273
98, 397
99, 276
100, 539
101, 165
102, 476
103, 282
104, 85
105, 151
106, 150
107, 78
108, 87
109, 182
110, 136
111, 282
112, 604
113, 249
114, 172
115, 235
116, 529
117, 324
118, 168
119, 244
120, 69
121, 254
122, 307
123, 215
124, 308
125, 246
126, 145
127, 203
128, 268
129, 82
130, 183
131, 153
132, 206
133, 462
134, 454
135, 151
136, 198
137, 195
138, 193
139, 364
140, 208
141, 146
142, 304
143, 184
144, 306
145, 164
146, 340
147, 471
148, 174
149, 299
150, 96
151, 166
152, 91
153, 184
154, 165
155, 826
156, 275
157, 761
158, 202
159, 125
160, 1246
161, 125
162, 275
163, 247
164, 187
165, 184
166, 108
167, 80
168, 291
169, 344
170, 191
171, 213
172, 277
173, 218
174, 444
175, 349
176, 129
177, 1346
178, 654
179, 543
180, 316
181, 531
182, 121
183, 819
184, 190
185, 193
186, 212
187, 339
188, 447
189, 241
190, 281
