1, 140
2, 101
3, 528
4, 185
5, 173
6, 162
7, 152
8, 159
9, 294
10, 326
11, 223
12, 215
13, 162
14, 658
15, 74
16, 155
17, 593
18, 83
19, 618
20, 348
21, 73
22, 84
23, 328
24, 193
25, 367
26, 361
27, 184
28, 867
29, 370
30, 207
31, 1014
32, 197
33, 398
34, 140
35, 126
36, 226
37, 137
38, 87
39, 101
40, 75
41, 147
42, 80
43, 418
44, 193
45, 550
46, 244
47, 439
48, 220
49, 254
50, 294
51, 289
52, 500
53, 141
54, 103
55, 610
56, 200
57, 326
58, 159
59, 116
60, 154
61, 90
62, 143
63, 116
64, 188
65, 159
66, 207
67, 286
68, 404
69, 259
70, 312
71, 426
72, 110
73, 125
74, 167
75, 82
76, 123
77, 309
78, 134
79, 363
80, 630
81, 278
82, 522
83, 153
84, 535
85, 411
86, 182
87, 238
88, 231
89, 159
90, 160
91, 123
92, 319
93, 279
94, 632
95, 99
96, 87
97, 97
98, 177
99, 184
100, 232
101, 339
102, 421
103, 212
104, 212
105, 111
106, 175
107, 85
108, 73
109, 454
110, 365
111, 186
112, 501
113, 267
114, 260
115, 545
116, 1532
117, 190
118, 194
119, 96
120, 279
121, 91
122, 82
123, 289
124, 112
125, 130
126, 130
127, 87
128, 83
129, 77
130, 135
131, 381
132, 344
133, 157
134, 342
135, 433
136, 224
137, 163
138, 675
139, 304
140, 261
141, 275
142, 148
143, 2474
144, 213
145, 156
146, 698
147, 296
148, 702
149, 96
150, 129
151, 182
152, 206
153, 126
154, 514
155, 1013
156, 206
157, 188
158, 152
159, 127
160, 89
161, 81
162, 258
163, 306
164, 1221
165, 225
166, 124
167, 338
168, 668
169, 1597
170, 188
171, 180
172, 221
173, 102
174, 177
175, 132
176, 405
177, 156
178, 99
179, 151
180, 132
181, 116
182, 89
183, 83
184, 246
185, 256
186, 185
187, 128
188, 297
189, 383
190, 198
