1, 523
2, 292
3, 158
4, 152
5, 527
6, 122
7, 88
8, 205
9, 166
10, 418
11, 200
12, 170
13, 224
14, 245
15, 337
16, 456
17, 214
18, 900
19, 709
20, 538
21, 324
22, 675
23, 1052
24, 226
25, 144
26, 475
27, 271
28, 242
29, 472
30, 153
31, 246
32, 164
33, 103
34, 91
35, 146
36, 131
37, 163
38, 201
39, 209
40, 83
41, 277
42, 136
43, 581
44, 214
45, 265
46, 196
47, 295
48, 356
49, 141
50, 253
51, 609
52, 420
53, 118
54, 101
55, 866
56, 151
57, 204
58, 279
59, 109
60, 622
61, 305
62, 665
63, 346
64, 441
65, 444
66, 118
67, 105
68, 125
69, 194
70, 138
71, 255
72, 341
73, 304
74, 417
75, 1015
76, 262
77, 275
78, 342
79, 176
80, 74
81, 106
82, 303
83, 193
84, 259
85, 93
86, 186
87, 184
88, 190
89, 143
90, 273
91, 387
92, 288
93, 317
94, 109
95, 402
96, 110
97, 237
98, 1298
99, 192
100, 169
101, 221
102, 193
103, 207
104, 401
105, 163
106, 214
107, 86
108, 252
109, 234
110, 80
111, 111
112, 163
113, 226
114, 148
115, 191
116, 209
117, 129
118, 206
119, 159
120, 155
121, 445
122, 265
123, 229
124, 152
125, 672
126, 233
127, 505
128, 432
129, 361
130, 173
131, 271
132, 309
133, 337
134, 503
135, 157
136, 281
137, 176
138, 388
139, 214
140, 113
141, 75
142, 160
143, 136
144, 118
145, 236
146, 273
147, 508
148, 294
149, 344
150, 441
151, 602
152, 269
153, 466
154, 140
155, 218
156, 128
157, 251
158, 598
159, 219
160, 231
161, 381
162, 71
163, 211
164, 190
165, 167
166, 96
167, 145
168, 275
169, 237
170, 145
171, 543
172, 117
173, 188
174, 139
175, 148
176, 109
177, 111
178, 296
179, 133
180, 151
181, 248
182, 333
183, 257
184, 323
185, 424
186, 164
187, 203
188, 142
189, 87
190, 545
