1, 131
2, 96
3, 508
4, 174
5, 164
6, 156
7, 146
8, 126
9, 277
10, 298
11, 208
12, 206
13, 152
14, 638
15, 82
16, 120
17, 562
18, 81
19, 523
20, 327
21, 80
22, 80
23, 318
24, 180
25, 346
26, 338
27, 172
28, 828
29, 351
30, 198
31, 945
32, 235
33, 338
34, 134
35, 121
36, 213
37, 130
38, 81
39, 95
40, 81
41, 138
42, 81
43, 338
44, 181
45, 512
46, 226
47, 420
48, 220
49, 228
50, 277
51, 269
52, 476
53, 133
54, 98
55, 584
56, 199
57, 303
58, 150
59, 111
60, 143
61, 85
62, 135
63, 110
64, 175
65, 151
66, 196
67, 267
68, 383
69, 253
70, 292
71, 396
72, 104
73, 122
74, 156
75, 87
76, 118
77, 280
78, 128
79, 222
80, 578
81, 260
82, 590
83, 144
84, 444
85, 390
86, 175
87, 224
88, 221
89, 152
90, 148
91, 116
92, 301
93, 259
94, 594
95, 96
96, 83
97, 92
98, 166
99, 728
100, 220
101, 302
102, 393
103, 202
104, 201
105, 103
106, 169
107, 83
108, 73
109, 427
110, 345
111, 176
112, 482
113, 246
114, 247
115, 521
116, 1439
117, 180
118, 186
119, 92
120, 264
121, 88
122, 82
123, 280
124, 107
125, 124
126, 122
127, 86
128, 81
129, 83
130, 129
131, 360
132, 320
133, 154
134, 322
135, 404
136, 206
137, 158
138, 634
139, 311
140, 244
141, 261
142, 141
143, 2325
144, 258
145, 154
146, 663
147, 278
148, 676
149, 91
150, 117
151, 171
152, 201
153, 114
154, 482
155, 953
156, 199
157, 180
158, 148
159, 120
160, 86
161, 81
162, 238
163, 287
164, 1144
165, 215
166, 123
167, 310
168, 659
169, 1375
170, 173
171, 172
172, 213
173, 97
174, 165
175, 125
176, 396
177, 148
178, 94
179, 144
180, 124
181, 115
182, 88
183, 79
184, 260
185, 238
186, 172
187, 121
188, 288
189, 370
190, 182
