1, 126
2, 140
3, 138
4, 110
5, 115
6, 226
7, 364
8, 99
9, 123
10, 339
11, 236
12, 474
13, 379
14, 183
15, 436
16, 284
17, 249
18, 352
19, 113
20, 261
21, 106
22, 105
23, 180
24, 129
25, 149
26, 113
27, 349
28, 163
29, 196
30, 433
31, 240
32, 351
33, 133
34, 255
35, 335
36, 250
37, 3010
38, 474
39, 194
40, 170
41, 132
42, 178
43, 95
44, 146
45, 207
46, 523
47, 427
48, 97
49, 128
50, 145
51, 114
52, 104
53, 525
54, 286
55, 108
56, 94
57, 1133
58, 328
59, 421
60, 117
61, 176
62, 116
63, 173
64, 321
65, 155
66, 159
67, 164
68, 167
69, 140
70, 99
71, 125
72, 565
73, 787
74, 430
75, 116
76, 201
77, 213
78, 696
79, 124
80, 738
81, 386
82, 361
83, 119
84, 224
85, 194
86, 102
87, 441
88, 152
89, 169
90, 613
91, 546
92, 262
93, 177
94, 586
95, 321
96, 176
97, 238
98, 444
99, 280
100, 528
101, 153
102, 412
103, 245
104, 84
105, 135
106, 163
107, 87
108, 88
109, 158
110, 125
111, 274
112, 517
113, 219
114, 151
115, 210
116, 475
117, 178
118, 148
119, 204
120, 81
121, 234
122, 281
123, 188
124, 282
125, 245
126, 135
127, 175
128, 222
129, 80
130, 163
131, 133
132, 183
133, 407
134, 385
135, 133
136, 175
137, 168
138, 177
139, 326
140, 189
141, 138
142, 272
143, 160
144, 276
145, 144
146, 304
147, 409
148, 157
149, 261
150, 89
151, 139
152, 89
153, 164
154, 153
155, 740
156, 243
157, 674
158, 182
159, 117
160, 1140
161, 114
162, 245
163, 135
164, 172
165, 155
166, 98
167, 85
168, 277
169, 312
170, 171
171, 190
172, 252
173, 187
174, 389
175, 297
176, 118
177, 1204
178, 683
179, 475
180, 289
181, 492
182, 108
183, 707
184, 169
185, 165
186, 187
187, 254
188, 405
189, 240
190, 259
