1, 127
2, 146
3, 141
4, 115
5, 119
6, 233
7, 375
8, 95
9, 129
10, 342
11, 216
12, 492
13, 396
14, 179
15, 452
16, 292
17, 256
18, 363
19, 118
20, 271
21, 109
22, 106
23, 185
24, 132
25, 156
26, 118
27, 372
28, 166
29, 202
30, 455
31, 248
32, 259
33, 135
34, 263
35, 346
36, 258
37, 3105
38, 490
39, 184
40, 176
41, 136
42, 201
43, 99
44, 152
45, 215
46, 580
47, 414
48, 99
49, 129
50, 150
51, 116
52, 107
53, 543
54, 291
55, 111
56, 95
57, 1178
58, 344
59, 434
60, 126
61, 178
62, 118
63, 171
64, 325
65, 157
66, 164
67, 167
68, 172
69, 143
70, 102
71, 129
72, 583
73, 852
74, 442
75, 119
76, 209
77, 225
78, 716
79, 127
80, 762
81, 397
82, 373
83, 121
84, 232
85, 202
86, 106
87, 453
88, 157
89, 175
90, 631
91, 566
92, 270
93, 169
94, 606
95, 326
96, 179
97, 247
98, 393
99, 281
100, 524
101, 156
102, 427
103, 254
104, 81
105, 139
106, 183
107, 83
108, 85
109, 164
110, 128
111, 277
112, 540
113, 227
114, 156
115, 209
116, 489
117, 188
118, 153
119, 212
120, 78
121, 240
122, 285
123, 195
124, 291
125, 237
126, 138
127, 182
128, 229
129, 77
130, 168
131, 138
132, 189
133, 421
134, 411
135, 137
136, 180
137, 174
138, 182
139, 335
140, 194
141, 142
142, 282
143, 166
144, 283
145, 149
146, 315
147, 424
148, 163
149, 269
150, 90
151, 146
152, 86
153, 168
154, 156
155, 761
156, 252
157, 699
158, 187
159, 118
160, 1167
161, 116
162, 258
163, 140
164, 174
165, 162
166, 100
167, 81
168, 279
169, 320
170, 175
171, 195
172, 259
173, 193
174, 401
175, 310
176, 120
177, 1239
178, 677
179, 492
180, 296
181, 502
182, 111
183, 735
184, 174
185, 172
186, 192
187, 271
188, 417
189, 233
190, 266
