1, 316
2, 113
3, 280
4, 194
5, 533
6, 312
7, 296
8, 328
9, 581
10, 96
11, 186
12, 237
13, 235
14, 214
15, 180
16, 170
17, 261
18, 322
19, 135
20, 158
21, 104
22, 90
23, 190
24, 230
25, 585
26, 585
27, 504
28, 118
29, 103
30, 99
31, 122
32, 86
33, 92
34, 122
35, 259
36, 1051
37, 179
38, 220
39, 206
40, 374
41, 186
42, 328
43, 163
44, 382
45, 245
46, 331
47, 147
48, 318
49, 135
50, 2356
51, 149
52, 133
53, 315
54, 176
55, 173
56, 116
57, 128
58, 314
59, 291
60, 525
61, 521
62, 172
63, 263
64, 175
65, 239
66, 91
67, 199
68, 171
69, 104
70, 213
71, 767
72, 85
73, 112
74, 311
75, 275
76, 178
77, 130
78, 101
79, 209
80, 120
81, 93
82, 110
83, 102
84, 718
85, 275
86, 1277
87, 202
88, 284
89, 113
90, 111
91, 121
92, 215
93, 265
94, 254
95, 270
96, 6044
97, 345
98, 586
99, 165
100, 343
101, 467
102, 88
103, 541
104, 179
105, 211
106, 167
107, 475
108, 336
109, 131
110, 404
111, 209
112, 1183
113, 455
114, 388
115, 237
116, 192
117, 279
118, 451
119, 215
120, 125
121, 94
122, 341
123, 87
124, 145
125, 161
126, 211
127, 224
128, 238
129, 529
130, 231
131, 139
132, 117
133, 197
134, 361
135, 144
136, 95
137, 169
138, 86
139, 103
140, 90
141, 135
142, 85
143, 92
144, 135
145, 121
146, 371
147, 110
148, 195
149, 99
150, 210
