1, 480
2, 260
3, 150
4, 144
5, 427
6, 107
7, 84
8, 188
9, 144
10, 380
11, 165
12, 155
13, 256
14, 164
15, 319
16, 421
17, 197
18, 817
19, 703
20, 406
21, 294
22, 234
23, 961
24, 210
25, 128
26, 435
27, 249
28, 206
29, 433
30, 140
31, 224
32, 150
33, 92
34, 86
35, 133
36, 120
37, 148
38, 176
39, 191
40, 84
41, 253
42, 129
43, 525
44, 193
45, 245
46, 184
47, 267
48, 318
49, 129
50, 224
51, 551
52, 391
53, 107
54, 100
55, 788
56, 132
57, 201
58, 255
59, 100
60, 563
61, 257
62, 608
63, 316
64, 406
65, 381
66, 107
67, 100
68, 114
69, 179
70, 127
71, 233
72, 282
73, 406
74, 388
75, 280
76, 239
77, 252
78, 314
79, 172
80, 82
81, 98
82, 273
83, 180
84, 234
85, 89
86, 167
87, 153
88, 178
89, 133
90, 252
91, 968
92, 259
93, 287
94, 104
95, 390
96, 100
97, 179
98, 1059
99, 174
100, 155
101, 202
102, 177
103, 190
104, 332
105, 149
106, 212
107, 85
108, 233
109, 229
110, 83
111, 101
112, 147
113, 158
114, 135
115, 172
116, 180
117, 121
118, 675
119, 145
120, 139
121, 412
122, 243
123, 208
124, 144
125, 616
126, 209
127, 458
128, 404
129, 336
130, 158
131, 222
132, 287
133, 306
134, 457
135, 151
136, 255
137, 161
138, 350
139, 200
140, 106
141, 84
142, 147
143, 127
144, 104
145, 214
146, 251
147, 439
148, 229
149, 348
150, 136
