1, 466
2, 250
3, 131
4, 142
5, 395
6, 103
7, 83
8, 187
9, 134
10, 367
11, 152
12, 155
13, 250
14, 151
15, 311
16, 410
17, 192
18, 791
19, 669
20, 399
21, 285
22, 222
23, 931
24, 206
25, 128
26, 284
27, 241
28, 196
29, 423
30, 136
31, 208
32, 146
33, 93
34, 90
35, 129
36, 116
37, 143
38, 168
39, 185
40, 88
41, 244
42, 127
43, 508
44, 186
45, 173
46, 180
47, 257
48, 308
49, 125
50, 222
51, 531
52, 385
53, 103
54, 99
55, 762
56, 131
57, 189
58, 247
59, 97
60, 543
61, 249
62, 590
63, 306
64, 394
65, 368
66, 104
67, 97
68, 111
69, 174
70, 126
71, 226
72, 264
73, 324
74, 378
75, 270
76, 195
77, 245
78, 299
79, 168
80, 86
81, 95
82, 263
83, 174
84, 226
85, 89
86, 160
87, 148
88, 175
89, 129
90, 241
91, 896
92, 250
93, 278
94, 102
95, 380
96, 97
97, 141
98, 1045
99, 168
100, 149
101, 195
102, 172
103, 184
104, 351
105, 144
106, 209
107, 87
108, 228
109, 220
110, 87
111, 98
112, 140
113, 153
114, 132
115, 166
116, 174
117, 118
118, 557
119, 140
120, 134
121, 402
122, 236
123, 206
124, 142
125, 597
126, 201
127, 443
128, 392
129, 329
130, 154
131, 204
132, 279
133, 296
134, 443
135, 154
136, 246
137, 156
138, 338
139, 196
140, 104
141, 88
142, 141
143, 123
144, 101
145, 324
146, 243
147, 433
148, 213
149, 351
150, 132
