1, 509
2, 281
3, 156
4, 149
5, 489
6, 116
7, 87
8, 199
9, 165
10, 406
11, 188
12, 165
13, 252
14, 204
15, 332
16, 444
17, 208
18, 871
19, 832
20, 453
21, 314
22, 519
23, 1022
24, 220
25, 122
26, 461
27, 263
28, 231
29, 458
30, 148
31, 238
32, 159
33, 99
34, 88
35, 142
36, 127
37, 158
38, 192
39, 203
40, 81
41, 272
42, 134
43, 560
44, 207
45, 236
46, 192
47, 285
48, 339
49, 137
50, 245
51, 590
52, 409
53, 114
54, 100
55, 839
56, 127
57, 209
58, 270
59, 106
60, 602
61, 294
62, 646
63, 336
64, 429
65, 412
66, 115
67, 104
68, 120
69, 189
70, 133
71, 247
72, 321
73, 328
74, 406
75, 989
76, 254
77, 267
78, 334
79, 180
80, 75
81, 103
82, 293
83, 190
84, 251
85, 91
86, 180
87, 174
88, 186
89, 139
90, 268
91, 376
92, 278
93, 306
94, 107
95, 406
96, 107
97, 219
98, 1177
99, 186
100, 164
101, 214
102, 187
103, 201
104, 388
105, 158
106, 215
107, 85
108, 244
109, 222
110, 78
111, 108
112, 157
113, 165
114, 143
115, 184
116, 198
117, 126
118, 171
119, 154
120, 150
121, 434
122, 258
123, 221
124, 149
125, 653
126, 225
127, 489
128, 419
129, 352
130, 168
131, 253
132, 302
133, 326
134, 487
135, 151
136, 272
137, 171
138, 376
139, 209
140, 110
141, 77
142, 156
143, 133
144, 113
145, 229
146, 266
147, 475
148, 286
149, 337
150, 443
