1, 328
2, 117
3, 292
4, 206
5, 313
6, 327
7, 314
8, 347
9, 606
10, 97
11, 202
12, 257
13, 270
14, 219
15, 189
16, 178
17, 324
18, 348
19, 142
20, 148
21, 111
22, 93
23, 199
24, 242
25, 618
26, 623
27, 545
28, 128
29, 106
30, 107
31, 126
32, 78
33, 96
34, 130
35, 283
36, 1126
37, 194
38, 237
39, 222
40, 405
41, 198
42, 359
43, 173
44, 406
45, 271
46, 349
47, 151
48, 340
49, 144
50, 2486
51, 161
52, 144
53, 344
54, 241
55, 182
56, 126
57, 139
58, 328
59, 316
60, 567
61, 548
62, 186
63, 286
64, 188
65, 265
66, 82
67, 207
68, 180
69, 93
70, 218
71, 825
72, 85
73, 116
74, 328
75, 280
76, 183
77, 141
78, 103
79, 229
80, 128
81, 100
82, 117
83, 107
84, 760
85, 301
86, 1318
87, 216
88, 342
89, 121
90, 119
91, 126
92, 236
93, 418
94, 274
95, 288
96, 7119
97, 373
98, 620
99, 183
100, 361
101, 495
102, 87
103, 576
104, 184
105, 224
106, 179
107, 495
108, 365
109, 135
110, 433
111, 223
112, 1382
113, 486
114, 276
115, 243
116, 192
117, 308
118, 446
119, 227
120, 133
121, 100
122, 350
123, 79
124, 152
125, 184
126, 227
127, 237
128, 244
129, 564
130, 227
131, 150
132, 129
133, 202
134, 386
135, 148
136, 95
137, 178
138, 83
139, 109
140, 82
141, 141
142, 88
143, 83
144, 140
145, 125
146, 380
147, 113
148, 208
149, 104
150, 229
