1, 322
2, 115
3, 286
4, 198
5, 303
6, 320
7, 304
8, 337
9, 593
10, 96
11, 194
12, 247
13, 265
14, 216
15, 184
16, 174
17, 306
18, 335
19, 138
20, 151
21, 108
22, 91
23, 193
24, 238
25, 602
26, 604
27, 525
28, 123
29, 104
30, 103
31, 124
32, 82
33, 94
34, 126
35, 269
36, 1088
37, 187
38, 228
39, 214
40, 389
41, 192
42, 343
43, 168
44, 394
45, 258
46, 340
47, 149
48, 329
49, 139
50, 2420
51, 155
52, 139
53, 330
54, 189
55, 178
56, 121
57, 132
58, 321
59, 303
60, 546
61, 535
62, 179
63, 275
64, 181
65, 252
66, 86
67, 203
68, 175
69, 98
70, 215
71, 795
72, 84
73, 113
74, 320
75, 275
76, 180
77, 135
78, 102
79, 220
80, 124
81, 96
82, 114
83, 104
84, 740
85, 288
86, 1297
87, 209
88, 327
89, 117
90, 115
91, 123
92, 226
93, 272
94, 264
95, 279
96, 6472
97, 360
98, 603
99, 174
100, 352
101, 480
102, 86
103, 560
104, 181
105, 218
106, 173
107, 485
108, 350
109, 133
110, 418
111, 216
112, 1279
113, 471
114, 391
115, 239
116, 193
117, 289
118, 456
119, 221
120, 129
121, 97
122, 346
123, 82
124, 148
125, 168
126, 219
127, 229
128, 241
129, 546
130, 226
131, 145
132, 123
133, 199
134, 373
135, 146
136, 94
137, 173
138, 84
139, 106
140, 86
141, 138
142, 86
143, 87
144, 138
145, 123
146, 375
147, 112
148, 201
149, 101
150, 219
