1, 135
2, 98
3, 518
4, 179
5, 168
6, 159
7, 149
8, 148
9, 286
10, 312
11, 215
12, 211
13, 157
14, 647
15, 78
16, 148
17, 577
18, 81
19, 568
20, 338
21, 76
22, 82
23, 319
24, 187
25, 357
26, 349
27, 178
28, 845
29, 361
30, 203
31, 979
32, 260
33, 359
34, 137
35, 123
36, 219
37, 134
38, 84
39, 98
40, 78
41, 142
42, 80
43, 375
44, 183
45, 529
46, 234
47, 429
48, 220
49, 241
50, 286
51, 279
52, 488
53, 137
54, 101
55, 597
56, 198
57, 314
58, 155
59, 113
60, 148
61, 88
62, 139
63, 113
64, 182
65, 155
66, 202
67, 276
68, 394
69, 256
70, 302
71, 411
72, 107
73, 123
74, 162
75, 83
76, 120
77, 295
78, 130
79, 349
80, 604
81, 269
82, 530
83, 148
84, 311
85, 400
86, 178
87, 231
88, 225
89, 155
90, 154
91, 120
92, 310
93, 269
94, 613
95, 97
96, 85
97, 95
98, 172
99, 178
100, 225
101, 322
102, 408
103, 207
104, 206
105, 107
106, 172
107, 83
108, 72
109, 441
110, 354
111, 181
112, 492
113, 256
114, 253
115, 533
116, 1485
117, 185
118, 190
119, 94
120, 271
121, 89
122, 80
123, 284
124, 110
125, 127
126, 125
127, 85
128, 80
129, 79
130, 132
131, 371
132, 332
133, 156
134, 333
135, 419
136, 215
137, 162
138, 654
139, 308
140, 252
141, 268
142, 145
143, 2399
144, 262
145, 155
146, 680
147, 286
148, 689
149, 93
150, 123
151, 176
152, 204
153, 119
154, 451
155, 983
156, 203
157, 184
158, 149
159, 123
160, 87
161, 80
162, 248
163, 297
164, 1182
165, 220
166, 123
167, 323
168, 662
169, 1457
170, 180
171, 176
172, 217
173, 100
174, 171
175, 129
176, 399
177, 152
178, 96
179, 147
180, 128
181, 116
182, 88
183, 81
184, 256
185, 247
186, 178
187, 125
188, 293
189, 377
190, 190
