1, 332
2, 119
3, 298
4, 213
5, 328
6, 333
7, 324
8, 357
9, 627
10, 98
11, 209
12, 267
13, 257
14, 222
15, 193
16, 182
17, 337
18, 362
19, 145
20, 148
21, 115
22, 96
23, 206
24, 244
25, 635
26, 644
27, 563
28, 146
29, 107
30, 112
31, 128
32, 74
33, 98
34, 134
35, 300
36, 1164
37, 201
38, 246
39, 229
40, 421
41, 204
42, 374
43, 178
44, 418
45, 284
46, 359
47, 153
48, 352
49, 149
50, 2552
51, 167
52, 148
53, 357
54, 250
55, 187
56, 131
57, 146
58, 335
59, 332
60, 587
61, 562
62, 193
63, 297
64, 195
65, 277
66, 79
67, 213
68, 185
69, 88
70, 220
71, 857
72, 86
73, 118
74, 337
75, 289
76, 189
77, 146
78, 104
79, 239
80, 132
81, 104
82, 121
83, 109
84, 780
85, 315
86, 1347
87, 223
88, 320
89, 125
90, 122
91, 129
92, 246
93, 373
94, 285
95, 297
96, 7573
97, 389
98, 634
99, 190
100, 369
101, 511
102, 88
103, 590
104, 187
105, 230
106, 185
107, 506
108, 380
109, 137
110, 449
111, 230
112, 1421
113, 505
114, 289
115, 246
116, 191
117, 321
118, 425
119, 233
120, 137
121, 103
122, 355
123, 77
124, 155
125, 192
126, 235
127, 248
128, 246
129, 581
130, 231
131, 155
132, 135
133, 205
134, 398
135, 151
136, 96
137, 182
138, 84
139, 112
140, 78
141, 144
142, 91
143, 79
144, 142
145, 127
146, 386
147, 115
148, 214
149, 106
150, 239
