1, 128
2, 152
3, 144
4, 121
5, 123
6, 239
7, 386
8, 93
9, 136
10, 306
11, 246
12, 510
13, 415
14, 184
15, 461
16, 300
17, 263
18, 373
19, 122
20, 281
21, 112
22, 109
23, 189
24, 135
25, 162
26, 122
27, 403
28, 175
29, 207
30, 477
31, 256
32, 266
33, 138
34, 272
35, 356
36, 267
37, 3202
38, 506
39, 188
40, 183
41, 140
42, 215
43, 103
44, 157
45, 222
46, 601
47, 400
48, 101
49, 130
50, 153
51, 119
52, 111
53, 562
54, 298
55, 114
56, 97
57, 1222
58, 360
59, 444
60, 134
61, 179
62, 120
63, 191
64, 326
65, 160
66, 169
67, 170
68, 178
69, 147
70, 104
71, 134
72, 602
73, 992
74, 455
75, 122
76, 218
77, 238
78, 736
79, 131
80, 786
81, 407
82, 386
83, 124
84, 240
85, 210
86, 110
87, 472
88, 162
89, 180
90, 649
91, 584
92, 278
93, 172
94, 626
95, 335
96, 183
97, 256
98, 388
99, 279
100, 527
101, 159
102, 442
103, 263
104, 81
105, 143
106, 156
107, 80
108, 85
109, 170
110, 131
111, 278
112, 564
113, 234
114, 161
115, 213
116, 502
117, 216
118, 157
119, 222
120, 74
121, 246
122, 292
123, 202
124, 298
125, 217
126, 141
127, 189
128, 238
129, 77
130, 173
131, 143
132, 195
133, 435
134, 426
135, 142
136, 186
137, 181
138, 186
139, 344
140, 198
141, 145
142, 289
143, 172
144, 291
145, 154
146, 325
147, 439
148, 168
149, 275
150, 92
151, 153
152, 86
153, 173
154, 159
155, 783
156, 260
157, 722
158, 192
159, 120
160, 1194
161, 119
162, 262
163, 169
164, 178
165, 169
166, 102
167, 79
168, 282
169, 329
170, 180
171, 201
172, 266
173, 201
174, 414
175, 324
176, 123
177, 1275
178, 672
179, 509
180, 304
181, 512
182, 114
183, 762
184, 179
185, 179
186, 198
187, 596
188, 428
189, 214
190, 273
