1, 124
2, 93
3, 483
4, 164
5, 158
6, 150
7, 141
8, 142
9, 260
10, 262
11, 194
12, 199
13, 142
14, 622
15, 91
16, 140
17, 529
18, 88
19, 442
20, 307
21, 90
22, 84
23, 485
24, 168
25, 322
26, 316
27, 161
28, 793
29, 330
30, 199
31, 879
32, 243
33, 308
34, 129
35, 117
36, 200
37, 124
38, 81
39, 92
40, 91
41, 129
42, 90
43, 305
44, 182
45, 478
46, 209
47, 399
48, 216
49, 218
50, 261
51, 249
52, 450
53, 125
54, 97
55, 558
56, 204
57, 282
58, 142
59, 106
60, 134
61, 83
62, 127
63, 105
64, 165
65, 143
66, 183
67, 247
68, 361
69, 248
70, 272
71, 368
72, 98
73, 120
74, 147
75, 99
76, 113
77, 238
78, 125
79, 205
80, 523
81, 242
82, 250
83, 137
84, 421
85, 371
86, 172
87, 215
88, 214
89, 146
90, 137
91, 110
92, 282
93, 240
94, 556
95, 93
96, 88
97, 91
98, 152
99, 663
100, 211
101, 270
102, 359
103, 193
104, 192
105, 98
106, 164
107, 91
108, 80
109, 401
110, 326
111, 170
112, 468
113, 226
114, 241
115, 499
116, 1347
117, 172
118, 178
119, 91
120, 253
121, 90
122, 89
123, 272
124, 101
125, 117
126, 118
127, 91
128, 90
129, 91
130, 123
131, 340
132, 293
133, 153
134, 309
135, 369
136, 188
137, 149
138, 595
139, 309
140, 232
141, 247
142, 133
143, 2182
144, 232
145, 151
146, 626
147, 263
148, 616
149, 92
150, 107
151, 160
152, 196
153, 112
154, 465
155, 894
156, 193
157, 170
158, 145
159, 114
160, 92
161, 89
162, 218
163, 268
164, 1071
165, 205
166, 122
167, 302
168, 678
169, 1231
170, 160
171, 165
172, 220
173, 94
174, 155
175, 118
176, 387
177, 140
178, 93
179, 135
180, 116
181, 111
182, 94
183, 85
184, 252
185, 317
186, 162
187, 114
188, 276
189, 357
190, 166
