1, 337
2, 121
3, 304
4, 221
5, 332
6, 340
7, 332
8, 367
9, 645
10, 99
11, 216
12, 277
13, 258
14, 226
15, 198
16, 187
17, 351
18, 375
19, 149
20, 150
21, 118
22, 100
23, 213
24, 246
25, 652
26, 664
27, 582
28, 154
29, 109
30, 117
31, 130
32, 71
33, 100
34, 138
35, 319
36, 1203
37, 207
38, 254
39, 237
40, 439
41, 210
42, 391
43, 183
44, 430
45, 291
46, 370
47, 156
48, 363
49, 158
50, 2620
51, 173
52, 152
53, 369
54, 258
55, 192
56, 136
57, 154
58, 342
59, 359
60, 608
61, 575
62, 201
63, 308
64, 202
65, 289
66, 76
67, 219
68, 190
69, 84
70, 221
71, 898
72, 87
73, 120
74, 346
75, 298
76, 192
77, 153
78, 106
79, 251
80, 136
81, 107
82, 125
83, 112
84, 802
85, 329
86, 1382
87, 230
88, 322
89, 129
90, 126
91, 132
92, 255
93, 371
94, 295
95, 305
96, 7894
97, 403
98, 652
99, 198
100, 377
101, 530
102, 91
103, 607
104, 190
105, 235
106, 191
107, 515
108, 396
109, 139
110, 465
111, 235
112, 1446
113, 535
114, 338
115, 250
116, 218
117, 329
118, 380
119, 240
120, 141
121, 106
122, 360
123, 77
124, 145
125, 198
126, 242
127, 261
128, 251
129, 599
130, 237
131, 160
132, 141
133, 208
134, 411
135, 153
136, 98
137, 187
138, 85
139, 115
140, 75
141, 148
142, 93
143, 75
144, 144
145, 129
146, 393
147, 117
148, 221
149, 109
150, 247
151, 319
152, 868
153, 350
154, 146
155, 171
156, 288
157, 399
158, 143
159, 114
160, 127
161, 199
162, 251
163, 375
164, 197
165, 255
166, 228
167, 140
168, 259
169, 83
170, 345
171, 200
172, 231
173, 523
174, 175
175, 656
176, 222
177, 742
178, 92
179, 234
180, 178
181, 170
182, 205
183, 71
184, 156
185, 118
186, 211
187, 184
188, 140
189, 196
190, 264
