004, 60.715776, 1.0119296, 0.0168654933333
005, 108.912273, 1.81520455, 0.0302534091667
006, 72.16541, 1.20275683333, 0.0200459472222
007, 58.15706, 0.969284333333, 0.0161547388889
008, 68.293941, 1.13823235, 0.0189705391667
009, 62.730354, 1.0455059, 0.0174250983333
010, 52.24157, 0.870692833333, 0.0145115472222
011, 64.653914, 1.07756523333, 0.0179594205556
012, 59.464716, 0.9910786, 0.0165179766667
013, 81.708645, 1.36181075, 0.0226968458333
014, 208.171572, 3.4695262, 0.0578254366667
015, 88.425149, 1.47375248333, 0.0245625413889
016, 94.199289, 1.56998815, 0.0261664691667
017, 152.506037, 2.54176728333, 0.0423627880556
018, 56.725657, 0.945427616667, 0.0157571269444
019, 105.325992, 1.7554332, 0.02925722
020, 52.014082, 0.866901366667, 0.0144483561111
021, 106.309027, 1.77181711667, 0.0295302852778
022, 86.940798, 1.4490133, 0.0241502216667
023, 108.936019, 1.81560031667, 0.0302600052778
024, 88.442922, 1.4740487, 0.0245674783333
025, 80.065745, 1.33442908333, 0.0222404847222
026, 80.47637, 1.34127283333, 0.0223545472222
027, 65.871098, 1.09785163333, 0.0182975272222
028, 51.551066, 0.859184433333, 0.0143197405556
029, 76.384624, 1.27307706667, 0.0212179511111
030, 81.01042, 1.35017366667, 0.0225028944444
031, 65.215503, 1.08692505, 0.0181154175
032, 91.506748, 1.52511246667, 0.0254185411111
033, 64.203489, 1.07005815, 0.0178343025
034, 81.603496, 1.36005826667, 0.0226676377778
035, 92.296932, 1.5382822, 0.0256380366667
036, 48.911416, 0.815190266667, 0.0135865044444
037, 71.087066, 1.18478443333, 0.0197464072222
038, 45.924133, 0.765402216667, 0.0127567036111
039, 82.044886, 1.36741476667, 0.0227902461111
040, 54.821143, 0.913685716667, 0.0152280952778
041, 57.067666, 0.951127766667, 0.0158521294444
042, 84.663572, 1.41105953333, 0.0235176588889
043, 83.34797, 1.38913283333, 0.0231522138889
044, 58.744584, 0.9790764, 0.01631794
045, 66.870629, 1.11451048333, 0.0185751747222
046, 51.943435, 0.865723916667, 0.0144287319444
047, 56.238861, 0.93731435, 0.0156219058333
048, 86.094931, 1.43491551667, 0.0239152586111
049, 46.122064, 0.768701066667, 0.0128116844444
050, 103.899476, 1.73165793333, 0.0288609655556
051, 43.405525, 0.723425416667, 0.0120570902778
052, 72.85768, 1.21429466667, 0.0202382444444
053, 88.154238, 1.4692373, 0.0244872883333
054, 47.146391, 0.785773183333, 0.0130962197222
055, 47.38768, 0.789794666667, 0.0131632444444
056, 50.554091, 0.842568183333, 0.0140428030556
057, 66.648539, 1.11080898333, 0.0185134830556
058, 100.175634, 1.6695939, 0.027826565
059, 58.95203, 0.982533833333, 0.0163755638889
060, 44.088266, 0.734804433333, 0.0122467405556
061, 72.163781, 1.20272968333, 0.0200454947222
062, 51.192845, 0.853214083333, 0.0142202347222
063, 58.14694, 0.969115666667, 0.0161519277778
064, 167.593391, 2.79322318333, 0.0465537197222
065, 76.712703, 1.27854505, 0.0213090841667
066, 68.852704, 1.14754506667, 0.0191257511111
067, 47.584666, 0.793077766667, 0.0132179627778
068, 70.674376, 1.17790626667, 0.0196317711111
069, 130.448155, 2.17413591667, 0.0362355986111
070, 71.633131, 1.19388551667, 0.0198980919444
071, 58.496513, 0.974941883333, 0.0162490313889
072, 98.336551, 1.63894251667, 0.0273157086111
073, 51.230871, 0.85384785, 0.0142307975
074, 48.613997, 0.810233283333, 0.0135038880556
075, 182.386359, 3.03977265, 0.0506628775
076, 62.857207, 1.04762011667, 0.0174603352778
077, 94.251461, 1.57085768333, 0.0261809613889
078, 71.174287, 1.18623811667, 0.0197706352778
079, 50.099857, 0.834997616667, 0.0139166269444
080, 75.254567, 1.25424278333, 0.0209040463889
081, 612.987337, 10.2164556167, 0.170274260278
082, 76.07456, 1.26790933333, 0.0211318222222
083, 44.583681, 0.74306135, 0.0123843558333
084, 47.356349, 0.789272483333, 0.0131545413889
085, 61.866656, 1.03111093333, 0.0171851822222
086, 52.004006, 0.866733433333, 0.0144455572222
087, 86.389465, 1.43982441667, 0.0239970736111
088, 175.427432, 2.92379053333, 0.0487298422222
089, 44.752511, 0.745875183333, 0.0124312530556
090, 56.765786, 0.946096433333, 0.0157682738889
091, 53.907105, 0.89845175, 0.0149741958333
092, 49.34262, 0.822377, 0.0137062833333
093, 49.553229, 0.82588715, 0.0137647858333
094, 43.523607, 0.72539345, 0.0120898908333
095, 84.057638, 1.40096063333, 0.0233493438889
096, 72.764334, 1.2127389, 0.020212315
097, 74.444195, 1.24073658333, 0.0206789430556
098, 44.702825, 0.745047083333, 0.0124174513889
099, 51.337849, 0.855630816667, 0.0142605136111
100, 120.927091, 2.01545151667, 0.0335908586111
101, 118.498507, 1.97497511667, 0.0329162519444
102, 61.743623, 1.02906038333, 0.0171510063889
103, 225.323868, 3.7553978, 0.0625899633333
104, 44.44408, 0.740734666667, 0.0123455777778
105, 55.184042, 0.919734033333, 0.0153289005556
106, 57.997962, 0.9666327, 0.016110545
107, 46.232477, 0.770541283333, 0.0128423547222
108, 113.911944, 1.8985324, 0.0316422066667
109, 67.342535, 1.12237558333, 0.0187062597222
110, 82.472134, 1.37453556667, 0.0229089261111
111, 76.459334, 1.27432223333, 0.0212387038889
112, 107.308484, 1.78847473333, 0.0298079122222
113, 56.479811, 0.941330183333, 0.0156888363889
114, 52.839656, 0.880660933333, 0.0146776822222
115, 48.562352, 0.809372533333, 0.0134895422222
116, 45.72131, 0.762021833333, 0.0127003638889
117, 70.943032, 1.18238386667, 0.0197063977778
118, 131.217496, 2.18695826667, 0.0364493044444
119, 49.445784, 0.8240964, 0.01373494
120, 50.964342, 0.8494057, 0.0141567616667
121, 77.191226, 1.28652043333, 0.0214420072222
122, 61.533421, 1.02555701667, 0.0170926169444
123, 58.430146, 0.973835766667, 0.0162305961111
124, 68.592977, 1.14321628333, 0.0190536047222
125, 77.326418, 1.28877363333, 0.0214795605556
126, 52.267966, 0.871132766667, 0.0145188794444
127, 57.843923, 0.964065383333, 0.0160677563889
128, 57.695133, 0.96158555, 0.0160264258333
129, 151.802242, 2.53003736667, 0.0421672894444
130, 86.218369, 1.43697281667, 0.0239495469444
131, 56.857935, 0.94763225, 0.0157938708333
132, 60.17312, 1.00288533333, 0.0167147555556
133, 62.050468, 1.03417446667, 0.0172362411111
134, 62.212558, 1.03687596667, 0.0172812661111
135, 52.827935, 0.880465583333, 0.0146744263889
136, 111.178756, 1.85297926667, 0.0308829877778
137, 130.10607, 2.1684345, 0.036140575
138, 84.029381, 1.40048968333, 0.0233414947222
139, 72.009895, 1.20016491667, 0.0200027486111
140, 38.258415, 0.63764025, 0.0106273375
141, 53.817827, 0.896963783333, 0.0149493963889
142, 53.884757, 0.898079283333, 0.0149679880556
143, 42.806634, 0.7134439, 0.0118907316667
144, 37.699196, 0.628319933333, 0.0104719988889
145, 42.467807, 0.707796783333, 0.0117966130556
146, 44.006098, 0.733434966667, 0.0122239161111
147, 41.331814, 0.688863566667, 0.0114810594444
148, 48.539387, 0.808989783333, 0.0134831630556
149, 38.9964, 0.64994, 0.0108323333333
150, 47.375857, 0.789597616667, 0.0131599602778
151, 50.574326, 0.842905433333, 0.0140484238889
152, 43.201175, 0.720019583333, 0.0120003263889
153, 40.526873, 0.675447883333, 0.0112574647222
154, 82.389256, 1.37315426667, 0.0228859044444
155, 47.295216, 0.7882536, 0.01313756
156, 53.899749, 0.89832915, 0.0149721525
157, 68.918536, 1.14864226667, 0.0191440377778
158, 43.286717, 0.721445283333, 0.0120240880556
159, 41.607896, 0.693464933333, 0.0115577488889
160, 48.75132, 0.812522, 0.0135420333333
161, 67.038961, 1.11731601667, 0.0186219336111
162, 43.419422, 0.723657033333, 0.0120609505556
163, 37.198408, 0.619973466667, 0.0103328911111
164, 48.164018, 0.802733633333, 0.0133788938889
165, 52.765329, 0.87942215, 0.0146570358333
166, 42.235038, 0.7039173, 0.011731955
167, 49.174793, 0.819579883333, 0.0136596647222
168, 93.872713, 1.56454521667, 0.0260757536111
169, 104.335531, 1.73892551667, 0.0289820919444
170, 38.385888, 0.6397648, 0.0106627466667
171, 53.056058, 0.884267633333, 0.0147377938889
172, 38.013151, 0.633552516667, 0.0105592086111
173, 87.633032, 1.46055053333, 0.0243425088889
174, 72.667485, 1.21112475, 0.0201854125
175, 38.923512, 0.6487252, 0.0108120866667
176, 38.810586, 0.6468431, 0.0107807183333
177, 53.28418, 0.888069666667, 0.0148011611111
178, 60.508672, 1.00847786667, 0.0168079644444
179, 61.761334, 1.02935556667, 0.0171559261111
180, 67.413093, 1.12355155, 0.0187258591667
181, 56.011594, 0.933526566667, 0.0155587761111
182, 97.607085, 1.62678475, 0.0271130791667
183, 43.246131, 0.72076885, 0.0120128141667
184, 49.09996, 0.818332666667, 0.0136388777778
185, 75.961306, 1.26602176667, 0.0211003627778
186, 48.017975, 0.800299583333, 0.0133383263889
187, 41.888643, 0.69814405, 0.0116357341667
188, 38.005289, 0.633421483333, 0.0105570247222
189, 74.441244, 1.2406874, 0.0206781233333
190, 43.230234, 0.7205039, 0.0120083983333
191, 55.629793, 0.927163216667, 0.0154527202778
192, 45.451716, 0.7575286, 0.0126254766667
193, 44.708367, 0.74513945, 0.0124189908333
194, 60.944241, 1.01573735, 0.0169289558333
195, 40.413447, 0.67355745, 0.0112259575
196, 39.01402, 0.650233666667, 0.0108372277778
197, 53.65708, 0.894284666667, 0.0149047444444
198, 47.567007, 0.79278345, 0.0132130575
199, 43.992838, 0.733213966667, 0.0122202327778
200, 48.317163, 0.80528605, 0.0134214341667
