004, 50.514486, 0.8419081, 0.0140318016667
005, 57.771309, 0.96285515, 0.0160475858333
006, 56.421577, 0.940359616667, 0.0156726602778
007, 63.143589, 1.05239315, 0.0175398858333
008, 47.90722, 0.798453666667, 0.0133075611111
009, 70.450684, 1.17417806667, 0.0195696344444
010, 46.943939, 0.782398983333, 0.0130399830556
011, 49.485245, 0.824754083333, 0.0137459013889
012, 52.612059, 0.87686765, 0.0146144608333
013, 53.836378, 0.897272966667, 0.0149545494444
014, 119.677576, 1.99462626667, 0.0332437711111
015, 66.873423, 1.11455705, 0.0185759508333
016, 48.649888, 0.810831466667, 0.0135138577778
017, 74.442292, 1.24070486667, 0.0206784144444
018, 55.238392, 0.920639866667, 0.0153439977778
019, 84.605681, 1.41009468333, 0.0235015780556
020, 59.794796, 0.996579933333, 0.0166096655556
021, 75.129676, 1.25216126667, 0.0208693544444
022, 88.047636, 1.4674606, 0.0244576766667
023, 72.802504, 1.21337506667, 0.0202229177778
024, 63.301677, 1.05502795, 0.0175837991667
025, 129.482523, 2.15804205, 0.0359673675
026, 60.711553, 1.01185921667, 0.0168643202778
027, 59.022097, 0.983701616667, 0.0163950269444
028, 59.232282, 0.9872047, 0.0164534116667
029, 54.854096, 0.914234933333, 0.0152372488889
030, 72.525207, 1.20875345, 0.0201458908333
031, 58.908174, 0.9818029, 0.0163633816667
032, 87.186037, 1.45310061667, 0.0242183436111
033, 61.12595, 1.01876583333, 0.0169794305556
034, 96.047214, 1.6007869, 0.0266797816667
035, 77.155854, 1.2859309, 0.0214321816667
036, 62.696089, 1.04493481667, 0.0174155802778
037, 59.614031, 0.993567183333, 0.0165594530556
038, 56.993537, 0.949892283333, 0.0158315380556
039, 94.540668, 1.5756778, 0.0262612966667
040, 68.630772, 1.1438462, 0.0190641033333
041, 52.309888, 0.871831466667, 0.0145305244444
042, 54.807411, 0.91345685, 0.0152242808333
043, 53.400538, 0.890008966667, 0.0148334827778
044, 187.35604, 3.12260066667, 0.0520433444444
045, 56.493036, 0.9415506, 0.01569251
046, 60.382119, 1.00636865, 0.0167728108333
047, 58.557838, 0.975963966667, 0.0162660661111
048, 65.01369, 1.0835615, 0.0180593583333
049, 53.855259, 0.89758765, 0.0149597941667
050, 75.061878, 1.2510313, 0.0208505216667
051, 52.709553, 0.87849255, 0.0146415425
052, 59.238496, 0.987308266667, 0.0164551377778
053, 56.258673, 0.93764455, 0.0156274091667
054, 59.924226, 0.9987371, 0.0166456183333
055, 58.518546, 0.9753091, 0.0162551516667
056, 72.465367, 1.20775611667, 0.0201292686111
057, 61.177022, 1.01961703333, 0.0169936172222
058, 90.447197, 1.50745328333, 0.0251242213889
059, 61.873534, 1.03122556667, 0.0171870927778
060, 51.164583, 0.85274305, 0.0142123841667
061, 74.840801, 1.24734668333, 0.0207891113889
062, 63.52792, 1.05879866667, 0.0176466444444
063, 75.038165, 1.25063608333, 0.0208439347222
064, 88.161534, 1.4693589, 0.024489315
065, 74.14662, 1.235777, 0.0205962833333
066, 62.775306, 1.0462551, 0.017437585
067, 64.999276, 1.08332126667, 0.0180553544444
068, 62.800597, 1.04667661667, 0.0174446102778
069, 124.871692, 2.08119486667, 0.0346865811111
070, 71.832858, 1.1972143, 0.0199535716667
071, 58.722719, 0.978711983333, 0.0163118663889
072, 84.788336, 1.41313893333, 0.0235523155556
073, 64.005101, 1.06675168333, 0.0177791947222
074, 50.03274, 0.833879, 0.0138979833333
075, 60.858082, 1.01430136667, 0.0169050227778
076, 60.916071, 1.01526785, 0.0169211308333
077, 78.901352, 1.31502253333, 0.0219170422222
078, 70.298294, 1.17163823333, 0.0195273038889
079, 51.832961, 0.863882683333, 0.0143980447222
080, 72.683978, 1.21139963333, 0.0201899938889
081, 541.112954, 9.01854923333, 0.150309153889
082, 68.390509, 1.13984181667, 0.0189973636111
083, 49.048169, 0.817469483333, 0.0136244913889
084, 48.545416, 0.809090266667, 0.0134848377778
085, 67.395237, 1.12325395, 0.0187208991667
086, 75.660265, 1.26100441667, 0.0210167402778
087, 53.034658, 0.883910966667, 0.0147318494444
088, 146.47429, 2.44123816667, 0.0406873027778
089, 53.764902, 0.8960817, 0.014934695
090, 58.595677, 0.976594616667, 0.0162765769444
091, 50.830655, 0.847177583333, 0.0141196263889
092, 56.691862, 0.944864366667, 0.0157477394444
093, 50.695281, 0.84492135, 0.0140820225
094, 48.320131, 0.805335516667, 0.0134222586111
095, 64.407802, 1.07346336667, 0.0178910561111
096, 72.876064, 1.21460106667, 0.0202433511111
097, 68.173784, 1.13622973333, 0.0189371622222
098, 57.665189, 0.961086483333, 0.0160181080556
099, 62.005636, 1.03342726667, 0.0172237877778
100, 63.407361, 1.05678935, 0.0176131558333
101, 96.600963, 1.61001605, 0.0268336008333
102, 50.104903, 0.835081716667, 0.0139180286111
103, 189.524418, 3.1587403, 0.0526456716667
104, 55.821887, 0.930364783333, 0.0155060797222
105, 60.496953, 1.00828255, 0.0168047091667
106, 68.939006, 1.14898343333, 0.0191497238889
107, 55.696792, 0.928279866667, 0.0154713311111
108, 106.814334, 1.7802389, 0.0296706483333
109, 72.128981, 1.20214968333, 0.0200358280556
110, 71.259721, 1.18766201667, 0.0197943669444
111, 74.855235, 1.24758725, 0.0207931208333
112, 98.079284, 1.63465473333, 0.0272442455556
113, 54.930758, 0.915512633333, 0.0152585438889
114, 51.938184, 0.8656364, 0.0144272733333
115, 53.401782, 0.8900297, 0.0148338283333
116, 61.20523, 1.02008716667, 0.0170014527778
117, 64.222098, 1.0703683, 0.0178394716667
118, 68.238116, 1.13730193333, 0.0189550322222
119, 57.159001, 0.952650016667, 0.0158775002778
120, 69.047791, 1.15079651667, 0.0191799419444
121, 135.500897, 2.25834828333, 0.0376391380556
122, 66.473651, 1.10789418333, 0.0184649030556
123, 54.794484, 0.9132414, 0.01522069
124, 65.13679, 1.08561316667, 0.0180935527778
125, 74.454399, 1.24090665, 0.0206817775
126, 55.521801, 0.92536335, 0.0154227225
127, 59.340362, 0.989006033333, 0.0164834338889
128, 60.228065, 1.00380108333, 0.0167300180556
129, 121.587037, 2.02645061667, 0.0337741769444
130, 105.618792, 1.7603132, 0.0293385533333
131, 63.973022, 1.06621703333, 0.0177702838889
132, 57.813883, 0.963564716667, 0.0160594119444
133, 56.978197, 0.949636616667, 0.0158272769444
134, 56.613901, 0.943565016667, 0.0157260836111
135, 55.38458, 0.923076333333, 0.0153846055556
136, 85.978926, 1.4329821, 0.023883035
137, 65.744071, 1.09573451667, 0.0182622419444
138, 88.091319, 1.46818865, 0.0244698108333
139, 65.914036, 1.09856726667, 0.0183094544444
140, 59.061177, 0.98435295, 0.0164058825
141, 74.144339, 1.23573898333, 0.0205956497222
142, 61.259797, 1.02099661667, 0.0170166102778
143, 57.13448, 0.952241333333, 0.0158706888889
144, 60.722719, 1.01204531667, 0.0168674219444
145, 56.648752, 0.944145866667, 0.0157357644444
146, 64.514335, 1.07523891667, 0.0179206486111
147, 62.754546, 1.0459091, 0.0174318183333
148, 79.745452, 1.32909086667, 0.0221515144444
149, 52.692972, 0.8782162, 0.0146369366667
150, 62.154879, 1.03591465, 0.0172652441667
151, 71.477352, 1.1912892, 0.01985482
152, 57.023387, 0.950389783333, 0.0158398297222
153, 56.432975, 0.940549583333, 0.0156758263889
154, 92.37947, 1.53965783333, 0.0256609638889
155, 62.633585, 1.04389308333, 0.0173982180556
156, 58.413457, 0.973557616667, 0.0162259602778
157, 68.760361, 1.14600601667, 0.0191001002778
158, 65.025063, 1.08375105, 0.0180625175
159, 54.008752, 0.900145866667, 0.0150024311111
160, 52.72524, 0.878754, 0.0146459
161, 60.748132, 1.01246886667, 0.0168744811111
162, 61.671506, 1.02785843333, 0.0171309738889
163, 57.052125, 0.95086875, 0.0158478125
164, 75.163569, 1.25272615, 0.0208787691667
165, 62.860996, 1.04768326667, 0.0174613877778
166, 71.409942, 1.1901657, 0.019836095
167, 97.710293, 1.62850488333, 0.0271417480556
168, 117.792779, 1.96321298333, 0.0327202163889
169, 231.306717, 3.85511195, 0.0642518658333
170, 122.077973, 2.03463288333, 0.0339105480556
171, 124.218344, 2.07030573333, 0.0345050955556
172, 95.1797, 1.58632833333, 0.0264388055556
173, 187.849562, 3.13082603333, 0.0521804338889
174, 109.606566, 1.8267761, 0.0304462683333
175, 94.884124, 1.58140206667, 0.0263567011111
176, 93.998823, 1.56664705, 0.0261107841667
177, 96.858487, 1.61430811667, 0.0269051352778
178, 121.84887, 2.0308145, 0.0338469083333
179, 114.613174, 1.91021956667, 0.0318369927778
180, 125.497997, 2.09163328333, 0.0348605547222
181, 113.588879, 1.89314798333, 0.0315524663889
182, 161.258672, 2.68764453333, 0.0447940755556
183, 99.312542, 1.65520903333, 0.0275868172222
184, 107.679171, 1.79465285, 0.0299108808333
185, 99.158811, 1.65264685, 0.0275441141667
186, 130.409802, 2.1734967, 0.036224945
187, 99.315184, 1.65525306667, 0.0275875511111
188, 98.513977, 1.64189961667, 0.0273649936111
189, 98.617808, 1.64363013333, 0.0273938355556
190, 95.450651, 1.59084418333, 0.0265140697222
191, 235.913245, 3.93188741667, 0.0655314569444
192, 121.956845, 2.03261408333, 0.0338769013889
193, 102.31482, 1.705247, 0.0284207833333
194, 121.922844, 2.0320474, 0.0338674566667
195, 94.586714, 1.57644523333, 0.0262740872222
196, 95.71942, 1.59532366667, 0.0265887277778
197, 110.903855, 1.84839758333, 0.0308066263889
198, 97.230302, 1.62050503333, 0.0270084172222
199, 97.68657, 1.6281095, 0.0271351583333
200, 104.872596, 1.7478766, 0.0291312766667
