1, 229
2, 207
3, 212
4, 211
5, 234
6, 395
7, 311
8, 278
9, 274
10, 343
11, 481
12, 257
13, 271
14, 235
15, 619
16, 798
17, 290
18, 211
19, 262
20, 212
21, 238
22, 350
23, 384
24, 476
25, 428
26, 441
27, 608
28, 829
29, 304
30, 382
31, 293
32, 265
33, 243
34, 279
35, 780
36, 215
37, 248
38, 219
39, 212
40, 535
41, 306
42, 374
43, 597
44, 323
45, 224
46, 352
47, 345
48, 242
49, 275
50, 223
51, 259
52, 271
53, 247
54, 237
55, 271
56, 246
57, 268
58, 226
59, 295
60, 212
61, 476
62, 256
63, 307
64, 217
65, 255
66, 415
67, 300
68, 291
69, 247
70, 324
71, 286
72, 435
73, 267
74, 261
75, 300
76, 238
77, 282
78, 266
79, 271
80, 250
81, 332
82, 551
83, 257
84, 330
85, 258
86, 320
87, 258
88, 206
89, 288
90, 327
91, 850
92, 402
93, 426
94, 289
95, 287
96, 245
97, 221
98, 219
99, 269
100, 538
