1, 100
2, 93
3, 61
4, 80
5, 257
6, 52
7, 85
8, 65
9, 54
10, 242
11, 60
12, 99
13, 54
14, 127
15, 177
16, 632
17, 75
18, 90
19, 52
20, 277
21, 75
22, 54
23, 96
24, 228
25, 80
26, 50
27, 57
28, 201
29, 66
30, 104
31, 62
32, 73
33, 51
34, 64
35, 384
36, 71
37, 90
38, 85
39, 51
40, 95
41, 72
42, 68
43, 97
44, 51
45, 85
46, 51
47, 90
48, 178
49, 180
50, 55
51, 139
52, 99
53, 116
54, 49
55, 129
56, 86
57, 608
58, 53
59, 57
60, 70
61, 129
62, 51
63, 102
64, 53
65, 52
66, 62
67, 52
68, 69
69, 52
70, 122
71, 100
72, 57
73, 104
74, 110
75, 77
76, 130
77, 133
78, 153
79, 53
80, 563
81, 86
82, 145
83, 52
84, 50
85, 317
86, 53
87, 214
88, 78
89, 268
90, 80
91, 509
92, 145
93, 53
94, 95
95, 258
96, 51
97, 108
98, 72
99, 164
100, 59
101, 91
102, 51
103, 77
104, 57
105, 107
106, 117
107, 51
108, 90
109, 67
110, 53
111, 67
112, 59
113, 91
114, 103
115, 59
116, 137
117, 51
118, 53
119, 59
120, 52
121, 153
122, 85
123, 75
124, 63
125, 52
126, 137
127, 50
128, 76
129, 65
130, 83
131, 55
132, 52
133, 55
134, 277
135, 123
136, 420
137, 149
138, 141
139, 76
140, 53
141, 99
142, 67
143, 57
144, 60
145, 122
146, 51
147, 99
148, 101
149, 78
150, 78
151, 52
152, 104
153, 107
154, 64
155, 76
156, 51
157, 206
158, 301
159, 127
160, 206
161, 62
162, 174
163, 156
164, 340
165, 111
166, 53
167, 60
168, 374
169, 76
170, 72
171, 88
172, 62
173, 51
174, 90
175, 103
176, 284
177, 78
178, 60
179, 119
180, 337
181, 84
182, 106
183, 101
184, 196
185, 197
186, 200
187, 115
188, 205
189, 125
190, 217
