1, 174
2, 54
3, 200
4, 62
5, 157
6, 113
7, 78
8, 202
9, 113
10, 154
11, 187
12, 129
13, 348
14, 58
15, 118
16, 51
17, 67
18, 225
19, 59
20, 151
21, 85
22, 62
23, 99
24, 63
25, 243
26, 85
27, 52
28, 73
29, 54
30, 52
31, 55
32, 57
33, 86
34, 84
35, 53
36, 60
37, 75
38, 138
39, 53
40, 419
41, 54
42, 64
43, 55
44, 177
45, 69
46, 63
47, 157
48, 126
49, 55
50, 365
51, 118
52, 58
53, 56
54, 54
55, 135
56, 53
57, 57
58, 159
59, 156
60, 59
61, 134
62, 57
63, 105
64, 103
65, 80
66, 79
67, 53
68, 112
69, 62
70, 73
71, 135
72, 63
73, 64
74, 53
75, 70
76, 127
77, 139
78, 63
79, 99
80, 139
81, 52
82, 95
83, 54
84, 70
85, 86
86, 82
87, 120
88, 122
89, 76
90, 105
91, 52
92, 130
93, 108
94, 91
95, 106
96, 94
97, 93
98, 180
99, 87
100, 165
101, 82
102, 70
103, 324
104, 53
105, 207
106, 91
107, 55
108, 77
109, 56
110, 56
111, 91
112, 104
113, 100
114, 59
115, 53
116, 97
117, 54
118, 111
119, 64
120, 89
121, 95
122, 94
123, 77
124, 60
125, 70
126, 73
127, 60
128, 82
129, 308
130, 121
131, 157
132, 64
133, 118
134, 92
135, 97
136, 332
137, 134
138, 67
139, 128
140, 185
141, 84
142, 152
143, 113
144, 186
145, 432
146, 149
147, 92
148, 69
149, 102
150, 191
151, 126
152, 54
153, 68
154, 54
155, 53
156, 151
157, 53
158, 93
159, 131
160, 58
161, 201
162, 53
163, 60
164, 193
165, 53
166, 114
167, 99
168, 243
169, 53
170, 90
171, 51
172, 180
173, 82
174, 67
175, 59
176, 111
177, 53
178, 102
179, 88
180, 51
181, 53
182, 91
183, 67
184, 93
185, 163
186, 55
187, 67
188, 124
189, 55
190, 64
