1, 179
2, 103
3, 60
4, 73
5, 412
6, 62
7, 77
8, 62
9, 62
10, 180
11, 62
12, 91
13, 59
14, 152
15, 140
16, 569
17, 84
18, 61
19, 59
20, 158
21, 67
22, 60
23, 161
24, 191
25, 84
26, 60
27, 61
28, 184
29, 64
30, 89
31, 64
32, 91
33, 63
34, 71
35, 114
36, 75
37, 98
38, 82
39, 61
40, 79
41, 61
42, 68
43, 78
44, 60
45, 63
46, 61
47, 75
48, 157
49, 154
50, 68
51, 133
52, 89
53, 98
54, 62
55, 101
56, 84
57, 502
58, 61
59, 61
60, 65
61, 84
62, 62
63, 92
64, 60
65, 61
66, 62
67, 61
68, 66
69, 62
70, 130
71, 80
72, 62
73, 88
74, 103
75, 62
76, 105
77, 104
78, 127
79, 64
80, 103
81, 76
82, 144
83, 61
84, 60
85, 80
86, 66
87, 188
88, 67
89, 224
90, 65
91, 411
92, 137
93, 60
94, 99
95, 240
96, 61
97, 110
98, 71
99, 147
100, 60
101, 74
102, 61
103, 69
104, 61
105, 66
106, 73
107, 61
108, 78
109, 64
110, 62
111, 72
112, 61
113, 85
114, 102
115, 60
116, 173
117, 61
118, 60
119, 62
120, 61
121, 131
122, 70
123, 80
124, 61
125, 61
126, 91
127, 61
128, 70
129, 62
130, 79
131, 61
132, 61
133, 62
134, 236
135, 112
136, 93
137, 120
138, 171
139, 78
140, 60
141, 79
142, 68
143, 61
144, 86
145, 103
146, 61
147, 80
148, 77
149, 74
150, 68
151, 61
152, 93
153, 127
154, 68
155, 97
156, 62
157, 173
158, 133
159, 110
160, 152
161, 65
162, 131
163, 118
164, 750
165, 116
166, 61
167, 61
168, 63
169, 97
170, 76
171, 156
172, 64
173, 59
174, 72
175, 78
176, 222
177, 73
178, 65
179, 188
180, 208
181, 66
182, 86
183, 86
184, 219
185, 190
186, 114
187, 119
188, 502
189, 114
190, 176
