1, 203
2, 144
3, 145
4, 143
5, 146
6, 147
7, 150
8, 159
9, 146
10, 146
11, 146
12, 148
13, 147
14, 146
15, 150
16, 145
17, 148
18, 144
19, 146
20, 156
21, 147
22, 147
23, 142
24, 148
25, 149
26, 147
27, 143
28, 144
29, 145
30, 147
31, 145
32, 145
33, 147
34, 145
35, 146
36, 145
37, 146
38, 156
39, 146
40, 151
41, 147
42, 143
43, 146
44, 224
45, 145
46, 147
47, 145
48, 144
49, 148
50, 178
51, 172
52, 149
53, 143
54, 147
55, 164
56, 145
57, 144
58, 310
59, 143
60, 147
61, 150
62, 146
63, 148
64, 146
65, 147
66, 147
67, 146
68, 207
69, 148
70, 163
71, 201
72, 144
73, 145
74, 150
75, 145
76, 170
77, 154
78, 145
79, 146
80, 150
81, 147
82, 145
83, 150
84, 147
85, 147
86, 148
87, 147
88, 147
89, 148
90, 142
91, 144
92, 145
93, 144
94, 148
95, 145
96, 143
97, 146
98, 145
99, 144
100, 165
101, 145
102, 145
103, 285
104, 144
105, 152
106, 144
107, 148
108, 145
109, 146
110, 150
111, 146
112, 147
113, 147
114, 146
115, 147
116, 147
117, 145
118, 145
119, 148
120, 143
121, 146
122, 147
123, 146
124, 148
125, 146
126, 144
127, 148
128, 146
129, 155
130, 147
131, 145
132, 149
133, 147
134, 146
135, 150
136, 259
137, 147
138, 145
139, 145
140, 146
141, 144
142, 151
143, 145
144, 146
145, 236
146, 144
147, 146
148, 146
149, 146
150, 144
151, 146
152, 146
153, 147
154, 145
155, 149
156, 146
157, 146
158, 144
159, 148
160, 144
161, 146
162, 146
163, 146
164, 160
165, 147
166, 143
167, 147
168, 210
169, 149
170, 144
171, 146
172, 167
173, 143
174, 144
175, 147
176, 148
177, 145
178, 143
179, 144
180, 145
181, 146
182, 143
183, 145
184, 150
185, 151
186, 146
187, 146
188, 144
189, 143
190, 146
