1, 108
2, 128
3, 109
4, 114
5, 125
6, 106
7, 110
8, 110
9, 107
10, 111
11, 109
12, 109
13, 108
14, 110
15, 140
16, 260
17, 111
18, 111
19, 111
20, 133
21, 111
22, 106
23, 112
24, 187
25, 111
26, 110
27, 110
28, 151
29, 110
30, 107
31, 110
32, 107
33, 110
34, 107
35, 113
36, 110
37, 134
38, 107
39, 112
40, 106
41, 112
42, 111
43, 111
44, 108
45, 110
46, 109
47, 109
48, 126
49, 109
50, 107
51, 126
52, 116
53, 108
54, 109
55, 110
56, 109
57, 295
58, 110
59, 114
60, 110
61, 112
62, 108
63, 112
64, 109
65, 112
66, 112
67, 109
68, 110
69, 110
70, 111
71, 192
72, 108
73, 111
74, 142
75, 109
76, 109
77, 110
78, 109
79, 110
80, 156
81, 108
82, 147
83, 108
84, 111
85, 114
86, 108
87, 111
88, 107
89, 109
90, 128
91, 172
92, 139
93, 110
94, 107
95, 184
96, 109
97, 132
98, 112
99, 110
100, 110
101, 110
102, 113
103, 109
104, 110
105, 106
106, 110
107, 109
108, 113
109, 109
110, 106
111, 109
112, 109
113, 118
114, 108
115, 107
116, 109
117, 109
118, 113
119, 109
120, 113
121, 133
122, 111
123, 111
124, 108
125, 108
126, 113
127, 111
128, 108
129, 121
130, 119
131, 107
132, 111
133, 109
134, 180
135, 113
136, 110
137, 111
138, 108
139, 108
140, 106
141, 109
142, 108
143, 109
144, 108
145, 112
146, 109
147, 108
148, 114
149, 110
150, 113
151, 111
152, 111
153, 175
154, 110
155, 110
156, 109
157, 113
158, 190
159, 109
160, 125
161, 109
162, 138
163, 122
164, 442
165, 126
166, 109
167, 109
168, 110
169, 109
170, 110
171, 111
172, 110
173, 109
174, 107
175, 110
176, 113
177, 111
178, 113
179, 111
180, 113
181, 108
182, 108
183, 108
184, 294
185, 141
186, 154
187, 127
188, 162
189, 115
190, 109
