1, 114
2, 94
3, 55
4, 86
5, 254
6, 55
7, 70
8, 56
9, 57
10, 177
11, 59
12, 118
13, 54
14, 108
15, 167
16, 626
17, 64
18, 66
19, 55
20, 275
21, 76
22, 55
23, 299
24, 234
25, 74
26, 56
27, 57
28, 241
29, 70
30, 72
31, 60
32, 120
33, 55
34, 73
35, 298
36, 68
37, 78
38, 77
39, 54
40, 82
41, 71
42, 70
43, 70
44, 54
45, 103
46, 54
47, 80
48, 175
49, 186
50, 62
51, 226
52, 88
53, 301
54, 54
55, 92
56, 79
57, 375
58, 54
59, 53
60, 67
61, 120
62, 56
63, 88
64, 54
65, 54
66, 61
67, 52
68, 73
69, 56
70, 155
71, 93
72, 57
73, 100
74, 198
75, 73
76, 118
77, 124
78, 122
79, 57
80, 524
81, 80
82, 155
83, 54
84, 54
85, 79
86, 61
87, 212
88, 79
89, 179
90, 103
91, 510
92, 142
93, 54
94, 59
95, 279
96, 53
97, 107
98, 67
99, 162
100, 58
101, 141
102, 54
103, 73
104, 54
105, 87
106, 94
107, 54
108, 98
109, 68
110, 58
111, 66
112, 56
113, 95
114, 137
115, 56
116, 180
117, 55
118, 55
119, 62
120, 55
121, 123
122, 81
123, 93
124, 57
125, 53
126, 106
127, 55
128, 83
129, 67
130, 84
131, 55
132, 54
133, 55
134, 286
135, 123
136, 88
137, 210
138, 133
139, 75
140, 60
141, 184
142, 67
143, 59
144, 63
145, 121
146, 61
147, 75
148, 126
149, 106
150, 78
151, 55
152, 101
153, 205
154, 63
155, 103
156, 54
157, 214
158, 115
159, 120
160, 121
161, 64
162, 135
163, 175
164, 711
165, 108
166, 55
167, 61
168, 358
169, 97
170, 76
171, 76
172, 102
173, 54
174, 97
175, 85
176, 264
177, 73
178, 59
179, 102
180, 100
181, 90
182, 85
183, 65
184, 205
185, 206
186, 149
187, 113
188, 281
189, 265
190, 168
