1, 349
2, 62
3, 192
4, 62
5, 150
6, 92
7, 76
8, 128
9, 247
10, 131
11, 156
12, 141
13, 168
14, 62
15, 154
16, 59
17, 62
18, 205
19, 64
20, 371
21, 75
22, 60
23, 96
24, 63
25, 301
26, 75
27, 61
28, 74
29, 61
30, 62
31, 62
32, 60
33, 78
34, 75
35, 63
36, 66
37, 65
38, 152
39, 60
40, 365
41, 61
42, 60
43, 59
44, 150
45, 65
46, 61
47, 148
48, 91
49, 75
50, 190
51, 64
52, 61
53, 62
54, 61
55, 120
56, 61
57, 62
58, 663
59, 123
60, 67
61, 124
62, 69
63, 61
64, 98
65, 66
66, 64
67, 60
68, 104
69, 66
70, 72
71, 133
72, 70
73, 68
74, 61
75, 65
76, 113
77, 133
78, 65
79, 110
80, 113
81, 62
82, 100
83, 62
84, 73
85, 98
86, 78
87, 388
88, 111
89, 66
90, 99
91, 60
92, 114
93, 137
94, 122
95, 121
96, 92
97, 84
98, 142
99, 74
100, 110
101, 64
102, 74
103, 204
104, 61
105, 185
106, 62
107, 61
108, 71
109, 61
110, 68
111, 66
112, 97
113, 94
114, 62
115, 62
116, 90
117, 60
118, 96
119, 63
120, 102
121, 94
122, 83
123, 80
124, 62
125, 63
126, 68
127, 62
128, 67
129, 105
130, 116
131, 139
132, 61
133, 91
134, 90
135, 93
136, 270
137, 142
138, 63
139, 123
140, 118
141, 76
142, 68
143, 98
144, 132
145, 384
146, 170
147, 87
148, 65
149, 88
150, 164
151, 149
152, 62
153, 67
154, 60
155, 61
156, 136
157, 61
158, 89
159, 84
160, 61
161, 184
162, 62
163, 63
164, 180
165, 61
166, 93
167, 84
168, 125
169, 58
170, 142
171, 59
172, 199
173, 75
174, 74
175, 62
176, 88
177, 62
178, 70
179, 77
180, 61
181, 61
182, 189
183, 70
184, 90
185, 111
186, 62
187, 70
188, 103
189, 61
190, 68
