1, 159
2, 139
3, 139
4, 136
5, 139
6, 139
7, 136
8, 141
9, 136
10, 140
11, 135
12, 141
13, 140
14, 137
15, 181
16, 137
17, 136
18, 148
19, 137
20, 169
21, 139
22, 140
23, 137
24, 139
25, 162
26, 141
27, 141
28, 134
29, 140
30, 139
31, 138
32, 139
33, 143
34, 138
35, 142
36, 139
37, 139
38, 139
39, 135
40, 140
41, 137
42, 141
43, 138
44, 140
45, 138
46, 138
47, 142
48, 140
49, 140
50, 168
51, 138
52, 138
53, 139
54, 140
55, 144
56, 138
57, 137
58, 139
59, 162
60, 137
61, 140
62, 139
63, 139
64, 139
65, 139
66, 137
67, 138
68, 137
69, 140
70, 140
71, 176
72, 139
73, 140
74, 134
75, 140
76, 147
77, 139
78, 141
79, 141
80, 138
81, 138
82, 139
83, 138
84, 139
85, 137
86, 138
87, 138
88, 136
89, 137
90, 139
91, 140
92, 141
93, 141
94, 141
95, 141
96, 140
97, 139
98, 138
99, 137
100, 138
101, 142
102, 138
103, 300
104, 138
105, 150
106, 141
107, 138
108, 140
109, 138
110, 144
111, 138
112, 136
113, 137
114, 140
115, 139
116, 143
117, 142
118, 138
119, 141
120, 138
121, 137
122, 140
123, 137
124, 137
125, 165
126, 140
127, 139
128, 139
129, 171
130, 189
131, 138
132, 138
133, 141
134, 136
135, 141
136, 245
137, 141
138, 139
139, 137
140, 170
141, 138
142, 137
143, 140
144, 147
145, 233
146, 139
147, 140
148, 141
149, 139
150, 140
151, 138
152, 140
153, 139
154, 138
155, 138
156, 137
157, 135
158, 137
159, 141
160, 138
161, 141
162, 138
163, 134
164, 171
165, 143
166, 138
167, 133
168, 164
169, 140
170, 137
171, 139
172, 142
173, 138
174, 137
175, 138
176, 133
177, 139
178, 139
179, 139
180, 134
181, 138
182, 137
183, 138
184, 140
185, 136
186, 139
187, 138
188, 143
189, 139
190, 137
