1, 376
2, 59
3, 212
4, 56
5, 178
6, 110
7, 80
8, 311
9, 112
10, 142
11, 186
12, 229
13, 345
14, 54
15, 84
16, 52
17, 72
18, 216
19, 52
20, 162
21, 76
22, 59
23, 99
24, 64
25, 224
26, 81
27, 53
28, 79
29, 54
30, 50
31, 56
32, 52
33, 86
34, 92
35, 50
36, 66
37, 75
38, 123
39, 55
40, 105
41, 53
42, 57
43, 53
44, 251
45, 68
46, 59
47, 150
48, 100
49, 51
50, 892
51, 76
52, 63
53, 51
54, 54
55, 150
56, 51
57, 55
58, 671
59, 140
60, 56
61, 130
62, 77
63, 72
64, 135
65, 65
66, 70
67, 57
68, 254
69, 70
70, 74
71, 161
72, 62
73, 124
74, 52
75, 65
76, 162
77, 175
78, 66
79, 125
80, 103
81, 52
82, 95
83, 51
84, 73
85, 95
86, 96
87, 397
88, 113
89, 78
90, 115
91, 51
92, 146
93, 118
94, 107
95, 132
96, 98
97, 79
98, 183
99, 149
100, 177
101, 72
102, 86
103, 180
104, 53
105, 205
106, 79
107, 54
108, 83
109, 57
110, 60
111, 84
112, 97
113, 85
114, 54
115, 51
116, 101
117, 52
118, 104
119, 76
120, 110
121, 105
122, 88
123, 95
124, 58
125, 71
126, 82
127, 57
128, 89
129, 104
130, 308
131, 164
132, 59
133, 106
134, 103
135, 80
136, 314
137, 181
138, 66
139, 121
140, 155
141, 89
142, 94
143, 113
144, 154
145, 194
146, 239
147, 95
148, 95
149, 103
150, 254
151, 192
152, 53
153, 89
154, 56
155, 53
156, 108
157, 52
158, 97
159, 136
160, 60
161, 190
162, 51
163, 57
164, 191
165, 58
166, 94
167, 103
168, 130
169, 52
170, 96
171, 52
172, 162
173, 81
174, 61
175, 64
176, 118
177, 61
178, 113
179, 89
180, 50
181, 53
182, 100
183, 67
184, 87
185, 149
186, 58
187, 64
188, 124
189, 52
190, 77
