1, 101
2, 98
3, 72
4, 77
5, 164
6, 74
7, 73
8, 72
9, 72
10, 119
11, 72
12, 80
13, 73
14, 90
15, 143
16, 482
17, 73
18, 73
19, 70
20, 103
21, 81
22, 71
23, 111
24, 202
25, 82
26, 74
27, 75
28, 136
29, 73
30, 74
31, 74
32, 74
33, 75
34, 73
35, 282
36, 74
37, 94
38, 79
39, 74
40, 73
41, 82
42, 75
43, 74
44, 74
45, 76
46, 72
47, 75
48, 141
49, 180
50, 73
51, 113
52, 97
53, 80
54, 75
55, 71
56, 79
57, 268
58, 75
59, 71
60, 75
61, 101
62, 73
63, 80
64, 73
65, 76
66, 73
67, 73
68, 74
69, 73
70, 97
71, 82
72, 74
73, 88
74, 100
75, 74
76, 79
77, 107
78, 144
79, 74
80, 233
81, 74
82, 136
83, 73
84, 72
85, 77
86, 72
87, 148
88, 74
89, 176
90, 114
91, 229
92, 128
93, 73
94, 85
95, 216
96, 73
97, 92
98, 84
99, 129
100, 74
101, 113
102, 73
103, 73
104, 72
105, 79
106, 88
107, 71
108, 77
109, 74
110, 72
111, 77
112, 72
113, 94
114, 77
115, 74
116, 136
117, 72
118, 73
119, 73
120, 72
121, 110
122, 75
123, 85
124, 73
125, 73
126, 80
127, 75
128, 118
129, 71
130, 79
131, 72
132, 73
133, 72
134, 214
135, 112
136, 83
137, 108
138, 100
139, 74
140, 76
141, 184
142, 71
143, 72
144, 76
145, 90
146, 72
147, 75
148, 91
149, 79
150, 76
151, 71
152, 87
153, 142
154, 76
155, 73
156, 71
157, 151
158, 93
159, 99
160, 105
161, 71
162, 126
163, 151
164, 592
165, 99
166, 72
167, 72
168, 77
169, 90
170, 74
171, 84
172, 72
173, 73
174, 73
175, 79
176, 166
177, 77
178, 74
179, 80
180, 100
181, 72
182, 86
183, 78
184, 356
185, 169
186, 106
187, 106
188, 188
189, 89
190, 139
