1, 117
2, 118
3, 62
4, 86
5, 260
6, 63
7, 63
8, 62
9, 62
10, 157
11, 63
12, 102
13, 63
14, 102
15, 156
16, 527
17, 70
18, 88
19, 63
20, 102
21, 64
22, 62
23, 121
24, 196
25, 91
26, 62
27, 62
28, 156
29, 66
30, 76
31, 62
32, 88
33, 62
34, 63
35, 119
36, 67
37, 91
38, 77
39, 64
40, 102
41, 77
42, 66
43, 65
44, 62
45, 66
46, 65
47, 65
48, 153
49, 133
50, 65
51, 154
52, 89
53, 96
54, 63
55, 383
56, 83
57, 538
58, 63
59, 62
60, 65
61, 89
62, 62
63, 91
64, 62
65, 63
66, 66
67, 65
68, 68
69, 63
70, 99
71, 75
72, 63
73, 83
74, 127
75, 67
76, 121
77, 123
78, 116
79, 63
80, 414
81, 72
82, 141
83, 62
84, 62
85, 245
86, 64
87, 183
88, 66
89, 170
90, 147
91, 409
92, 139
93, 63
94, 70
95, 258
96, 63
97, 109
98, 69
99, 152
100, 63
101, 82
102, 61
103, 70
104, 64
105, 64
106, 98
107, 64
108, 75
109, 67
110, 63
111, 74
112, 62
113, 84
114, 91
115, 63
116, 168
117, 62
118, 61
119, 61
120, 63
121, 123
122, 74
123, 72
124, 63
125, 63
126, 86
127, 61
128, 164
129, 65
130, 81
131, 60
132, 61
133, 64
134, 239
135, 114
136, 95
137, 137
138, 161
139, 72
140, 62
141, 341
142, 65
143, 64
144, 84
145, 78
146, 65
147, 68
148, 132
149, 71
150, 75
151, 64
152, 102
153, 111
154, 67
155, 71
156, 61
157, 177
158, 124
159, 121
160, 117
161, 62
162, 189
163, 109
164, 327
165, 93
166, 63
167, 62
168, 295
169, 69
170, 67
171, 147
172, 67
173, 62
174, 68
175, 83
176, 216
177, 80
178, 63
179, 95
180, 99
181, 72
182, 87
183, 76
184, 227
185, 193
186, 111
187, 98
188, 195
189, 195
190, 191
