1, 129
2, 124
3, 128
4, 126
5, 124
6, 127
7, 124
8, 126
9, 123
10, 123
11, 125
12, 125
13, 126
14, 126
15, 134
16, 128
17, 124
18, 126
19, 125
20, 134
21, 127
22, 128
23, 128
24, 226
25, 124
26, 125
27, 127
28, 146
29, 124
30, 125
31, 125
32, 128
33, 127
34, 125
35, 197
36, 126
37, 150
38, 124
39, 122
40, 124
41, 127
42, 124
43, 125
44, 124
45, 127
46, 127
47, 126
48, 133
49, 125
50, 124
51, 136
52, 127
53, 125
54, 127
55, 128
56, 125
57, 226
58, 129
59, 126
60, 127
61, 125
62, 126
63, 124
64, 128
65, 128
66, 126
67, 125
68, 125
69, 124
70, 126
71, 124
72, 124
73, 129
74, 124
75, 127
76, 123
77, 123
78, 125
79, 127
80, 127
81, 125
82, 165
83, 126
84, 125
85, 126
86, 123
87, 125
88, 126
89, 133
90, 132
91, 186
92, 141
93, 124
94, 127
95, 177
96, 126
97, 130
98, 125
99, 128
100, 125
101, 130
102, 128
103, 126
104, 126
105, 122
106, 124
107, 130
108, 128
109, 124
110, 126
111, 127
112, 126
113, 137
114, 124
115, 128
116, 125
117, 126
118, 125
119, 124
120, 132
121, 123
122, 128
123, 122
124, 125
125, 126
126, 128
127, 128
128, 123
129, 125
130, 127
131, 122
132, 125
133, 123
134, 161
135, 127
136, 180
137, 122
138, 127
139, 124
140, 126
141, 126
142, 124
143, 123
144, 129
145, 123
146, 124
147, 129
148, 136
149, 128
150, 127
151, 124
152, 127
153, 161
154, 126
155, 127
156, 127
157, 127
158, 125
159, 124
160, 126
161, 123
162, 130
163, 140
164, 399
165, 128
166, 122
167, 126
168, 126
169, 126
170, 125
171, 123
172, 124
173, 124
174, 124
175, 125
176, 127
177, 125
178, 125
179, 128
180, 178
181, 126
182, 125
183, 127
184, 270
185, 124
186, 128
187, 127
188, 147
189, 132
190, 126
