1, 138
2, 108
3, 99
4, 97
5, 220
6, 100
7, 96
8, 98
9, 96
10, 118
11, 95
12, 102
13, 97
14, 99
15, 133
16, 121
17, 100
18, 97
19, 99
20, 214
21, 98
22, 95
23, 137
24, 209
25, 100
26, 98
27, 96
28, 189
29, 96
30, 97
31, 98
32, 96
33, 98
34, 98
35, 105
36, 95
37, 114
38, 96
39, 99
40, 98
41, 94
42, 97
43, 97
44, 96
45, 95
46, 96
47, 98
48, 119
49, 134
50, 97
51, 168
52, 108
53, 95
54, 98
55, 99
56, 96
57, 320
58, 98
59, 98
60, 95
61, 98
62, 98
63, 99
64, 100
65, 98
66, 100
67, 98
68, 97
69, 98
70, 114
71, 97
72, 98
73, 99
74, 136
75, 98
76, 102
77, 99
78, 98
79, 97
80, 185
81, 97
82, 153
83, 96
84, 96
85, 94
86, 97
87, 104
88, 97
89, 125
90, 96
91, 174
92, 134
93, 96
94, 99
95, 169
96, 96
97, 104
98, 98
99, 99
100, 98
101, 98
102, 98
103, 94
104, 97
105, 106
106, 97
107, 97
108, 97
109, 96
110, 94
111, 96
112, 100
113, 110
114, 104
115, 97
116, 99
117, 96
118, 98
119, 98
120, 98
121, 125
122, 98
123, 98
124, 95
125, 94
126, 95
127, 95
128, 111
129, 98
130, 99
131, 97
132, 97
133, 98
134, 173
135, 107
136, 96
137, 99
138, 98
139, 100
140, 96
141, 100
142, 97
143, 98
144, 97
145, 100
146, 97
147, 98
148, 98
149, 97
150, 97
151, 98
152, 97
153, 104
154, 100
155, 100
156, 98
157, 129
158, 98
159, 99
160, 100
161, 98
162, 180
163, 112
164, 509
165, 102
166, 98
167, 97
168, 97
169, 98
170, 97
171, 98
172, 99
173, 98
174, 98
175, 96
176, 100
177, 97
178, 99
179, 100
180, 107
181, 96
182, 94
183, 97
184, 147
185, 161
186, 130
187, 115
188, 181
189, 107
190, 127
