1, 172
2, 98
3, 106
4, 103
5, 103
6, 104
7, 101
8, 119
9, 173
10, 103
11, 103
12, 108
13, 170
14, 100
15, 129
16, 100
17, 99
18, 149
19, 101
20, 103
21, 101
22, 101
23, 101
24, 104
25, 189
26, 107
27, 99
28, 105
29, 99
30, 101
31, 100
32, 100
33, 101
34, 100
35, 102
36, 102
37, 99
38, 137
39, 102
40, 102
41, 103
42, 102
43, 103
44, 101
45, 100
46, 101
47, 105
48, 101
49, 101
50, 209
51, 100
52, 100
53, 100
54, 101
55, 119
56, 102
57, 99
58, 101
59, 121
60, 102
61, 100
62, 100
63, 102
64, 102
65, 100
66, 102
67, 99
68, 107
69, 101
70, 115
71, 159
72, 99
73, 101
74, 97
75, 104
76, 107
77, 112
78, 100
79, 103
80, 117
81, 99
82, 101
83, 101
84, 100
85, 97
86, 117
87, 101
88, 108
89, 100
90, 100
91, 102
92, 99
93, 99
94, 102
95, 108
96, 106
97, 102
98, 105
99, 113
100, 123
101, 99
102, 104
103, 121
104, 99
105, 147
106, 102
107, 103
108, 102
109, 102
110, 105
111, 102
112, 101
113, 102
114, 100
115, 101
116, 107
117, 104
118, 100
119, 100
120, 100
121, 102
122, 100
123, 103
124, 102
125, 101
126, 101
127, 100
128, 100
129, 109
130, 101
131, 107
132, 103
133, 101
134, 100
135, 102
136, 240
137, 154
138, 101
139, 116
140, 137
141, 101
142, 121
143, 100
144, 197
145, 105
146, 107
147, 102
148, 99
149, 104
150, 106
151, 110
152, 101
153, 100
154, 103
155, 102
156, 103
157, 102
158, 104
159, 105
160, 102
161, 109
162, 99
163, 100
164, 143
165, 101
166, 102
167, 101
168, 126
169, 105
170, 104
171, 100
172, 109
173, 101
174, 103
175, 101
176, 110
177, 101
178, 104
179, 101
180, 99
181, 100
182, 127
183, 106
184, 101
185, 100
186, 99
187, 102
188, 108
189, 100
190, 101
