1, 103
2, 106
3, 100
4, 100
5, 164
6, 102
7, 100
8, 99
9, 102
10, 100
11, 100
12, 104
13, 100
14, 110
15, 132
16, 292
17, 102
18, 101
19, 99
20, 101
21, 102
22, 101
23, 200
24, 195
25, 100
26, 101
27, 100
28, 136
29, 101
30, 102
31, 100
32, 100
33, 100
34, 100
35, 181
36, 98
37, 139
38, 98
39, 103
40, 101
41, 99
42, 102
43, 102
44, 100
45, 101
46, 100
47, 101
48, 117
49, 112
50, 101
51, 108
52, 109
53, 153
54, 100
55, 101
56, 103
57, 238
58, 100
59, 102
60, 101
61, 102
62, 103
63, 101
64, 100
65, 101
66, 99
67, 97
68, 99
69, 102
70, 105
71, 102
72, 101
73, 101
74, 151
75, 98
76, 103
77, 104
78, 104
79, 102
80, 280
81, 102
82, 153
83, 98
84, 99
85, 101
86, 100
87, 115
88, 102
89, 161
90, 101
91, 288
92, 139
93, 97
94, 103
95, 161
96, 101
97, 122
98, 104
99, 108
100, 102
101, 105
102, 99
103, 101
104, 101
105, 101
106, 98
107, 103
108, 100
109, 100
110, 102
111, 102
112, 102
113, 107
114, 102
115, 100
116, 113
117, 103
118, 103
119, 100
120, 102
121, 106
122, 99
123, 101
124, 103
125, 101
126, 104
127, 101
128, 115
129, 99
130, 101
131, 100
132, 100
133, 101
134, 178
135, 103
136, 101
137, 107
138, 102
139, 100
140, 103
141, 269
142, 103
143, 102
144, 100
145, 106
146, 100
147, 103
148, 117
149, 105
150, 106
151, 102
152, 100
153, 114
154, 99
155, 103
156, 101
157, 106
158, 105
159, 105
160, 110
161, 101
162, 129
163, 121
164, 459
165, 112
166, 103
167, 102
168, 101
169, 102
170, 105
171, 191
172, 102
173, 100
174, 102
175, 102
176, 104
177, 99
178, 100
179, 146
180, 114
181, 102
182, 100
183, 103
184, 295
185, 108
186, 104
187, 103
188, 135
189, 119
190, 121
