1, 274
2, 61
3, 316
4, 61
5, 159
6, 105
7, 81
8, 120
9, 137
10, 109
11, 158
12, 142
13, 328
14, 60
15, 74
16, 59
17, 62
18, 196
19, 61
20, 182
21, 76
22, 59
23, 100
24, 61
25, 221
26, 100
27, 58
28, 78
29, 59
30, 60
31, 62
32, 59
33, 83
34, 161
35, 60
36, 65
37, 65
38, 157
39, 59
40, 82
41, 58
42, 62
43, 58
44, 381
45, 73
46, 65
47, 225
48, 109
49, 59
50, 113
51, 93
52, 63
53, 59
54, 59
55, 105
56, 60
57, 59
58, 197
59, 104
60, 60
61, 122
62, 58
63, 68
64, 89
65, 69
66, 73
67, 60
68, 110
69, 68
70, 72
71, 155
72, 59
73, 123
74, 58
75, 62
76, 93
77, 107
78, 63
79, 117
80, 107
81, 59
82, 109
83, 59
84, 63
85, 89
86, 84
87, 125
88, 128
89, 65
90, 100
91, 59
92, 131
93, 128
94, 117
95, 114
96, 91
97, 79
98, 236
99, 86
100, 124
101, 66
102, 64
103, 290
104, 59
105, 191
106, 72
107, 59
108, 75
109, 60
110, 59
111, 66
112, 90
113, 84
114, 60
115, 59
116, 99
117, 59
118, 90
119, 65
120, 111
121, 134
122, 89
123, 132
124, 59
125, 67
126, 69
127, 58
128, 73
129, 152
130, 132
131, 115
132, 61
133, 96
134, 92
135, 68
136, 278
137, 117
138, 70
139, 102
140, 199
141, 87
142, 82
143, 92
144, 138
145, 373
146, 171
147, 87
148, 75
149, 90
150, 172
151, 154
152, 59
153, 61
154, 59
155, 60
156, 132
157, 59
158, 83
159, 112
160, 61
161, 188
162, 60
163, 64
164, 173
165, 60
166, 93
167, 86
168, 137
169, 59
170, 89
171, 58
172, 182
173, 89
174, 68
175, 60
176, 139
177, 59
178, 78
179, 72
180, 60
181, 59
182, 186
183, 62
184, 91
185, 132
186, 60
187, 61
188, 121
189, 58
190, 71
