1, 221
2, 94
3, 118
4, 92
5, 101
6, 101
7, 93
8, 100
9, 114
10, 97
11, 100
12, 106
13, 292
14, 93
15, 94
16, 93
17, 93
18, 118
19, 94
20, 123
21, 92
22, 95
23, 95
24, 93
25, 199
26, 93
27, 92
28, 94
29, 92
30, 93
31, 92
32, 92
33, 93
34, 117
35, 91
36, 93
37, 94
38, 193
39, 92
40, 137
41, 92
42, 95
43, 94
44, 201
45, 92
46, 94
47, 93
48, 98
49, 95
50, 251
51, 92
52, 93
53, 93
54, 94
55, 120
56, 92
57, 93
58, 101
59, 92
60, 93
61, 94
62, 95
63, 96
64, 96
65, 92
66, 95
67, 94
68, 240
69, 94
70, 98
71, 206
72, 92
73, 91
74, 94
75, 92
76, 109
77, 96
78, 92
79, 98
80, 114
81, 93
82, 101
83, 94
84, 94
85, 93
86, 102
87, 92
88, 97
89, 93
90, 92
91, 94
92, 97
93, 98
94, 120
95, 99
96, 95
97, 95
98, 92
99, 103
100, 105
101, 94
102, 92
103, 344
104, 93
105, 146
106, 95
107, 90
108, 92
109, 93
110, 92
111, 96
112, 94
113, 96
114, 92
115, 93
116, 100
117, 91
118, 110
119, 93
120, 89
121, 95
122, 97
123, 100
124, 93
125, 94
126, 93
127, 93
128, 94
129, 218
130, 93
131, 96
132, 96
133, 93
134, 122
135, 94
136, 219
137, 127
138, 93
139, 99
140, 97
141, 97
142, 132
143, 93
144, 115
145, 111
146, 104
147, 94
148, 93
149, 94
150, 106
151, 93
152, 95
153, 96
154, 93
155, 95
156, 94
157, 91
158, 94
159, 103
160, 94
161, 97
162, 93
163, 94
164, 152
165, 91
166, 95
167, 91
168, 160
169, 93
170, 92
171, 93
172, 98
173, 93
174, 90
175, 95
176, 92
177, 95
178, 94
179, 93
180, 93
181, 95
182, 95
183, 93
184, 100
185, 94
186, 94
187, 94
188, 93
189, 94
190, 95
