1, 191
2, 107
3, 65
4, 67
5, 293
6, 64
7, 65
8, 65
9, 66
10, 140
11, 67
12, 81
13, 66
14, 89
15, 131
16, 347
17, 67
18, 66
19, 65
20, 198
21, 67
22, 66
23, 140
24, 543
25, 76
26, 65
27, 63
28, 177
29, 68
30, 80
31, 68
32, 91
33, 64
34, 65
35, 335
36, 67
37, 90
38, 79
39, 65
40, 92
41, 74
42, 76
43, 65
44, 65
45, 65
46, 63
47, 70
48, 133
49, 195
50, 66
51, 134
52, 92
53, 82
54, 65
55, 68
56, 73
57, 240
58, 65
59, 66
60, 67
61, 81
62, 64
63, 87
64, 64
65, 65
66, 66
67, 63
68, 66
69, 66
70, 118
71, 87
72, 65
73, 95
74, 115
75, 138
76, 99
77, 90
78, 129
79, 67
80, 95
81, 67
82, 158
83, 64
84, 64
85, 234
86, 65
87, 173
88, 65
89, 197
90, 134
91, 400
92, 135
93, 64
94, 69
95, 223
96, 63
97, 107
98, 70
99, 123
100, 63
101, 81
102, 66
103, 74
104, 64
105, 64
106, 98
107, 63
108, 72
109, 68
110, 65
111, 72
112, 64
113, 80
114, 81
115, 65
116, 104
117, 65
118, 64
119, 65
120, 66
121, 133
122, 71
123, 80
124, 68
125, 65
126, 80
127, 64
128, 69
129, 66
130, 78
131, 64
132, 62
133, 64
134, 239
135, 140
136, 319
137, 120
138, 110
139, 68
140, 64
141, 194
142, 69
143, 64
144, 94
145, 141
146, 66
147, 78
148, 79
149, 73
150, 79
151, 65
152, 90
153, 86
154, 67
155, 69
156, 66
157, 168
158, 225
159, 110
160, 122
161, 64
162, 129
163, 116
164, 633
165, 93
166, 64
167, 65
168, 89
169, 84
170, 73
171, 84
172, 66
173, 64
174, 67
175, 86
176, 181
177, 75
178, 66
179, 147
180, 86
181, 66
182, 83
183, 72
184, 298
185, 225
186, 112
187, 95
188, 161
189, 298
190, 158
