1, 159
2, 66
3, 187
4, 70
5, 102
6, 115
7, 70
8, 134
9, 103
10, 117
11, 147
12, 111
13, 200
14, 66
15, 92
16, 66
17, 67
18, 174
19, 67
20, 338
21, 71
22, 65
23, 89
24, 68
25, 237
26, 104
27, 67
28, 72
29, 73
30, 67
31, 65
32, 67
33, 76
34, 173
35, 66
36, 68
37, 68
38, 104
39, 67
40, 195
41, 68
42, 67
43, 67
44, 224
45, 69
46, 69
47, 97
48, 79
49, 69
50, 176
51, 104
52, 69
53, 67
54, 65
55, 196
56, 67
57, 68
58, 180
59, 95
60, 67
61, 99
62, 73
63, 77
64, 132
65, 81
66, 69
67, 69
68, 133
69, 69
70, 79
71, 147
72, 66
73, 74
74, 66
75, 69
76, 174
77, 111
78, 66
79, 86
80, 104
81, 68
82, 170
83, 67
84, 67
85, 90
86, 145
87, 231
88, 107
89, 68
90, 81
91, 66
92, 140
93, 84
94, 79
95, 108
96, 91
97, 81
98, 69
99, 81
100, 118
101, 68
102, 70
103, 139
104, 64
105, 170
106, 68
107, 66
108, 81
109, 66
110, 67
111, 94
112, 89
113, 74
114, 68
115, 65
116, 90
117, 66
118, 96
119, 67
120, 145
121, 78
122, 84
123, 71
124, 67
125, 96
126, 72
127, 68
128, 70
129, 390
130, 131
131, 93
132, 72
133, 80
134, 91
135, 68
136, 259
137, 120
138, 67
139, 112
140, 103
141, 73
142, 134
143, 87
144, 253
145, 352
146, 129
147, 71
148, 75
149, 115
150, 150
151, 145
152, 72
153, 67
154, 67
155, 67
156, 107
157, 66
158, 84
159, 79
160, 65
161, 111
162, 64
163, 69
164, 168
165, 66
166, 80
167, 85
168, 115
169, 67
170, 95
171, 66
172, 123
173, 71
174, 71
175, 65
176, 103
177, 67
178, 79
179, 73
180, 66
181, 66
182, 76
183, 67
184, 99
185, 97
186, 68
187, 69
188, 120
189, 65
190, 75
