1, 150
2, 118
3, 115
4, 114
5, 115
6, 115
7, 115
8, 115
9, 115
10, 117
11, 115
12, 116
13, 116
14, 114
15, 128
16, 280
17, 114
18, 117
19, 116
20, 125
21, 114
22, 112
23, 123
24, 209
25, 113
26, 116
27, 122
28, 188
29, 112
30, 117
31, 117
32, 116
33, 115
34, 116
35, 115
36, 116
37, 114
38, 115
39, 112
40, 114
41, 112
42, 115
43, 113
44, 114
45, 118
46, 116
47, 114
48, 116
49, 115
50, 116
51, 141
52, 121
53, 112
54, 115
55, 125
56, 115
57, 274
58, 112
59, 119
60, 115
61, 119
62, 113
63, 116
64, 114
65, 114
66, 117
67, 118
68, 114
69, 115
70, 115
71, 192
72, 116
73, 115
74, 115
75, 141
76, 113
77, 115
78, 113
79, 116
80, 263
81, 117
82, 161
83, 112
84, 112
85, 141
86, 114
87, 117
88, 115
89, 136
90, 124
91, 220
92, 152
93, 116
94, 118
95, 132
96, 115
97, 120
98, 113
99, 113
100, 117
101, 113
102, 115
103, 113
104, 115
105, 120
106, 115
107, 117
108, 117
109, 113
110, 117
111, 116
112, 115
113, 112
114, 113
115, 115
116, 130
117, 114
118, 115
119, 114
120, 115
121, 230
122, 115
123, 115
124, 113
125, 117
126, 114
127, 113
128, 114
129, 114
130, 114
131, 116
132, 116
133, 118
134, 163
135, 116
136, 188
137, 115
138, 126
139, 114
140, 118
141, 186
142, 115
143, 116
144, 114
145, 124
146, 115
147, 116
148, 113
149, 113
150, 113
151, 115
152, 116
153, 116
154, 115
155, 115
156, 112
157, 120
158, 120
159, 117
160, 118
161, 114
162, 115
163, 138
164, 458
165, 118
166, 114
167, 113
168, 119
169, 117
170, 114
171, 113
172, 114
173, 116
174, 115
175, 123
176, 117
177, 112
178, 117
179, 141
180, 124
181, 115
182, 116
183, 114
184, 143
185, 115
186, 148
187, 122
188, 119
189, 114
190, 114
