1, 120
2, 77
3, 78
4, 78
5, 148
6, 79
7, 77
8, 78
9, 79
10, 117
11, 80
12, 79
13, 78
14, 79
15, 133
16, 437
17, 78
18, 84
19, 77
20, 353
21, 79
22, 78
23, 276
24, 178
25, 79
26, 79
27, 80
28, 159
29, 77
30, 78
31, 78
32, 91
33, 76
34, 79
35, 305
36, 81
37, 93
38, 81
39, 77
40, 112
41, 78
42, 78
43, 78
44, 79
45, 80
46, 78
47, 82
48, 130
49, 100
50, 78
51, 117
52, 94
53, 87
54, 75
55, 262
56, 82
57, 130
58, 78
59, 77
60, 79
61, 87
62, 78
63, 81
64, 78
65, 78
66, 77
67, 76
68, 77
69, 78
70, 104
71, 85
72, 81
73, 85
74, 89
75, 106
76, 87
77, 98
78, 89
79, 80
80, 386
81, 78
82, 149
83, 77
84, 78
85, 213
86, 81
87, 143
88, 80
89, 118
90, 104
91, 181
92, 142
93, 77
94, 79
95, 214
96, 77
97, 103
98, 79
99, 116
100, 79
101, 96
102, 79
103, 77
104, 79
105, 82
106, 83
107, 77
108, 97
109, 78
110, 76
111, 80
112, 76
113, 98
114, 80
115, 79
116, 84
117, 77
118, 78
119, 78
120, 78
121, 100
122, 79
123, 97
124, 78
125, 76
126, 87
127, 77
128, 77
129, 78
130, 78
131, 77
132, 79
133, 79
134, 209
135, 99
136, 80
137, 96
138, 79
139, 84
140, 77
141, 175
142, 80
143, 76
144, 79
145, 92
146, 77
147, 88
148, 90
149, 80
150, 83
151, 77
152, 91
153, 86
154, 81
155, 77
156, 78
157, 114
158, 228
159, 92
160, 99
161, 78
162, 114
163, 101
164, 277
165, 110
166, 78
167, 78
168, 266
169, 85
170, 87
171, 79
172, 84
173, 77
174, 78
175, 83
176, 180
177, 78
178, 78
179, 84
180, 231
181, 76
182, 85
183, 81
184, 153
185, 190
186, 100
187, 81
188, 189
189, 105
190, 128
