1, 171
2, 70
3, 142
4, 72
5, 135
6, 91
7, 88
8, 163
9, 134
10, 101
11, 152
12, 135
13, 222
14, 70
15, 79
16, 71
17, 72
18, 161
19, 73
20, 332
21, 85
22, 69
23, 82
24, 71
25, 156
26, 101
27, 70
28, 77
29, 70
30, 71
31, 71
32, 71
33, 78
34, 84
35, 71
36, 72
37, 71
38, 127
39, 71
40, 323
41, 73
42, 71
43, 70
44, 121
45, 96
46, 70
47, 116
48, 84
49, 71
50, 108
51, 71
52, 72
53, 71
54, 71
55, 92
56, 72
57, 72
58, 103
59, 107
60, 74
61, 102
62, 71
63, 115
64, 80
65, 70
66, 72
67, 71
68, 284
69, 72
70, 124
71, 124
72, 71
73, 73
74, 71
75, 71
76, 118
77, 122
78, 72
79, 99
80, 90
81, 70
82, 104
83, 71
84, 71
85, 85
86, 78
87, 99
88, 91
89, 72
90, 78
91, 70
92, 110
93, 120
94, 79
95, 97
96, 82
97, 81
98, 131
99, 73
100, 102
101, 72
102, 71
103, 246
104, 69
105, 182
106, 81
107, 72
108, 73
109, 70
110, 71
111, 91
112, 83
113, 72
114, 69
115, 71
116, 106
117, 71
118, 93
119, 77
120, 90
121, 92
122, 88
123, 76
124, 71
125, 77
126, 74
127, 72
128, 72
129, 102
130, 100
131, 103
132, 72
133, 83
134, 107
135, 94
136, 262
137, 111
138, 71
139, 118
140, 167
141, 78
142, 108
143, 81
144, 144
145, 303
146, 121
147, 77
148, 74
149, 85
150, 183
151, 131
152, 71
153, 69
154, 71
155, 69
156, 80
157, 71
158, 79
159, 79
160, 72
161, 154
162, 70
163, 73
164, 159
165, 69
166, 81
167, 82
168, 165
169, 70
170, 118
171, 70
172, 160
173, 76
174, 71
175, 70
176, 88
177, 70
178, 79
179, 70
180, 71
181, 71
182, 73
183, 70
184, 89
185, 115
186, 71
187, 72
188, 93
189, 70
190, 75
