1, 173
2, 97
3, 53
4, 61
5, 123
6, 53
7, 71
8, 61
9, 54
10, 275
11, 54
12, 102
13, 53
14, 133
15, 156
16, 664
17, 68
18, 57
19, 53
20, 163
21, 78
22, 55
23, 174
24, 213
25, 88
26, 54
27, 55
28, 177
29, 74
30, 84
31, 64
32, 91
33, 56
34, 67
35, 297
36, 75
37, 169
38, 100
39, 52
40, 132
41, 74
42, 70
43, 70
44, 54
45, 74
46, 53
47, 80
48, 175
49, 246
50, 60
51, 148
52, 94
53, 92
54, 53
55, 386
56, 92
57, 368
58, 54
59, 54
60, 63
61, 122
62, 63
63, 80
64, 53
65, 54
66, 63
67, 53
68, 67
69, 56
70, 165
71, 95
72, 55
73, 100
74, 146
75, 64
76, 112
77, 156
78, 143
79, 57
80, 343
81, 87
82, 162
83, 53
84, 55
85, 89
86, 60
87, 190
88, 68
89, 191
90, 107
91, 536
92, 147
93, 52
94, 71
95, 236
96, 53
97, 101
98, 71
99, 159
100, 64
101, 105
102, 55
103, 80
104, 55
105, 79
106, 97
107, 54
108, 74
109, 59
110, 55
111, 71
112, 53
113, 99
114, 99
115, 54
116, 121
117, 52
118, 54
119, 56
120, 53
121, 130
122, 77
123, 77
124, 55
125, 56
126, 98
127, 53
128, 67
129, 63
130, 85
131, 53
132, 54
133, 55
134, 297
135, 131
136, 82
137, 168
138, 139
139, 56
140, 57
141, 172
142, 74
143, 54
144, 144
145, 119
146, 63
147, 87
148, 94
149, 68
150, 76
151, 58
152, 103
153, 106
154, 63
155, 68
156, 54
157, 233
158, 289
159, 140
160, 181
161, 63
162, 116
163, 115
164, 799
165, 103
166, 53
167, 56
168, 91
169, 117
170, 84
171, 78
172, 57
173, 53
174, 102
175, 94
176, 215
177, 88
178, 56
179, 227
180, 292
181, 73
182, 90
183, 80
184, 135
185, 193
186, 182
187, 102
188, 282
189, 116
190, 176
