1, 143
2, 95
3, 88
4, 86
5, 141
6, 85
7, 87
8, 86
9, 86
10, 128
11, 86
12, 88
13, 88
14, 91
15, 139
16, 393
17, 87
18, 87
19, 89
20, 125
21, 86
22, 85
23, 123
24, 242
25, 91
26, 87
27, 88
28, 148
29, 87
30, 87
31, 86
32, 103
33, 87
34, 87
35, 210
36, 85
37, 93
38, 84
39, 86
40, 87
41, 87
42, 86
43, 87
44, 85
45, 87
46, 85
47, 91
48, 124
49, 130
50, 87
51, 109
52, 105
53, 89
54, 85
55, 87
56, 86
57, 391
58, 86
59, 88
60, 86
61, 89
62, 84
63, 97
64, 85
65, 88
66, 88
67, 85
68, 87
69, 89
70, 100
71, 233
72, 87
73, 87
74, 142
75, 90
76, 86
77, 94
78, 88
79, 87
80, 317
81, 86
82, 144
83, 86
84, 84
85, 89
86, 86
87, 132
88, 88
89, 133
90, 87
91, 369
92, 150
93, 88
94, 93
95, 201
96, 89
97, 107
98, 87
99, 104
100, 87
101, 122
102, 85
103, 85
104, 86
105, 96
106, 87
107, 85
108, 88
109, 86
110, 85
111, 89
112, 85
113, 98
114, 89
115, 89
116, 91
117, 85
118, 84
119, 87
120, 86
121, 199
122, 88
123, 90
124, 86
125, 84
126, 91
127, 87
128, 88
129, 88
130, 89
131, 88
132, 88
133, 89
134, 191
135, 111
136, 167
137, 113
138, 92
139, 86
140, 86
141, 91
142, 88
143, 85
144, 87
145, 84
146, 87
147, 87
148, 88
149, 86
150, 93
151, 86
152, 89
153, 97
154, 90
155, 86
156, 87
157, 88
158, 116
159, 88
160, 97
161, 87
162, 106
163, 115
164, 539
165, 108
166, 87
167, 84
168, 277
169, 87
170, 87
171, 86
172, 87
173, 87
174, 83
175, 87
176, 119
177, 88
178, 86
179, 123
180, 88
181, 94
182, 86
183, 91
184, 155
185, 128
186, 90
187, 95
188, 133
189, 115
190, 140
