1, 242
2, 60
3, 194
4, 60
5, 137
6, 98
7, 65
8, 143
9, 140
10, 142
11, 168
12, 185
13, 278
14, 59
15, 90
16, 57
17, 60
18, 202
19, 64
20, 170
21, 77
22, 60
23, 85
24, 62
25, 324
26, 71
27, 58
28, 81
29, 58
30, 57
31, 58
32, 57
33, 78
34, 74
35, 57
36, 59
37, 78
38, 122
39, 60
40, 316
41, 63
42, 62
43, 58
44, 240
45, 63
46, 64
47, 102
48, 120
49, 57
50, 235
51, 61
52, 59
53, 60
54, 57
55, 123
56, 58
57, 68
58, 727
59, 103
60, 65
61, 107
62, 64
63, 60
64, 138
65, 69
66, 66
67, 57
68, 129
69, 63
70, 88
71, 204
72, 64
73, 62
74, 58
75, 67
76, 112
77, 231
78, 58
79, 115
80, 108
81, 57
82, 107
83, 58
84, 67
85, 86
86, 90
87, 234
88, 116
89, 72
90, 99
91, 58
92, 142
93, 142
94, 81
95, 106
96, 86
97, 107
98, 225
99, 115
100, 115
101, 69
102, 74
103, 456
104, 57
105, 168
106, 71
107, 63
108, 70
109, 58
110, 60
111, 71
112, 82
113, 84
114, 56
115, 57
116, 92
117, 57
118, 92
119, 65
120, 97
121, 91
122, 89
123, 81
124, 60
125, 72
126, 74
127, 58
128, 85
129, 105
130, 130
131, 146
132, 70
133, 115
134, 108
135, 96
136, 258
137, 167
138, 61
139, 149
140, 131
141, 76
142, 75
143, 92
144, 167
145, 393
146, 189
147, 85
148, 71
149, 88
150, 201
151, 130
152, 61
153, 62
154, 58
155, 57
156, 83
157, 58
158, 82
159, 119
160, 59
161, 203
162, 57
163, 60
164, 176
165, 59
166, 114
167, 90
168, 135
169, 56
170, 75
171, 57
172, 198
173, 79
174, 61
175, 60
176, 101
177, 59
178, 161
179, 73
180, 56
181, 57
182, 214
183, 59
184, 89
185, 138
186, 56
187, 62
188, 103
189, 56
190, 74
