1, 148
2, 136
3, 138
4, 141
5, 202
6, 141
7, 138
8, 140
9, 137
10, 142
11, 137
12, 141
13, 139
14, 144
15, 141
16, 138
17, 139
18, 137
19, 137
20, 137
21, 137
22, 138
23, 264
24, 253
25, 137
26, 141
27, 139
28, 137
29, 139
30, 138
31, 138
32, 140
33, 136
34, 137
35, 142
36, 139
37, 163
38, 137
39, 136
40, 140
41, 141
42, 136
43, 139
44, 136
45, 139
46, 139
47, 141
48, 143
49, 173
50, 139
51, 160
52, 142
53, 140
54, 139
55, 140
56, 136
57, 150
58, 139
59, 138
60, 139
61, 142
62, 143
63, 139
64, 140
65, 137
66, 137
67, 138
68, 137
69, 136
70, 147
71, 159
72, 138
73, 140
74, 140
75, 140
76, 138
77, 137
78, 142
79, 138
80, 139
81, 142
82, 176
83, 137
84, 140
85, 147
86, 139
87, 143
88, 138
89, 140
90, 143
91, 264
92, 163
93, 140
94, 137
95, 174
96, 137
97, 138
98, 136
99, 138
100, 135
101, 136
102, 137
103, 137
104, 139
105, 137
106, 140
107, 138
108, 139
109, 134
110, 140
111, 141
112, 138
113, 140
114, 138
115, 137
116, 144
117, 138
118, 138
119, 139
120, 142
121, 137
122, 137
123, 142
124, 137
125, 138
126, 142
127, 137
128, 141
129, 137
130, 143
131, 138
132, 138
133, 138
134, 179
135, 140
136, 161
137, 139
138, 139
139, 137
140, 138
141, 144
142, 141
143, 137
144, 143
145, 140
146, 140
147, 139
148, 143
149, 137
150, 138
151, 138
152, 136
153, 135
154, 137
155, 139
156, 136
157, 139
158, 144
159, 136
160, 137
161, 138
162, 138
163, 161
164, 370
165, 138
166, 142
167, 137
168, 138
169, 135
170, 138
171, 138
172, 138
173, 138
174, 139
175, 136
176, 140
177, 139
178, 143
179, 140
180, 137
181, 136
182, 135
183, 142
184, 141
185, 139
186, 157
187, 146
188, 139
189, 140
190, 137
