1, 185
2, 119
3, 222
4, 119
5, 122
6, 123
7, 121
8, 124
9, 120
10, 119
11, 120
12, 128
13, 161
14, 121
15, 122
16, 122
17, 118
18, 138
19, 122
20, 183
21, 120
22, 121
23, 122
24, 119
25, 162
26, 122
27, 119
28, 120
29, 119
30, 119
31, 122
32, 118
33, 120
34, 122
35, 120
36, 120
37, 119
38, 150
39, 119
40, 159
41, 119
42, 117
43, 123
44, 119
45, 127
46, 119
47, 126
48, 121
49, 120
50, 197
51, 121
52, 120
53, 120
54, 121
55, 120
56, 118
57, 121
58, 123
59, 121
60, 120
61, 122
62, 122
63, 118
64, 118
65, 122
66, 121
67, 120
68, 159
69, 119
70, 142
71, 176
72, 120
73, 121
74, 118
75, 120
76, 122
77, 125
78, 120
79, 122
80, 126
81, 122
82, 122
83, 117
84, 118
85, 119
86, 125
87, 138
88, 120
89, 121
90, 119
91, 120
92, 119
93, 124
94, 121
95, 118
96, 123
97, 123
98, 123
99, 136
100, 135
101, 119
102, 122
103, 173
104, 119
105, 157
106, 119
107, 120
108, 121
109, 119
110, 120
111, 122
112, 120
113, 121
114, 118
115, 121
116, 126
117, 119
118, 123
119, 116
120, 125
121, 123
122, 119
123, 120
124, 123
125, 120
126, 121
127, 120
128, 123
129, 129
130, 120
131, 122
132, 122
133, 122
134, 121
135, 119
136, 206
137, 128
138, 119
139, 119
140, 121
141, 130
142, 121
143, 121
144, 121
145, 119
146, 122
147, 120
148, 123
149, 121
150, 120
151, 120
152, 119
153, 120
154, 120
155, 122
156, 127
157, 120
158, 121
159, 118
160, 119
161, 130
162, 118
163, 121
164, 149
165, 119
166, 123
167, 123
168, 221
169, 119
170, 140
171, 122
172, 119
173, 118
174, 122
175, 120
176, 121
177, 120
178, 120
179, 121
180, 118
181, 119
182, 120
183, 125
184, 120
185, 119
186, 119
187, 123
188, 119
189, 117
190, 120
