1, 99
2, 119
3, 58
4, 60
5, 192
6, 57
7, 65
8, 66
9, 57
10, 160
11, 61
12, 93
13, 56
14, 112
15, 179
16, 593
17, 64
18, 61
19, 57
20, 234
21, 68
22, 58
23, 161
24, 215
25, 82
26, 57
27, 59
28, 181
29, 74
30, 70
31, 62
32, 97
33, 60
34, 61
35, 278
36, 67
37, 98
38, 71
39, 57
40, 112
41, 73
42, 65
43, 63
44, 57
45, 84
46, 58
47, 67
48, 132
49, 155
50, 65
51, 141
52, 79
53, 76
54, 58
55, 110
56, 87
57, 344
58, 57
59, 58
60, 69
61, 95
62, 60
63, 99
64, 58
65, 57
66, 60
67, 60
68, 61
69, 60
70, 149
71, 390
72, 56
73, 98
74, 110
75, 77
76, 116
77, 122
78, 104
79, 57
80, 484
81, 83
82, 170
83, 56
84, 57
85, 80
86, 59
87, 194
88, 65
89, 260
90, 129
91, 443
92, 152
93, 55
94, 61
95, 262
96, 57
97, 110
98, 71
99, 159
100, 58
101, 93
102, 56
103, 74
104, 59
105, 67
106, 80
107, 58
108, 87
109, 60
110, 57
111, 72
112, 58
113, 84
114, 93
115, 57
116, 160
117, 57
118, 57
119, 59
120, 57
121, 126
122, 74
123, 103
124, 60
125, 59
126, 85
127, 58
128, 134
129, 69
130, 82
131, 57
132, 58
133, 59
134, 175
135, 119
136, 165
137, 164
138, 187
139, 89
140, 62
141, 214
142, 69
143, 59
144, 97
145, 108
146, 65
147, 78
148, 98
149, 75
150, 77
151, 59
152, 96
153, 99
154, 72
155, 73
156, 59
157, 217
158, 118
159, 128
160, 132
161, 63
162, 105
163, 140
164, 266
165, 110
166, 57
167, 58
168, 81
169, 101
170, 76
171, 80
172, 66
173, 57
174, 76
175, 91
176, 259
177, 76
178, 59
179, 80
180, 214
181, 72
182, 85
183, 81
184, 259
185, 243
186, 113
187, 130
188, 236
189, 109
190, 179
