1, 147
2, 155
3, 145
4, 146
5, 144
6, 147
7, 145
8, 145
9, 150
10, 145
11, 148
12, 147
13, 146
14, 144
15, 147
16, 148
17, 147
18, 146
19, 145
20, 192
21, 145
22, 149
23, 258
24, 227
25, 146
26, 149
27, 144
28, 162
29, 146
30, 146
31, 148
32, 144
33, 146
34, 144
35, 149
36, 144
37, 145
38, 143
39, 146
40, 143
41, 144
42, 146
43, 142
44, 145
45, 146
46, 147
47, 144
48, 146
49, 146
50, 147
51, 153
52, 151
53, 144
54, 147
55, 166
56, 143
57, 159
58, 147
59, 148
60, 144
61, 146
62, 145
63, 147
64, 147
65, 145
66, 143
67, 145
68, 144
69, 147
70, 148
71, 148
72, 147
73, 146
74, 147
75, 146
76, 146
77, 146
78, 151
79, 148
80, 149
81, 143
82, 189
83, 148
84, 147
85, 145
86, 143
87, 145
88, 146
89, 146
90, 146
91, 174
92, 159
93, 147
94, 147
95, 163
96, 142
97, 148
98, 144
99, 145
100, 147
101, 146
102, 145
103, 146
104, 143
105, 149
106, 146
107, 145
108, 148
109, 142
110, 146
111, 148
112, 147
113, 143
114, 151
115, 146
116, 146
117, 147
118, 146
119, 143
120, 146
121, 236
122, 143
123, 146
124, 141
125, 149
126, 148
127, 145
128, 145
129, 146
130, 148
131, 146
132, 148
133, 146
134, 189
135, 148
136, 149
137, 144
138, 187
139, 149
140, 147
141, 172
142, 147
143, 147
144, 148
145, 147
146, 142
147, 146
148, 146
149, 145
150, 146
151, 146
152, 149
153, 146
154, 145
155, 145
156, 144
157, 147
158, 146
159, 148
160, 146
161, 146
162, 144
163, 155
164, 410
165, 148
166, 147
167, 144
168, 144
169, 147
170, 143
171, 147
172, 142
173, 145
174, 142
175, 150
176, 147
177, 145
178, 145
179, 147
180, 146
181, 148
182, 149
183, 147
184, 163
185, 149
186, 146
187, 147
188, 146
189, 148
190, 147
