1, 91
2, 119
3, 53
4, 83
5, 318
6, 50
7, 68
8, 66
9, 61
10, 219
11, 57
12, 112
13, 53
14, 136
15, 178
16, 693
17, 77
18, 65
19, 50
20, 129
21, 79
22, 51
23, 111
24, 203
25, 91
26, 51
27, 115
28, 187
29, 68
30, 85
31, 57
32, 111
33, 51
34, 63
35, 155
36, 77
37, 93
38, 121
39, 51
40, 98
41, 79
42, 68
43, 80
44, 51
45, 128
46, 49
47, 74
48, 207
49, 283
50, 78
51, 152
52, 88
53, 117
54, 49
55, 433
56, 86
57, 313
58, 55
59, 51
60, 73
61, 117
62, 62
63, 96
64, 50
65, 52
66, 61
67, 50
68, 67
69, 54
70, 169
71, 87
72, 65
73, 112
74, 120
75, 70
76, 131
77, 164
78, 128
79, 60
80, 522
81, 90
82, 163
83, 50
84, 51
85, 299
86, 68
87, 221
88, 84
89, 199
90, 105
91, 325
92, 140
93, 52
94, 67
95, 326
96, 50
97, 129
98, 73
99, 184
100, 57
101, 82
102, 50
103, 75
104, 56
105, 84
106, 84
107, 54
108, 128
109, 68
110, 56
111, 69
112, 58
113, 76
114, 111
115, 52
116, 150
117, 53
118, 50
119, 64
120, 51
121, 162
122, 87
123, 95
124, 66
125, 52
126, 100
127, 50
128, 92
129, 63
130, 112
131, 50
132, 50
133, 52
134, 242
135, 117
136, 258
137, 291
138, 130
139, 77
140, 53
141, 290
142, 88
143, 58
144, 104
145, 115
146, 61
147, 88
148, 104
149, 87
150, 75
151, 53
152, 116
153, 91
154, 58
155, 75
156, 51
157, 195
158, 432
159, 135
160, 196
161, 66
162, 179
163, 118
164, 829
165, 118
166, 50
167, 55
168, 387
169, 130
170, 70
171, 76
172, 68
173, 49
174, 91
175, 119
176, 245
177, 96
178, 63
179, 199
180, 92
181, 91
182, 98
183, 78
184, 278
185, 215
186, 131
187, 88
188, 331
189, 155
190, 239
