1, 145
2, 103
3, 135
4, 106
5, 115
6, 106
7, 105
8, 107
9, 142
10, 105
11, 107
12, 107
13, 169
14, 106
15, 106
16, 107
17, 106
18, 180
19, 105
20, 217
21, 109
22, 104
23, 104
24, 102
25, 188
26, 105
27, 108
28, 105
29, 103
30, 107
31, 105
32, 106
33, 106
34, 111
35, 105
36, 104
37, 109
38, 128
39, 107
40, 136
41, 106
42, 105
43, 105
44, 159
45, 103
46, 106
47, 137
48, 106
49, 106
50, 473
51, 105
52, 106
53, 107
54, 105
55, 107
56, 105
57, 105
58, 106
59, 114
60, 108
61, 110
62, 106
63, 108
64, 107
65, 106
66, 105
67, 102
68, 125
69, 103
70, 135
71, 255
72, 108
73, 106
74, 105
75, 106
76, 108
77, 106
78, 107
79, 107
80, 146
81, 105
82, 111
83, 105
84, 108
85, 107
86, 114
87, 105
88, 106
89, 104
90, 106
91, 105
92, 105
93, 543
94, 125
95, 107
96, 110
97, 105
98, 132
99, 113
100, 107
101, 105
102, 105
103, 283
104, 105
105, 155
106, 105
107, 110
108, 106
109, 105
110, 106
111, 107
112, 107
113, 107
114, 106
115, 107
116, 119
117, 104
118, 109
119, 103
120, 121
121, 113
122, 106
123, 106
124, 106
125, 108
126, 105
127, 106
128, 104
129, 113
130, 105
131, 104
132, 103
133, 106
134, 106
135, 113
136, 246
137, 116
138, 107
139, 109
140, 127
141, 102
142, 134
143, 107
144, 114
145, 105
146, 122
147, 105
148, 106
149, 105
150, 110
151, 106
152, 106
153, 103
154, 105
155, 104
156, 120
157, 105
158, 103
159, 118
160, 106
161, 110
162, 106
163, 105
164, 139
165, 104
166, 104
167, 106
168, 134
169, 106
170, 106
171, 104
172, 106
173, 104
174, 105
175, 106
176, 115
177, 108
178, 108
179, 106
180, 105
181, 104
182, 106
183, 106
184, 107
185, 106
186, 107
187, 106
188, 114
189, 105
190, 109
