1, 147
2, 134
3, 131
4, 134
5, 130
6, 132
7, 133
8, 130
9, 135
10, 131
11, 132
12, 132
13, 141
14, 134
15, 131
16, 134
17, 133
18, 135
19, 131
20, 167
21, 131
22, 130
23, 136
24, 130
25, 160
26, 132
27, 135
28, 132
29, 129
30, 135
31, 133
32, 129
33, 136
34, 132
35, 132
36, 136
37, 135
38, 130
39, 132
40, 172
41, 134
42, 131
43, 130
44, 130
45, 135
46, 128
47, 130
48, 134
49, 132
50, 132
51, 133
52, 134
53, 130
54, 131
55, 143
56, 133
57, 132
58, 255
59, 132
60, 135
61, 132
62, 133
63, 132
64, 134
65, 128
66, 130
67, 132
68, 141
69, 132
70, 134
71, 176
72, 134
73, 132
74, 133
75, 132
76, 130
77, 161
78, 132
79, 134
80, 136
81, 132
82, 131
83, 128
84, 133
85, 130
86, 135
87, 171
88, 133
89, 134
90, 130
91, 132
92, 131
93, 133
94, 132
95, 132
96, 132
97, 133
98, 137
99, 132
100, 141
101, 131
102, 133
103, 261
104, 134
105, 144
106, 134
107, 135
108, 132
109, 138
110, 130
111, 133
112, 132
113, 130
114, 133
115, 133
116, 132
117, 131
118, 130
119, 130
120, 133
121, 133
122, 133
123, 134
124, 133
125, 133
126, 131
127, 134
128, 126
129, 130
130, 199
131, 131
132, 132
133, 131
134, 132
135, 132
136, 253
137, 141
138, 135
139, 142
140, 132
141, 132
142, 133
143, 133
144, 131
145, 145
146, 136
147, 131
148, 130
149, 133
150, 131
151, 134
152, 131
153, 131
154, 128
155, 132
156, 149
157, 133
158, 132
159, 131
160, 133
161, 130
162, 130
163, 134
164, 176
165, 131
166, 131
167, 134
168, 241
169, 131
170, 140
171, 129
172, 133
173, 132
174, 134
175, 131
176, 134
177, 130
178, 133
179, 131
180, 133
181, 134
182, 130
183, 130
184, 131
185, 135
186, 130
187, 131
188, 133
189, 132
190, 133
