1, 89
2, 91
3, 77
4, 76
5, 164
6, 74
7, 75
8, 77
9, 76
10, 178
11, 79
12, 86
13, 74
14, 101
15, 140
16, 228
17, 78
18, 102
19, 76
20, 122
21, 78
22, 75
23, 126
24, 203
25, 77
26, 74
27, 76
28, 226
29, 75
30, 77
31, 76
32, 78
33, 77
34, 75
35, 253
36, 80
37, 108
38, 77
39, 76
40, 90
41, 89
42, 92
43, 76
44, 76
45, 75
46, 77
47, 78
48, 134
49, 125
50, 74
51, 121
52, 96
53, 75
54, 75
55, 116
56, 79
57, 227
58, 76
59, 77
60, 75
61, 100
62, 75
63, 84
64, 76
65, 76
66, 75
67, 76
68, 76
69, 74
70, 118
71, 96
72, 75
73, 80
74, 95
75, 80
76, 82
77, 105
78, 82
79, 76
80, 105
81, 78
82, 145
83, 76
84, 75
85, 77
86, 76
87, 143
88, 75
89, 150
90, 76
91, 361
92, 135
93, 76
94, 79
95, 210
96, 75
97, 101
98, 76
99, 128
100, 76
101, 75
102, 77
103, 79
104, 75
105, 191
106, 77
107, 73
108, 84
109, 75
110, 76
111, 79
112, 75
113, 90
114, 87
115, 77
116, 106
117, 73
118, 77
119, 76
120, 76
121, 87
122, 83
123, 87
124, 76
125, 73
126, 78
127, 75
128, 77
129, 76
130, 94
131, 75
132, 76
133, 76
134, 199
135, 125
136, 102
137, 96
138, 77
139, 87
140, 74
141, 100
142, 78
143, 74
144, 76
145, 89
146, 75
147, 79
148, 81
149, 79
150, 78
151, 76
152, 85
153, 87
154, 76
155, 77
156, 75
157, 133
158, 137
159, 97
160, 102
161, 75
162, 127
163, 126
164, 610
165, 109
166, 76
167, 75
168, 85
169, 78
170, 76
171, 79
172, 84
173, 76
174, 77
175, 83
176, 208
177, 77
178, 76
179, 122
180, 88
181, 77
182, 78
183, 77
184, 315
185, 150
186, 110
187, 92
188, 268
189, 106
190, 136
