1, 86
2, 79
3, 68
4, 70
5, 178
6, 68
7, 73
8, 70
9, 68
10, 216
11, 68
12, 102
13, 69
14, 96
15, 164
16, 473
17, 72
18, 69
19, 70
20, 170
21, 69
22, 67
23, 238
24, 206
25, 69
26, 70
27, 66
28, 128
29, 69
30, 75
31, 69
32, 92
33, 70
34, 69
35, 249
36, 80
37, 108
38, 71
39, 69
40, 74
41, 69
42, 68
43, 71
44, 68
45, 68
46, 71
47, 69
48, 130
49, 215
50, 73
51, 158
52, 90
53, 72
54, 68
55, 112
56, 77
57, 300
58, 69
59, 69
60, 69
61, 86
62, 67
63, 82
64, 70
65, 68
66, 70
67, 67
68, 69
69, 70
70, 115
71, 83
72, 71
73, 91
74, 94
75, 74
76, 91
77, 102
78, 105
79, 66
80, 111
81, 69
82, 140
83, 67
84, 68
85, 248
86, 70
87, 141
88, 72
89, 183
90, 70
91, 387
92, 143
93, 69
94, 69
95, 222
96, 70
97, 99
98, 74
99, 138
100, 66
101, 82
102, 68
103, 73
104, 68
105, 69
106, 74
107, 70
108, 95
109, 69
110, 70
111, 76
112, 69
113, 102
114, 94
115, 75
116, 116
117, 69
118, 66
119, 68
120, 68
121, 105
122, 70
123, 74
124, 70
125, 68
126, 80
127, 69
128, 120
129, 69
130, 82
131, 66
132, 67
133, 71
134, 219
135, 130
136, 116
137, 99
138, 99
139, 77
140, 69
141, 317
142, 69
143, 68
144, 98
145, 97
146, 70
147, 71
148, 107
149, 72
150, 85
151, 70
152, 86
153, 89
154, 70
155, 71
156, 69
157, 159
158, 199
159, 97
160, 89
161, 70
162, 127
163, 117
164, 600
165, 98
166, 67
167, 68
168, 268
169, 77
170, 80
171, 71
172, 68
173, 70
174, 91
175, 80
176, 159
177, 84
178, 67
179, 88
180, 91
181, 85
182, 79
183, 77
184, 287
185, 151
186, 109
187, 77
188, 187
189, 113
190, 133
