1, 95
2, 96
3, 82
4, 82
5, 167
6, 80
7, 81
8, 83
9, 78
10, 111
11, 83
12, 99
13, 83
14, 94
15, 146
16, 390
17, 90
18, 103
19, 82
20, 180
21, 81
22, 81
23, 126
24, 187
25, 84
26, 80
27, 79
28, 155
29, 84
30, 83
31, 79
32, 80
33, 80
34, 84
35, 302
36, 82
37, 94
38, 83
39, 83
40, 84
41, 84
42, 82
43, 81
44, 79
45, 81
46, 81
47, 81
48, 119
49, 153
50, 79
51, 172
52, 114
53, 89
54, 79
55, 92
56, 81
57, 283
58, 83
59, 78
60, 80
61, 83
62, 83
63, 90
64, 79
65, 81
66, 81
67, 81
68, 80
69, 80
70, 111
71, 256
72, 81
73, 84
74, 94
75, 81
76, 86
77, 101
78, 80
79, 82
80, 338
81, 81
82, 138
83, 79
84, 83
85, 191
86, 81
87, 137
88, 81
89, 84
90, 143
91, 193
92, 132
93, 81
94, 86
95, 195
96, 79
97, 113
98, 83
99, 120
100, 81
101, 85
102, 79
103, 83
104, 83
105, 83
106, 93
107, 82
108, 81
109, 84
110, 79
111, 81
112, 82
113, 89
114, 87
115, 82
116, 117
117, 79
118, 81
119, 80
120, 81
121, 100
122, 81
123, 85
124, 81
125, 81
126, 84
127, 82
128, 82
129, 81
130, 80
131, 80
132, 78
133, 83
134, 205
135, 108
136, 89
137, 93
138, 94
139, 83
140, 82
141, 80
142, 81
143, 80
144, 106
145, 79
146, 81
147, 84
148, 84
149, 81
150, 80
151, 81
152, 82
153, 87
154, 81
155, 92
156, 81
157, 140
158, 86
159, 94
160, 102
161, 80
162, 90
163, 101
164, 198
165, 105
166, 80
167, 82
168, 99
169, 80
170, 80
171, 83
172, 81
173, 81
174, 79
175, 86
176, 175
177, 84
178, 80
179, 139
180, 203
181, 80
182, 81
183, 82
184, 310
185, 128
186, 92
187, 95
188, 194
189, 223
190, 131
