1, 156
2, 92
3, 128
4, 91
5, 115
6, 93
7, 92
8, 94
9, 98
10, 92
11, 98
12, 116
13, 146
14, 92
15, 153
16, 91
17, 89
18, 177
19, 90
20, 105
21, 92
22, 91
23, 92
24, 90
25, 94
26, 91
27, 87
28, 90
29, 91
30, 90
31, 90
32, 90
33, 89
34, 141
35, 89
36, 91
37, 92
38, 157
39, 90
40, 142
41, 90
42, 88
43, 90
44, 114
45, 91
46, 90
47, 152
48, 89
49, 89
50, 252
51, 89
52, 92
53, 89
54, 91
55, 91
56, 91
57, 89
58, 106
59, 88
60, 90
61, 93
62, 90
63, 91
64, 102
65, 91
66, 91
67, 90
68, 93
69, 91
70, 92
71, 137
72, 89
73, 92
74, 92
75, 91
76, 142
77, 133
78, 91
79, 101
80, 112
81, 91
82, 100
83, 91
84, 91
85, 91
86, 123
87, 101
88, 92
89, 88
90, 91
91, 90
92, 90
93, 101
94, 93
95, 96
96, 98
97, 104
98, 116
99, 89
100, 110
101, 91
102, 89
103, 118
104, 90
105, 155
106, 92
107, 111
108, 89
109, 89
110, 89
111, 90
112, 92
113, 90
114, 92
115, 90
116, 101
117, 89
118, 104
119, 89
120, 90
121, 92
122, 90
123, 90
124, 90
125, 90
126, 90
127, 92
128, 90
129, 98
130, 105
131, 108
132, 91
133, 90
134, 90
135, 88
136, 233
137, 125
138, 90
139, 96
140, 100
141, 91
142, 113
143, 93
144, 92
145, 96
146, 117
147, 96
148, 90
149, 92
150, 119
151, 114
152, 91
153, 92
154, 88
155, 90
156, 106
157, 89
158, 92
159, 92
160, 95
161, 106
162, 91
163, 90
164, 163
165, 90
166, 93
167, 92
168, 136
169, 88
170, 127
171, 90
172, 111
173, 91
174, 91
175, 86
176, 113
177, 91
178, 90
179, 89
180, 90
181, 92
182, 149
183, 90
184, 103
185, 90
186, 89
187, 91
188, 102
189, 91
190, 92
