1, 221
2, 111
3, 60
4, 72
5, 151
6, 46
7, 89
8, 67
9, 72
10, 192
11, 64
12, 116
13, 56
14, 134
15, 172
16, 751
17, 76
18, 86
19, 47
20, 202
21, 86
22, 51
23, 144
24, 299
25, 110
26, 47
27, 111
28, 195
29, 75
30, 88
31, 60
32, 105
33, 45
34, 80
35, 240
36, 76
37, 126
38, 97
39, 49
40, 109
41, 84
42, 57
43, 91
44, 45
45, 93
46, 53
47, 82
48, 202
49, 199
50, 62
51, 241
52, 99
53, 127
54, 47
55, 134
56, 95
57, 334
58, 47
59, 51
60, 66
61, 149
62, 59
63, 102
64, 49
65, 49
66, 82
67, 48
68, 76
69, 52
70, 182
71, 91
72, 66
73, 113
74, 209
75, 171
76, 140
77, 150
78, 150
79, 59
80, 200
81, 89
82, 167
83, 47
84, 49
85, 107
86, 59
87, 251
88, 68
89, 329
90, 135
91, 578
92, 154
93, 54
94, 66
95, 332
96, 46
97, 131
98, 72
99, 188
100, 59
101, 95
102, 49
103, 74
104, 55
105, 84
106, 127
107, 55
108, 104
109, 62
110, 58
111, 74
112, 52
113, 117
114, 118
115, 57
116, 158
117, 54
118, 46
119, 64
120, 51
121, 169
122, 93
123, 113
124, 61
125, 55
126, 118
127, 48
128, 182
129, 67
130, 90
131, 52
132, 48
133, 56
134, 307
135, 168
136, 122
137, 193
138, 160
139, 88
140, 54
141, 252
142, 83
143, 60
144, 116
145, 136
146, 59
147, 97
148, 109
149, 72
150, 84
151, 77
152, 136
153, 99
154, 65
155, 90
156, 53
157, 261
158, 154
159, 167
160, 133
161, 71
162, 177
163, 160
164, 893
165, 122
166, 51
167, 61
168, 406
169, 156
170, 104
171, 87
172, 72
173, 47
174, 94
175, 113
176, 243
177, 90
178, 58
179, 126
180, 132
181, 88
182, 93
183, 82
184, 262
185, 239
186, 232
187, 105
188, 367
189, 150
190, 249
