1, 195
2, 120
3, 120
4, 119
5, 304
6, 121
7, 118
8, 119
9, 120
10, 120
11, 118
12, 118
13, 119
14, 124
15, 143
16, 120
17, 120
18, 118
19, 120
20, 121
21, 119
22, 120
23, 140
24, 198
25, 117
26, 119
27, 119
28, 138
29, 121
30, 121
31, 120
32, 118
33, 119
34, 119
35, 119
36, 120
37, 120
38, 117
39, 119
40, 119
41, 119
42, 120
43, 121
44, 123
45, 119
46, 121
47, 117
48, 123
49, 121
50, 122
51, 157
52, 125
53, 119
54, 121
55, 118
56, 117
57, 265
58, 118
59, 118
60, 118
61, 125
62, 123
63, 120
64, 119
65, 118
66, 117
67, 118
68, 121
69, 120
70, 121
71, 172
72, 122
73, 121
74, 123
75, 141
76, 120
77, 119
78, 120
79, 120
80, 123
81, 119
82, 132
83, 120
84, 117
85, 121
86, 120
87, 122
88, 120
89, 121
90, 118
91, 283
92, 155
93, 124
94, 121
95, 147
96, 120
97, 127
98, 117
99, 123
100, 119
101, 117
102, 120
103, 120
104, 118
105, 120
106, 116
107, 118
108, 121
109, 121
110, 119
111, 118
112, 122
113, 119
114, 117
115, 119
116, 131
117, 120
118, 119
119, 120
120, 122
121, 122
122, 122
123, 119
124, 120
125, 117
126, 120
127, 121
128, 120
129, 117
130, 120
131, 120
132, 116
133, 119
134, 177
135, 120
136, 188
137, 127
138, 117
139, 122
140, 118
141, 119
142, 121
143, 119
144, 118
145, 122
146, 119
147, 118
148, 120
149, 119
150, 118
151, 119
152, 120
153, 120
154, 117
155, 118
156, 120
157, 125
158, 124
159, 116
160, 120
161, 123
162, 143
163, 135
164, 407
165, 128
166, 119
167, 118
168, 119
169, 135
170, 122
171, 118
172, 116
173, 120
174, 119
175, 116
176, 122
177, 123
178, 120
179, 125
180, 122
181, 125
182, 120
183, 122
184, 159
185, 131
186, 120
187, 121
188, 122
189, 185
190, 120
