1, 303
2, 58
3, 212
4, 59
5, 166
6, 106
7, 91
8, 160
9, 113
10, 122
11, 170
12, 145
13, 341
14, 59
15, 86
16, 54
17, 63
18, 214
19, 71
20, 194
21, 85
22, 58
23, 94
24, 64
25, 211
26, 80
27, 54
28, 73
29, 56
30, 55
31, 56
32, 65
33, 84
34, 101
35, 56
36, 60
37, 63
38, 129
39, 57
40, 236
41, 54
42, 62
43, 56
44, 230
45, 161
46, 57
47, 151
48, 85
49, 79
50, 154
51, 62
52, 71
53, 55
54, 56
55, 112
56, 57
57, 62
58, 386
59, 135
60, 65
61, 122
62, 63
63, 69
64, 92
65, 72
66, 67
67, 55
68, 214
69, 61
70, 76
71, 230
72, 62
73, 70
74, 57
75, 65
76, 167
77, 109
78, 73
79, 119
80, 131
81, 56
82, 90
83, 54
84, 65
85, 100
86, 89
87, 117
88, 111
89, 83
90, 111
91, 56
92, 127
93, 99
94, 83
95, 114
96, 92
97, 91
98, 220
99, 87
100, 124
101, 63
102, 75
103, 267
104, 56
105, 181
106, 72
107, 57
108, 81
109, 56
110, 58
111, 80
112, 85
113, 86
114, 57
115, 57
116, 97
117, 57
118, 109
119, 59
120, 93
121, 95
122, 95
123, 85
124, 59
125, 154
126, 83
127, 58
128, 84
129, 121
130, 290
131, 151
132, 78
133, 95
134, 101
135, 66
136, 269
137, 107
138, 65
139, 103
140, 121
141, 86
142, 127
143, 109
144, 97
145, 149
146, 210
147, 76
148, 66
149, 97
150, 221
151, 191
152, 56
153, 63
154, 57
155, 55
156, 85
157, 56
158, 89
159, 103
160, 57
161, 162
162, 56
163, 59
164, 181
165, 57
166, 95
167, 91
168, 274
169, 55
170, 110
171, 56
172, 203
173, 78
174, 74
175, 57
176, 99
177, 56
178, 199
179, 80
180, 56
181, 56
182, 205
183, 66
184, 108
185, 130
186, 58
187, 63
188, 161
189, 55
190, 77
