1, 238
2, 82
3, 133
4, 83
5, 141
6, 94
7, 85
8, 98
9, 118
10, 94
11, 117
12, 92
13, 203
14, 83
15, 130
16, 84
17, 83
18, 152
19, 92
20, 169
21, 85
22, 84
23, 86
24, 83
25, 188
26, 96
27, 84
28, 85
29, 86
30, 83
31, 84
32, 84
33, 83
34, 82
35, 83
36, 85
37, 83
38, 108
39, 84
40, 145
41, 84
42, 85
43, 81
44, 119
45, 85
46, 85
47, 106
48, 85
49, 84
50, 438
51, 86
52, 84
53, 83
54, 86
55, 152
56, 83
57, 86
58, 192
59, 98
60, 85
61, 95
62, 83
63, 86
64, 90
65, 83
66, 84
67, 81
68, 229
69, 84
70, 96
71, 150
72, 83
73, 85
74, 83
75, 84
76, 145
77, 99
78, 88
79, 91
80, 100
81, 84
82, 122
83, 84
84, 84
85, 91
86, 101
87, 295
88, 84
89, 84
90, 85
91, 84
92, 89
93, 117
94, 83
95, 86
96, 84
97, 89
98, 137
99, 84
100, 128
101, 85
102, 94
103, 130
104, 85
105, 168
106, 83
107, 83
108, 83
109, 83
110, 94
111, 85
112, 85
113, 87
114, 83
115, 83
116, 101
117, 83
118, 86
119, 84
120, 86
121, 84
122, 92
123, 112
124, 85
125, 134
126, 82
127, 84
128, 83
129, 102
130, 84
131, 95
132, 81
133, 84
134, 92
135, 83
136, 258
137, 121
138, 86
139, 94
140, 85
141, 86
142, 95
143, 86
144, 85
145, 273
146, 113
147, 82
148, 87
149, 90
150, 161
151, 115
152, 85
153, 84
154, 82
155, 83
156, 88
157, 85
158, 84
159, 90
160, 84
161, 119
162, 84
163, 84
164, 151
165, 83
166, 84
167, 90
168, 132
169, 83
170, 83
171, 83
172, 135
173, 84
174, 85
175, 83
176, 85
177, 83
178, 88
179, 83
180, 83
181, 84
182, 100
183, 84
184, 92
185, 96
186, 84
187, 84
188, 91
189, 83
190, 86
