1, 222
2, 116
3, 125
4, 116
5, 116
6, 113
7, 117
8, 115
9, 120
10, 115
11, 117
12, 116
13, 147
14, 115
15, 115
16, 114
17, 116
18, 114
19, 115
20, 225
21, 114
22, 114
23, 116
24, 116
25, 174
26, 113
27, 113
28, 114
29, 117
30, 114
31, 113
32, 118
33, 112
34, 115
35, 114
36, 117
37, 114
38, 180
39, 114
40, 123
41, 116
42, 115
43, 114
44, 147
45, 117
46, 114
47, 116
48, 115
49, 116
50, 112
51, 116
52, 114
53, 115
54, 115
55, 138
56, 113
57, 115
58, 288
59, 114
60, 115
61, 114
62, 116
63, 133
64, 117
65, 114
66, 115
67, 113
68, 138
69, 118
70, 126
71, 164
72, 113
73, 114
74, 115
75, 114
76, 144
77, 125
78, 117
79, 116
80, 125
81, 115
82, 116
83, 117
84, 112
85, 116
86, 140
87, 206
88, 119
89, 114
90, 118
91, 118
92, 113
93, 115
94, 129
95, 118
96, 116
97, 116
98, 114
99, 116
100, 131
101, 114
102, 114
103, 258
104, 116
105, 158
106, 114
107, 112
108, 116
109, 114
110, 114
111, 112
112, 113
113, 117
114, 118
115, 114
116, 117
117, 115
118, 118
119, 115
120, 121
121, 116
122, 115
123, 114
124, 116
125, 115
126, 114
127, 113
128, 117
129, 117
130, 113
131, 115
132, 115
133, 113
134, 113
135, 116
136, 234
137, 121
138, 116
139, 117
140, 144
141, 115
142, 115
143, 114
144, 113
145, 174
146, 116
147, 111
148, 114
149, 116
150, 127
151, 118
152, 114
153, 114
154, 115
155, 114
156, 120
157, 114
158, 115
159, 114
160, 113
161, 130
162, 113
163, 118
164, 156
165, 113
166, 115
167, 115
168, 146
169, 115
170, 114
171, 114
172, 118
173, 116
174, 115
175, 114
176, 122
177, 115
178, 116
179, 116
180, 115
181, 115
182, 231
183, 115
184, 114
185, 116
186, 114
187, 110
188, 122
189, 117
190, 114
