1, 232
2, 103
3, 54
4, 72
5, 331
6, 46
7, 85
8, 59
9, 67
10, 274
11, 62
12, 125
13, 58
14, 146
15, 199
16, 776
17, 84
18, 75
19, 44
20, 286
21, 78
22, 52
23, 398
24, 217
25, 101
26, 52
27, 54
28, 251
29, 71
30, 92
31, 62
32, 115
33, 47
34, 83
35, 414
36, 82
37, 106
38, 98
39, 47
40, 135
41, 94
42, 62
43, 90
44, 46
45, 98
46, 52
47, 74
48, 199
49, 244
50, 61
51, 269
52, 80
53, 340
54, 45
55, 103
56, 94
57, 355
58, 56
59, 45
60, 66
61, 150
62, 59
63, 131
64, 43
65, 48
66, 76
67, 45
68, 69
69, 54
70, 198
71, 473
72, 68
73, 122
74, 133
75, 79
76, 147
77, 139
78, 149
79, 58
80, 144
81, 100
82, 134
83, 48
84, 49
85, 224
86, 58
87, 250
88, 82
89, 352
90, 114
91, 576
92, 167
93, 54
94, 87
95, 282
96, 45
97, 119
98, 70
99, 173
100, 63
101, 118
102, 49
103, 91
104, 53
105, 88
106, 105
107, 51
108, 100
109, 71
110, 57
111, 77
112, 46
113, 95
114, 119
115, 56
116, 188
117, 51
118, 47
119, 66
120, 47
121, 172
122, 88
123, 136
124, 68
125, 45
126, 123
127, 54
128, 181
129, 64
130, 107
131, 51
132, 46
133, 56
134, 363
135, 152
136, 468
137, 162
138, 162
139, 88
140, 63
141, 479
142, 80
143, 63
144, 72
145, 125
146, 55
147, 101
148, 101
149, 76
150, 76
151, 62
152, 115
153, 114
154, 61
155, 125
156, 53
157, 278
158, 177
159, 152
160, 132
161, 72
162, 177
163, 154
164, 375
165, 115
166, 49
167, 61
168, 99
169, 147
170, 88
171, 183
172, 95
173, 44
174, 119
175, 105
176, 251
177, 95
178, 57
179, 216
180, 118
181, 112
182, 104
183, 80
184, 269
185, 260
186, 195
187, 159
188, 271
189, 127
190, 257
