1, 176
2, 57
3, 310
4, 65
5, 123
6, 103
7, 74
8, 149
9, 185
10, 152
11, 185
12, 165
13, 174
14, 56
15, 68
16, 54
17, 64
18, 207
19, 55
20, 301
21, 83
22, 56
23, 86
24, 72
25, 329
26, 77
27, 55
28, 80
29, 56
30, 54
31, 56
32, 55
33, 83
34, 173
35, 53
36, 56
37, 65
38, 161
39, 58
40, 240
41, 55
42, 69
43, 55
44, 252
45, 74
46, 60
47, 131
48, 116
49, 57
50, 604
51, 64
52, 68
53, 54
54, 59
55, 228
56, 55
57, 57
58, 194
59, 132
60, 59
61, 136
62, 65
63, 70
64, 152
65, 60
66, 70
67, 54
68, 128
69, 65
70, 98
71, 140
72, 63
73, 81
74, 55
75, 71
76, 143
77, 151
78, 60
79, 108
80, 112
81, 56
82, 90
83, 56
84, 72
85, 90
86, 87
87, 476
88, 114
89, 69
90, 108
91, 57
92, 128
93, 259
94, 134
95, 119
96, 80
97, 77
98, 305
99, 90
100, 176
101, 70
102, 82
103, 141
104, 54
105, 194
106, 68
107, 56
108, 80
109, 56
110, 61
111, 80
112, 102
113, 81
114, 55
115, 53
116, 107
117, 55
118, 106
119, 60
120, 89
121, 95
122, 90
123, 96
124, 60
125, 76
126, 78
127, 56
128, 89
129, 113
130, 126
131, 163
132, 65
133, 112
134, 107
135, 112
136, 377
137, 128
138, 64
139, 124
140, 146
141, 86
142, 152
143, 100
144, 153
145, 190
146, 198
147, 72
148, 69
149, 94
150, 161
151, 176
152, 53
153, 67
154, 58
155, 54
156, 112
157, 55
158, 92
159, 117
160, 62
161, 171
162, 55
163, 61
164, 187
165, 56
166, 104
167, 90
168, 129
169, 55
170, 90
171, 55
172, 203
173, 74
174, 85
175, 60
176, 112
177, 61
178, 79
179, 77
180, 54
181, 56
182, 231
183, 64
184, 96
185, 157
186, 56
187, 55
188, 153
189, 57
190, 69
