1, 129
2, 137
3, 130
4, 133
5, 132
6, 133
7, 131
8, 131
9, 130
10, 135
11, 131
12, 131
13, 133
14, 129
15, 139
16, 131
17, 132
18, 131
19, 134
20, 284
21, 130
22, 133
23, 136
24, 217
25, 130
26, 130
27, 130
28, 134
29, 132
30, 135
31, 131
32, 131
33, 130
34, 133
35, 176
36, 133
37, 155
38, 129
39, 133
40, 130
41, 130
42, 131
43, 130
44, 131
45, 128
46, 134
47, 131
48, 134
49, 148
50, 130
51, 142
52, 136
53, 138
54, 132
55, 129
56, 134
57, 132
58, 131
59, 130
60, 129
61, 129
62, 134
63, 132
64, 132
65, 130
66, 132
67, 132
68, 132
69, 131
70, 131
71, 133
72, 128
73, 132
74, 130
75, 131
76, 130
77, 130
78, 131
79, 130
80, 130
81, 130
82, 184
83, 134
84, 133
85, 149
86, 132
87, 131
88, 130
89, 130
90, 141
91, 218
92, 154
93, 130
94, 129
95, 163
96, 130
97, 134
98, 131
99, 132
100, 132
101, 145
102, 133
103, 131
104, 131
105, 132
106, 131
107, 130
108, 131
109, 130
110, 132
111, 130
112, 131
113, 130
114, 132
115, 133
116, 140
117, 131
118, 129
119, 129
120, 134
121, 130
122, 133
123, 128
124, 132
125, 129
126, 134
127, 130
128, 131
129, 133
130, 133
131, 130
132, 133
133, 131
134, 172
135, 133
136, 168
137, 140
138, 129
139, 131
140, 134
141, 131
142, 132
143, 133
144, 135
145, 137
146, 131
147, 132
148, 134
149, 133
150, 132
151, 130
152, 134
153, 135
154, 130
155, 132
156, 129
157, 132
158, 177
159, 133
160, 131
161, 133
162, 131
163, 138
164, 149
165, 133
166, 134
167, 131
168, 134
169, 131
170, 131
171, 159
172, 131
173, 135
174, 133
175, 132
176, 131
177, 133
178, 132
179, 132
180, 134
181, 132
182, 133
183, 134
184, 149
185, 131
186, 134
187, 133
188, 136
189, 130
190, 132
