1, 184
2, 96
3, 66
4, 68
5, 108
6, 68
7, 72
8, 69
9, 68
10, 214
11, 69
12, 86
13, 69
14, 99
15, 148
16, 528
17, 70
18, 85
19, 68
20, 138
21, 69
22, 65
23, 249
24, 231
25, 81
26, 68
27, 69
28, 146
29, 71
30, 72
31, 69
32, 87
33, 66
34, 66
35, 103
36, 66
37, 154
38, 76
39, 65
40, 80
41, 87
42, 79
43, 81
44, 67
45, 93
46, 67
47, 69
48, 135
49, 148
50, 66
51, 124
52, 85
53, 93
54, 66
55, 364
56, 85
57, 432
58, 64
59, 67
60, 68
61, 92
62, 72
63, 83
64, 68
65, 65
66, 67
67, 66
68, 68
69, 68
70, 152
71, 80
72, 67
73, 76
74, 98
75, 70
76, 90
77, 101
78, 120
79, 69
80, 94
81, 68
82, 143
83, 67
84, 69
85, 73
86, 72
87, 177
88, 68
89, 152
90, 102
91, 343
92, 139
93, 66
94, 77
95, 223
96, 67
97, 98
98, 70
99, 119
100, 67
101, 72
102, 69
103, 73
104, 66
105, 209
106, 72
107, 68
108, 79
109, 69
110, 69
111, 74
112, 67
113, 86
114, 89
115, 68
116, 153
117, 67
118, 68
119, 67
120, 67
121, 129
122, 74
123, 80
124, 71
125, 66
126, 82
127, 67
128, 128
129, 76
130, 80
131, 66
132, 66
133, 66
134, 213
135, 114
136, 131
137, 105
138, 126
139, 71
140, 65
141, 93
142, 68
143, 66
144, 71
145, 91
146, 69
147, 76
148, 72
149, 74
150, 81
151, 65
152, 92
153, 93
154, 69
155, 67
156, 66
157, 164
158, 109
159, 90
160, 120
161, 68
162, 155
163, 167
164, 250
165, 101
166, 66
167, 67
168, 89
169, 83
170, 76
171, 80
172, 69
173, 66
174, 68
175, 79
176, 167
177, 78
178, 68
179, 91
180, 86
181, 69
182, 85
183, 90
184, 373
185, 170
186, 94
187, 91
188, 450
189, 109
190, 171
