1, 108
2, 122
3, 105
4, 121
5, 131
6, 105
7, 105
8, 104
9, 106
10, 159
11, 106
12, 109
13, 108
14, 105
15, 137
16, 236
17, 107
18, 104
19, 104
20, 109
21, 105
22, 104
23, 125
24, 510
25, 105
26, 105
27, 133
28, 187
29, 104
30, 103
31, 108
32, 108
33, 108
34, 105
35, 178
36, 108
37, 112
38, 115
39, 104
40, 116
41, 105
42, 105
43, 107
44, 103
45, 103
46, 106
47, 108
48, 120
49, 160
50, 105
51, 131
52, 115
53, 106
54, 104
55, 121
56, 105
57, 305
58, 104
59, 106
60, 105
61, 109
62, 105
63, 106
64, 105
65, 104
66, 101
67, 107
68, 105
69, 105
70, 109
71, 108
72, 104
73, 106
74, 108
75, 104
76, 103
77, 102
78, 104
79, 105
80, 106
81, 107
82, 145
83, 104
84, 104
85, 105
86, 104
87, 106
88, 107
89, 120
90, 105
91, 166
92, 144
93, 105
94, 110
95, 165
96, 106
97, 117
98, 108
99, 105
100, 107
101, 105
102, 105
103, 103
104, 107
105, 106
106, 107
107, 105
108, 105
109, 104
110, 106
111, 105
112, 105
113, 103
114, 119
115, 105
116, 105
117, 107
118, 103
119, 103
120, 103
121, 109
122, 104
123, 104
124, 104
125, 106
126, 106
127, 107
128, 106
129, 103
130, 107
131, 107
132, 106
133, 106
134, 168
135, 114
136, 107
137, 104
138, 106
139, 104
140, 104
141, 181
142, 105
143, 106
144, 114
145, 106
146, 104
147, 107
148, 104
149, 107
150, 106
151, 105
152, 105
153, 105
154, 104
155, 107
156, 106
157, 109
158, 105
159, 106
160, 121
161, 105
162, 150
163, 120
164, 429
165, 122
166, 104
167, 105
168, 107
169, 126
170, 108
171, 141
172, 105
173, 108
174, 106
175, 105
176, 139
177, 105
178, 105
179, 119
180, 108
181, 104
182, 105
183, 108
184, 138
185, 103
186, 105
187, 105
188, 106
189, 166
190, 109
