1, 132
2, 94
3, 58
4, 60
5, 222
6, 56
7, 72
8, 66
9, 62
10, 166
11, 61
12, 124
13, 56
14, 115
15, 166
16, 623
17, 66
18, 62
19, 56
20, 460
21, 68
22, 56
23, 144
24, 209
25, 78
26, 55
27, 63
28, 170
29, 72
30, 77
31, 56
32, 95
33, 55
34, 56
35, 402
36, 73
37, 167
38, 98
39, 57
40, 72
41, 69
42, 74
43, 81
44, 55
45, 100
46, 56
47, 78
48, 176
49, 152
50, 63
51, 234
52, 91
53, 98
54, 55
55, 90
56, 82
57, 577
58, 57
59, 55
60, 68
61, 128
62, 57
63, 97
64, 56
65, 56
66, 61
67, 57
68, 70
69, 56
70, 115
71, 87
72, 56
73, 103
74, 116
75, 154
76, 118
77, 125
78, 96
79, 59
80, 136
81, 86
82, 136
83, 55
84, 57
85, 386
86, 61
87, 193
88, 72
89, 193
90, 99
91, 239
92, 120
93, 55
94, 67
95, 281
96, 55
97, 96
98, 63
99, 164
100, 58
101, 152
102, 56
103, 76
104, 57
105, 64
106, 104
107, 56
108, 84
109, 66
110, 57
111, 71
112, 57
113, 79
114, 102
115, 59
116, 103
117, 55
118, 55
119, 59
120, 58
121, 150
122, 79
123, 104
124, 62
125, 56
126, 85
127, 55
128, 126
129, 59
130, 72
131, 55
132, 55
133, 58
134, 259
135, 108
136, 81
137, 172
138, 129
139, 87
140, 57
141, 207
142, 79
143, 55
144, 61
145, 104
146, 66
147, 86
148, 88
149, 64
150, 84
151, 55
152, 96
153, 99
154, 67
155, 69
156, 58
157, 229
158, 124
159, 120
160, 127
161, 59
162, 149
163, 109
164, 754
165, 117
166, 56
167, 58
168, 66
169, 98
170, 70
171, 87
172, 61
173, 56
174, 82
175, 127
176, 207
177, 71
178, 57
179, 203
180, 118
181, 103
182, 91
183, 74
184, 251
185, 248
186, 139
187, 105
188, 256
189, 299
190, 194
