1, 178
2, 66
3, 224
4, 65
5, 186
6, 131
7, 82
8, 173
9, 119
10, 158
11, 201
12, 161
13, 344
14, 58
15, 100
16, 50
17, 58
18, 214
19, 61
20, 188
21, 87
22, 69
23, 94
24, 66
25, 351
26, 77
27, 50
28, 75
29, 51
30, 48
31, 55
32, 58
33, 88
34, 177
35, 50
36, 58
37, 72
38, 122
39, 52
40, 265
41, 50
42, 62
43, 53
44, 195
45, 70
46, 63
47, 146
48, 95
49, 53
50, 282
51, 68
52, 65
53, 49
54, 52
55, 146
56, 51
57, 59
58, 145
59, 154
60, 60
61, 141
62, 79
63, 134
64, 119
65, 68
66, 67
67, 49
68, 352
69, 66
70, 84
71, 147
72, 63
73, 70
74, 50
75, 72
76, 176
77, 207
78, 64
79, 126
80, 123
81, 61
82, 108
83, 49
84, 70
85, 97
86, 96
87, 157
88, 135
89, 75
90, 74
91, 49
92, 164
93, 377
94, 155
95, 119
96, 116
97, 87
98, 223
99, 156
100, 122
101, 75
102, 76
103, 138
104, 50
105, 203
106, 76
107, 53
108, 91
109, 52
110, 63
111, 94
112, 98
113, 94
114, 52
115, 50
116, 101
117, 50
118, 100
119, 69
120, 109
121, 168
122, 113
123, 80
124, 54
125, 69
126, 85
127, 63
128, 98
129, 119
130, 320
131, 155
132, 60
133, 105
134, 103
135, 117
136, 221
137, 143
138, 67
139, 97
140, 155
141, 87
142, 113
143, 92
144, 155
145, 191
146, 175
147, 98
148, 77
149, 115
150, 202
151, 192
152, 57
153, 66
154, 56
155, 50
156, 91
157, 51
158, 106
159, 145
160, 65
161, 180
162, 50
163, 55
164, 184
165, 57
166, 97
167, 92
168, 131
169, 50
170, 129
171, 50
172, 239
173, 84
174, 66
175, 60
176, 121
177, 51
178, 121
179, 93
180, 50
181, 51
182, 382
183, 71
184, 88
185, 128
186, 53
187, 71
188, 121
189, 52
190, 67
