1, 152
2, 98
3, 130
4, 96
5, 102
6, 106
7, 96
8, 102
9, 111
10, 99
11, 101
12, 99
13, 165
14, 97
15, 99
16, 98
17, 95
18, 134
19, 97
20, 105
21, 97
22, 96
23, 104
24, 95
25, 107
26, 96
27, 97
28, 98
29, 97
30, 97
31, 99
32, 95
33, 98
34, 113
35, 98
36, 98
37, 96
38, 112
39, 98
40, 218
41, 97
42, 98
43, 96
44, 173
45, 96
46, 95
47, 100
48, 99
49, 96
50, 312
51, 108
52, 96
53, 95
54, 98
55, 195
56, 97
57, 97
58, 97
59, 101
60, 98
61, 97
62, 97
63, 106
64, 97
65, 97
66, 97
67, 97
68, 110
69, 96
70, 98
71, 162
72, 97
73, 97
74, 97
75, 95
76, 118
77, 99
78, 98
79, 97
80, 110
81, 95
82, 100
83, 98
84, 100
85, 99
86, 97
87, 99
88, 98
89, 98
90, 99
91, 97
92, 101
93, 115
94, 98
95, 102
96, 98
97, 100
98, 118
99, 94
100, 116
101, 98
102, 97
103, 282
104, 98
105, 147
106, 102
107, 100
108, 95
109, 97
110, 98
111, 97
112, 97
113, 99
114, 96
115, 98
116, 103
117, 96
118, 97
119, 98
120, 98
121, 109
122, 98
123, 98
124, 97
125, 118
126, 96
127, 101
128, 98
129, 154
130, 97
131, 99
132, 102
133, 98
134, 99
135, 96
136, 264
137, 124
138, 97
139, 101
140, 130
141, 97
142, 131
143, 98
144, 98
145, 239
146, 103
147, 99
148, 96
149, 97
150, 111
151, 105
152, 95
153, 97
154, 96
155, 97
156, 96
157, 97
158, 102
159, 98
160, 95
161, 116
162, 98
163, 97
164, 150
165, 97
166, 99
167, 97
168, 204
169, 99
170, 97
171, 99
172, 102
173, 97
174, 95
175, 95
176, 99
177, 96
178, 96
179, 98
180, 99
181, 97
182, 112
183, 98
184, 97
185, 97
186, 97
187, 99
188, 96
189, 96
190, 99
