1, 293
2, 80
3, 141
4, 82
5, 95
6, 94
7, 81
8, 81
9, 139
10, 103
11, 85
12, 106
13, 193
14, 80
15, 86
16, 80
17, 81
18, 147
19, 80
20, 280
21, 81
22, 82
23, 84
24, 81
25, 188
26, 81
27, 80
28, 82
29, 82
30, 81
31, 82
32, 80
33, 79
34, 131
35, 82
36, 82
37, 80
38, 132
39, 81
40, 84
41, 80
42, 80
43, 81
44, 95
45, 78
46, 81
47, 82
48, 81
49, 82
50, 199
51, 80
52, 82
53, 80
54, 83
55, 105
56, 79
57, 81
58, 93
59, 82
60, 84
61, 90
62, 80
63, 82
64, 83
65, 81
66, 81
67, 81
68, 105
69, 81
70, 87
71, 134
72, 82
73, 86
74, 81
75, 81
76, 112
77, 101
78, 80
79, 90
80, 91
81, 81
82, 83
83, 81
84, 84
85, 87
86, 83
87, 87
88, 87
89, 80
90, 83
91, 80
92, 87
93, 91
94, 100
95, 96
96, 88
97, 82
98, 121
99, 84
100, 105
101, 82
102, 82
103, 133
104, 80
105, 192
106, 80
107, 80
108, 81
109, 80
110, 88
111, 80
112, 87
113, 83
114, 82
115, 82
116, 95
117, 81
118, 94
119, 81
120, 84
121, 90
122, 97
123, 82
124, 81
125, 80
126, 78
127, 80
128, 79
129, 237
130, 193
131, 105
132, 81
133, 89
134, 92
135, 80
136, 280
137, 117
138, 82
139, 96
140, 131
141, 98
142, 83
143, 83
144, 89
145, 112
146, 129
147, 83
148, 83
149, 99
150, 113
151, 119
152, 80
153, 85
154, 83
155, 80
156, 83
157, 79
158, 91
159, 96
160, 79
161, 130
162, 82
163, 81
164, 157
165, 83
166, 81
167, 88
168, 130
169, 80
170, 108
171, 80
172, 136
173, 83
174, 83
175, 81
176, 83
177, 81
178, 82
179, 82
180, 79
181, 82
182, 82
183, 83
184, 96
185, 103
186, 81
187, 82
188, 85
189, 82
190, 82
