1, 83
2, 87
3, 85
4, 142
5, 225
6, 84
7, 83
8, 84
9, 84
10, 118
11, 86
12, 84
13, 82
14, 96
15, 139
16, 411
17, 84
18, 81
19, 86
20, 336
21, 84
22, 82
23, 119
24, 166
25, 87
26, 82
27, 82
28, 132
29, 84
30, 82
31, 85
32, 90
33, 81
34, 84
35, 87
36, 83
37, 89
38, 94
39, 84
40, 83
41, 83
42, 94
43, 84
44, 83
45, 84
46, 85
47, 84
48, 122
49, 108
50, 101
51, 120
52, 93
53, 163
54, 83
55, 306
56, 84
57, 387
58, 82
59, 83
60, 85
61, 92
62, 82
63, 86
64, 86
65, 85
66, 84
67, 82
68, 82
69, 82
70, 102
71, 136
72, 85
73, 85
74, 136
75, 92
76, 98
77, 104
78, 94
79, 85
80, 86
81, 83
82, 143
83, 85
84, 83
85, 180
86, 84
87, 140
88, 84
89, 132
90, 101
91, 190
92, 131
93, 82
94, 93
95, 199
96, 85
97, 121
98, 82
99, 92
100, 85
101, 86
102, 83
103, 88
104, 85
105, 84
106, 86
107, 83
108, 99
109, 85
110, 83
111, 84
112, 84
113, 103
114, 126
115, 84
116, 97
117, 81
118, 86
119, 84
120, 85
121, 98
122, 84
123, 88
124, 81
125, 82
126, 87
127, 84
128, 110
129, 84
130, 84
131, 84
132, 82
133, 88
134, 169
135, 105
136, 103
137, 86
138, 124
139, 83
140, 84
141, 85
142, 88
143, 85
144, 82
145, 95
146, 82
147, 85
148, 90
149, 186
150, 83
151, 83
152, 86
153, 88
154, 85
155, 83
156, 83
157, 134
158, 134
159, 93
160, 91
161, 82
162, 166
163, 125
164, 250
165, 115
166, 83
167, 83
168, 94
169, 85
170, 90
171, 165
172, 82
173, 84
174, 83
175, 87
176, 122
177, 84
178, 84
179, 84
180, 268
181, 84
182, 84
183, 83
184, 272
185, 142
186, 101
187, 94
188, 148
189, 121
190, 102
