1, 152
2, 65
3, 195
4, 64
5, 115
6, 96
7, 71
8, 122
9, 105
10, 125
11, 158
12, 182
13, 217
14, 64
15, 112
16, 61
17, 71
18, 175
19, 64
20, 159
21, 71
22, 64
23, 83
24, 65
25, 313
26, 70
27, 61
28, 69
29, 62
30, 62
31, 63
32, 63
33, 77
34, 67
35, 62
36, 63
37, 62
38, 138
39, 63
40, 191
41, 64
42, 65
43, 63
44, 223
45, 67
46, 64
47, 220
48, 81
49, 63
50, 375
51, 63
52, 63
53, 62
54, 63
55, 102
56, 63
57, 62
58, 655
59, 82
60, 76
61, 85
62, 64
63, 69
64, 100
65, 76
66, 67
67, 63
68, 115
69, 66
70, 155
71, 229
72, 62
73, 75
74, 64
75, 75
76, 140
77, 132
78, 67
79, 107
80, 201
81, 65
82, 74
83, 62
84, 72
85, 79
86, 110
87, 113
88, 103
89, 65
90, 94
91, 62
92, 99
93, 92
94, 87
95, 93
96, 85
97, 85
98, 164
99, 78
100, 124
101, 64
102, 63
103, 109
104, 63
105, 183
106, 67
107, 121
108, 68
109, 64
110, 63
111, 65
112, 92
113, 77
114, 61
115, 62
116, 95
117, 61
118, 92
119, 74
120, 103
121, 72
122, 83
123, 84
124, 64
125, 75
126, 70
127, 63
128, 69
129, 427
130, 246
131, 91
132, 70
133, 102
134, 90
135, 65
136, 285
137, 118
138, 63
139, 107
140, 120
141, 92
142, 68
143, 90
144, 144
145, 169
146, 151
147, 68
148, 66
149, 74
150, 155
151, 139
152, 63
153, 64
154, 64
155, 64
156, 83
157, 63
158, 78
159, 104
160, 62
161, 157
162, 65
163, 63
164, 169
165, 62
166, 94
167, 88
168, 119
169, 62
170, 129
171, 62
172, 148
173, 75
174, 67
175, 62
176, 102
177, 65
178, 66
179, 82
180, 63
181, 62
182, 435
183, 63
184, 94
185, 122
186, 63
187, 65
188, 115
189, 64
190, 78
