1, 127
2, 98
3, 59
4, 63
5, 175
6, 59
7, 64
8, 60
9, 61
10, 155
11, 61
12, 104
13, 59
14, 144
15, 159
16, 203
17, 63
18, 61
19, 59
20, 448
21, 64
22, 58
23, 124
24, 257
25, 77
26, 60
27, 92
28, 167
29, 62
30, 74
31, 61
32, 95
33, 62
34, 72
35, 161
36, 72
37, 89
38, 75
39, 58
40, 75
41, 69
42, 79
43, 71
44, 58
45, 88
46, 60
47, 75
48, 142
49, 153
50, 62
51, 205
52, 90
53, 258
54, 59
55, 382
56, 86
57, 360
58, 60
59, 58
60, 60
61, 103
62, 58
63, 100
64, 59
65, 60
66, 61
67, 59
68, 69
69, 61
70, 136
71, 374
72, 59
73, 88
74, 151
75, 69
76, 112
77, 109
78, 222
79, 59
80, 471
81, 70
82, 148
83, 59
84, 60
85, 253
86, 62
87, 192
88, 87
89, 244
90, 83
91, 207
92, 138
93, 60
94, 65
95, 242
96, 60
97, 100
98, 72
99, 166
100, 60
101, 90
102, 62
103, 78
104, 58
105, 71
106, 91
107, 60
108, 89
109, 63
110, 59
111, 74
112, 60
113, 94
114, 99
115, 61
116, 116
117, 59
118, 61
119, 60
120, 60
121, 133
122, 83
123, 95
124, 59
125, 60
126, 91
127, 60
128, 147
129, 65
130, 82
131, 61
132, 60
133, 60
134, 212
135, 104
136, 76
137, 153
138, 180
139, 70
140, 62
141, 200
142, 66
143, 60
144, 70
145, 85
146, 60
147, 70
148, 62
149, 75
150, 72
151, 60
152, 98
153, 95
154, 65
155, 88
156, 58
157, 180
158, 138
159, 113
160, 118
161, 60
162, 144
163, 98
164, 722
165, 109
166, 59
167, 59
168, 346
169, 93
170, 71
171, 185
172, 70
173, 61
174, 72
175, 89
176, 188
177, 75
178, 61
179, 122
180, 86
181, 72
182, 87
183, 80
184, 233
185, 215
186, 131
187, 112
188, 252
189, 282
190, 190
