1, 228
2, 125
3, 128
4, 125
5, 127
6, 127
7, 124
8, 137
9, 124
10, 125
11, 127
12, 136
13, 132
14, 124
15, 124
16, 127
17, 129
18, 127
19, 124
20, 179
21, 128
22, 122
23, 124
24, 121
25, 179
26, 128
27, 126
28, 125
29, 123
30, 123
31, 128
32, 124
33, 128
34, 123
35, 127
36, 123
37, 126
38, 125
39, 125
40, 149
41, 124
42, 126
43, 129
44, 127
45, 123
46, 125
47, 126
48, 127
49, 127
50, 269
51, 126
52, 126
53, 131
54, 125
55, 125
56, 125
57, 125
58, 141
59, 130
60, 124
61, 125
62, 125
63, 126
64, 129
65, 124
66, 135
67, 129
68, 219
69, 126
70, 147
71, 168
72, 127
73, 125
74, 129
75, 125
76, 122
77, 146
78, 125
79, 125
80, 126
81, 126
82, 128
83, 126
84, 126
85, 126
86, 126
87, 137
88, 124
89, 126
90, 124
91, 124
92, 124
93, 141
94, 137
95, 125
96, 124
97, 126
98, 129
99, 124
100, 153
101, 127
102, 129
103, 228
104, 128
105, 171
106, 126
107, 126
108, 124
109, 127
110, 129
111, 130
112, 129
113, 126
114, 125
115, 125
116, 127
117, 127
118, 128
119, 127
120, 123
121, 135
122, 126
123, 126
124, 127
125, 124
126, 123
127, 125
128, 125
129, 240
130, 124
131, 123
132, 127
133, 129
134, 122
135, 128
136, 206
137, 136
138, 125
139, 124
140, 157
141, 124
142, 128
143, 127
144, 124
145, 166
146, 127
147, 127
148, 129
149, 137
150, 125
151, 127
152, 125
153, 126
154, 123
155, 123
156, 126
157, 125
158, 122
159, 128
160, 125
161, 127
162, 128
163, 126
164, 147
165, 125
166, 127
167, 124
168, 186
169, 129
170, 127
171, 126
172, 127
173, 127
174, 127
175, 125
176, 126
177, 125
178, 125
179, 125
180, 126
181, 126
182, 126
183, 130
184, 125
185, 123
186, 126
187, 122
188, 129
189, 126
190, 127
