1, 314
2, 113
3, 50
4, 108
5, 278
6, 51
7, 94
8, 63
9, 55
10, 199
11, 65
12, 112
13, 56
14, 140
15, 190
16, 570
17, 100
18, 92
19, 49
20, 548
21, 83
22, 51
23, 268
24, 182
25, 85
26, 47
27, 62
28, 163
29, 85
30, 97
31, 61
32, 117
33, 58
34, 77
35, 322
36, 88
37, 110
38, 98
39, 48
40, 145
41, 85
42, 69
43, 89
44, 49
45, 90
46, 51
47, 86
48, 206
49, 201
50, 65
51, 258
52, 90
53, 113
54, 47
55, 97
56, 82
57, 700
58, 51
59, 53
60, 66
61, 126
62, 53
63, 108
64, 48
65, 49
66, 72
67, 49
68, 68
69, 52
70, 174
71, 85
72, 58
73, 113
74, 135
75, 104
76, 136
77, 184
78, 142
79, 59
80, 145
81, 78
82, 138
83, 50
84, 49
85, 119
86, 66
87, 228
88, 77
89, 335
90, 92
91, 573
92, 157
93, 51
94, 55
95, 329
96, 47
97, 150
98, 74
99, 174
100, 61
101, 107
102, 49
103, 93
104, 55
105, 85
106, 116
107, 57
108, 105
109, 64
110, 56
111, 67
112, 52
113, 101
114, 132
115, 51
116, 248
117, 49
118, 48
119, 68
120, 48
121, 185
122, 83
123, 92
124, 57
125, 47
126, 113
127, 49
128, 85
129, 63
130, 86
131, 55
132, 47
133, 51
134, 268
135, 139
136, 158
137, 150
138, 127
139, 79
140, 56
141, 140
142, 70
143, 59
144, 130
145, 123
146, 58
147, 123
148, 103
149, 71
150, 80
151, 50
152, 121
153, 101
154, 66
155, 101
156, 54
157, 251
158, 144
159, 139
160, 128
161, 66
162, 171
163, 203
164, 868
165, 111
166, 49
167, 56
168, 313
169, 115
170, 87
171, 90
172, 74
173, 47
174, 106
175, 105
176, 241
177, 88
178, 62
179, 247
180, 96
181, 82
182, 100
183, 81
184, 337
185, 318
186, 138
187, 118
188, 291
189, 122
190, 205
