1, 162
2, 122
3, 114
4, 129
5, 316
6, 105
7, 105
8, 227
9, 108
10, 232
11, 158
12, 167
13, 158
14, 131
15, 137
16, 248
17, 111
18, 396
19, 136
20, 232
21, 988
22, 125
23, 167
24, 193
25, 127
26, 111
27, 133
28, 169
29, 126
30, 105
31, 111
32, 119
33, 156
34, 107
35, 103
36, 110
37, 111
38, 120
39, 105
40, 106
41, 246
42, 115
43, 212
44, 140
45, 109
46, 133
47, 118
48, 114
49, 107
50, 141
51, 311
52, 114
53, 104
54, 107
55, 301
56, 116
57, 128
58, 108
59, 107
60, 206
61, 239
62, 196
63, 106
64, 246
65, 124
66, 106
67, 108
68, 127
69, 107
70, 137
71, 131
72, 110
73, 222
74, 194
75, 194
76, 138
77, 654
78, 166
79, 127
80, 106
81, 118
82, 192
83, 107
84, 145
85, 111
86, 106
87, 124
88, 148
89, 134
90, 149
91, 190
92, 202
93, 156
94, 118
95, 156
96, 108
97, 137
98, 132
99, 115
100, 109
101, 110
102, 112
103, 108
104, 108
105, 105
106, 127
107, 104
108, 158
109, 269
110, 106
111, 110
112, 108
113, 305
114, 115
115, 118
116, 168
117, 112
118, 242
119, 115
120, 149
121, 177
122, 113
123, 125
124, 116
125, 106
126, 123
127, 247
128, 156
129, 225
130, 118
131, 217
132, 155
133, 126
134, 170
135, 123
136, 114
137, 104
138, 139
139, 130
140, 108
141, 106
142, 135
143, 104
144, 115
145, 127
146, 148
147, 163
148, 120
149, 176
150, 179
