1, 156
2, 118
3, 108
4, 125
5, 298
6, 100
7, 100
8, 222
9, 103
10, 240
11, 162
12, 163
13, 151
14, 130
15, 145
16, 254
17, 111
18, 399
19, 138
20, 235
21, 1023
22, 123
23, 178
24, 194
25, 122
26, 104
27, 132
28, 171
29, 139
30, 99
31, 108
32, 114
33, 154
34, 102
35, 98
36, 105
37, 105
38, 113
39, 102
40, 101
41, 250
42, 112
43, 225
44, 142
45, 105
46, 131
47, 116
48, 114
49, 102
50, 142
51, 347
52, 110
53, 99
54, 103
55, 318
56, 115
57, 126
58, 103
59, 102
60, 231
61, 240
62, 234
63, 109
64, 247
65, 115
66, 101
67, 103
68, 122
69, 102
70, 133
71, 131
72, 108
73, 217
74, 210
75, 189
76, 136
77, 692
78, 178
79, 123
80, 100
81, 114
82, 195
83, 103
84, 151
85, 107
86, 101
87, 118
88, 145
89, 132
90, 149
91, 200
92, 203
93, 162
94, 112
95, 161
96, 103
97, 148
98, 137
99, 115
100, 105
101, 106
102, 111
103, 103
104, 101
105, 99
106, 126
107, 99
108, 156
109, 325
110, 100
111, 105
112, 104
113, 310
114, 112
115, 116
116, 164
117, 108
118, 255
119, 111
120, 148
121, 172
122, 112
123, 128
124, 113
125, 102
126, 122
127, 249
128, 158
129, 231
130, 113
131, 229
132, 171
133, 132
134, 170
135, 120
136, 112
137, 99
138, 141
139, 131
140, 103
141, 101
142, 131
143, 100
144, 110
145, 141
146, 145
147, 174
148, 115
149, 186
150, 182
