001, 1.080027, 0.01800045, 0.0003000075
002, 0.405026, 0.00675043333333, 0.000112507222222
003, 0.406423, 0.00677371666667, 0.000112895277778
004, 0.240297, 0.00400495, 6.67491666667e-05
005, 0.24493, 0.00408216666667, 6.80361111111e-05
006, 0.963075, 0.01605125, 0.000267520833333
007, 0.212644, 0.00354406666667, 5.90677777778e-05
008, 0.260598, 0.0043433, 7.23883333333e-05
009, 0.260433, 0.00434055, 7.23425e-05
010, 0.220376, 0.00367293333333, 6.12155555556e-05
011, 0.690407, 0.0115067833333, 0.000191779722222
012, 0.215411, 0.00359018333333, 5.98363888889e-05
013, 0.320276, 0.00533793333333, 8.89655555556e-05
014, 0.217635, 0.00362725, 6.04541666667e-05
015, 0.61009, 0.0101681666667, 0.000169469444444
016, 0.60389, 0.0100648333333, 0.000167747222222
017, 2.370672, 0.0395112, 0.00065852
018, 0.297805, 0.00496341666667, 8.27236111111e-05
019, 0.254298, 0.0042383, 7.06383333333e-05
020, 0.2205, 0.003675, 6.125e-05
021, 2.144747, 0.0357457833333, 0.000595763055556
022, 0.274142, 0.00456903333333, 7.61505555556e-05
023, 0.224591, 0.00374318333333, 6.23863888889e-05
024, 1.204737, 0.02007895, 0.000334649166667
025, 2.966076, 0.0494346, 0.00082391
026, 0.329978, 0.00549963333333, 9.16605555556e-05
027, 0.206164, 0.00343606666667, 5.72677777778e-05
028, 0.388674, 0.0064779, 0.000107965
029, 0.578873, 0.00964788333333, 0.000160798055556
030, 0.282719, 0.00471198333333, 7.85330555556e-05
031, 0.278239, 0.00463731666667, 7.72886111111e-05
032, 0.222908, 0.00371513333333, 6.19188888889e-05
033, 0.375156, 0.0062526, 0.00010421
034, 0.230727, 0.00384545, 6.40908333333e-05
035, 0.278425, 0.00464041666667, 7.73402777778e-05
036, 1.569325, 0.0261554166667, 0.000435923611111
037, 0.257004, 0.0042834, 7.139e-05
038, 0.418684, 0.00697806666667, 0.000116301111111
039, 0.374754, 0.0062459, 0.000104098333333
040, 0.210715, 0.00351191666667, 5.85319444444e-05
041, 0.341014, 0.00568356666667, 9.47261111111e-05
042, 0.247849, 0.00413081666667, 6.88469444444e-05
043, 0.228059, 0.00380098333333, 6.33497222222e-05
044, 0.263157, 0.00438595, 7.30991666667e-05
045, 0.205028, 0.00341713333333, 5.69522222222e-05
046, 0.307191, 0.00511985, 8.53308333333e-05
047, 0.210392, 0.00350653333333, 5.84422222222e-05
048, 0.265677, 0.00442795, 7.37991666667e-05
049, 0.600588, 0.0100098, 0.00016683
050, 0.82861, 0.0138101666667, 0.000230169444444
051, 0.235688, 0.00392813333333, 6.54688888889e-05
052, 0.477569, 0.00795948333333, 0.000132658055556
053, 0.344753, 0.00574588333333, 9.57647222222e-05
054, 0.310109, 0.00516848333333, 8.61413888889e-05
055, 0.20847, 0.0034745, 5.79083333333e-05
056, 1.52757, 0.0254595, 0.000424325
057, 0.285794, 0.00476323333333, 7.93872222222e-05
058, 1.29716, 0.0216193333333, 0.000360322222222
059, 0.200819, 0.00334698333333, 5.57830555556e-05
060, 0.202421, 0.00337368333333, 5.62280555556e-05
061, 0.219515, 0.00365858333333, 6.09763888889e-05
062, 0.441821, 0.00736368333333, 0.000122728055556
063, 0.202022, 0.00336703333333, 5.61172222222e-05
064, 0.308439, 0.00514065, 8.56775e-05
065, 0.204782, 0.00341303333333, 5.68838888889e-05
066, 0.205106, 0.00341843333333, 5.69738888889e-05
067, 0.216108, 0.0036018, 6.003e-05
068, 0.201554, 0.00335923333333, 5.59872222222e-05
069, 0.268314, 0.0044719, 7.45316666667e-05
070, 0.219694, 0.00366156666667, 6.10261111111e-05
071, 0.553423, 0.00922371666667, 0.000153728611111
072, 0.402423, 0.00670705, 0.000111784166667
073, 0.216568, 0.00360946666667, 6.01577777778e-05
074, 0.374835, 0.00624725, 0.000104120833333
075, 0.44378, 0.00739633333333, 0.000123272222222
076, 0.261058, 0.00435096666667, 7.25161111111e-05
077, 0.43433, 0.00723883333333, 0.000120647222222
078, 0.504105, 0.00840175, 0.000140029166667
079, 0.509952, 0.0084992, 0.000141653333333
080, 0.232537, 0.00387561666667, 6.45936111111e-05
081, 0.775298, 0.0129216333333, 0.000215360555556
082, 0.271202, 0.00452003333333, 7.53338888889e-05
083, 0.492998, 0.00821663333333, 0.000136943888889
084, 0.211265, 0.00352108333333, 5.86847222222e-05
085, 0.203919, 0.00339865, 5.66441666667e-05
086, 0.277839, 0.00463065, 7.71775e-05
087, 0.213236, 0.00355393333333, 5.92322222222e-05
088, 0.761491, 0.0126915166667, 0.000211525277778
089, 0.248988, 0.0041498, 6.91633333333e-05
090, 0.622837, 0.0103806166667, 0.000173010277778
091, 0.524423, 0.00874038333333, 0.000145673055556
092, 0.800454, 0.0133409, 0.000222348333333
093, 0.548162, 0.00913603333333, 0.000152267222222
094, 0.20929, 0.00348816666667, 5.81361111111e-05
095, 0.241023, 0.00401705, 6.69508333333e-05
096, 0.943961, 0.0157326833333, 0.000262211388889
097, 0.207983, 0.00346638333333, 5.77730555556e-05
098, 0.41486, 0.00691433333333, 0.000115238888889
099, 0.263876, 0.00439793333333, 7.32988888889e-05
100, 0.581339, 0.00968898333333, 0.000161483055556
101, 0.215927, 0.00359878333333, 5.99797222222e-05
102, 0.31075, 0.00517916666667, 8.63194444444e-05
103, 0.200405, 0.00334008333333, 5.56680555556e-05
104, 0.253419, 0.00422365, 7.03941666667e-05
105, 0.214334, 0.00357223333333, 5.95372222222e-05
106, 0.237707, 0.00396178333333, 6.60297222222e-05
107, 0.365292, 0.0060882, 0.00010147
108, 0.206507, 0.00344178333333, 5.73630555556e-05
109, 0.301165, 0.00501941666667, 8.36569444444e-05
110, 0.231465, 0.00385775, 6.42958333333e-05
111, 0.223209, 0.00372015, 6.20025e-05
112, 0.265111, 0.00441851666667, 7.36419444444e-05
113, 0.200072, 0.00333453333333, 5.55755555556e-05
114, 0.362929, 0.00604881666667, 0.000100813611111
115, 0.359713, 0.00599521666667, 9.99202777778e-05
116, 0.209762, 0.00349603333333, 5.82672222222e-05
117, 0.664247, 0.0110707833333, 0.000184513055556
118, 0.193564, 0.00322606666667, 5.37677777778e-05
119, 0.217736, 0.00362893333333, 6.04822222222e-05
120, 0.237466, 0.00395776666667, 6.59627777778e-05
121, 0.211729, 0.00352881666667, 5.88136111111e-05
122, 0.827983, 0.0137997166667, 0.000229995277778
123, 0.248986, 0.00414976666667, 6.91627777778e-05
124, 0.283378, 0.00472296666667, 7.87161111111e-05
125, 0.208635, 0.00347725, 5.79541666667e-05
126, 0.2078, 0.00346333333333, 5.77222222222e-05
127, 0.35641, 0.00594016666667, 9.90027777778e-05
128, 0.203677, 0.00339461666667, 5.65769444444e-05
129, 0.581875, 0.00969791666667, 0.000161631944444
130, 0.221436, 0.0036906, 6.151e-05
131, 0.270232, 0.00450386666667, 7.50644444444e-05
132, 0.201423, 0.00335705, 5.59508333333e-05
133, 0.205579, 0.00342631666667, 5.71052777778e-05
134, 0.214828, 0.00358046666667, 5.96744444444e-05
135, 0.857219, 0.0142869833333, 0.000238116388889
136, 0.445251, 0.00742085, 0.000123680833333
137, 0.414295, 0.00690491666667, 0.000115081944444
138, 0.526836, 0.0087806, 0.000146343333333
139, 0.655795, 0.0109299166667, 0.000182165277778
140, 0.2788, 0.00464666666667, 7.74444444444e-05
141, 0.206223, 0.00343705, 5.72841666667e-05
142, 0.756197, 0.0126032833333, 0.000210054722222
143, 0.258176, 0.00430293333333, 7.17155555556e-05
144, 0.207247, 0.00345411666667, 5.75686111111e-05
145, 0.369235, 0.00615391666667, 0.000102565277778
146, 0.741252, 0.0123542, 0.000205903333333
147, 0.238164, 0.0039694, 6.61566666667e-05
148, 0.267112, 0.00445186666667, 7.41977777778e-05
149, 0.29143, 0.00485716666667, 8.09527777778e-05
150, 0.283651, 0.00472751666667, 7.87919444444e-05
151, 0.27411, 0.0045685, 7.61416666667e-05
152, 0.226192, 0.00376986666667, 6.28311111111e-05
153, 0.413851, 0.00689751666667, 0.000114958611111
154, 0.842193, 0.01403655, 0.0002339425
155, 0.228246, 0.0038041, 6.34016666667e-05
156, 0.338956, 0.00564926666667, 9.41544444444e-05
157, 0.220328, 0.00367213333333, 6.12022222222e-05
158, 0.613541, 0.0102256833333, 0.000170428055556
159, 0.920386, 0.0153397666667, 0.000255662777778
160, 0.523477, 0.00872461666667, 0.000145410277778
161, 0.59026, 0.00983766666667, 0.000163961111111
162, 0.228754, 0.00381256666667, 6.35427777778e-05
163, 0.650354, 0.0108392333333, 0.000180653888889
164, 0.660736, 0.0110122666667, 0.000183537777778
165, 1.601176, 0.0266862666667, 0.000444771111111
166, 0.396329, 0.00660548333333, 0.000110091388889
167, 0.231467, 0.00385778333333, 6.42963888889e-05
168, 0.230934, 0.0038489, 6.41483333333e-05
169, 1.636022, 0.0272670333333, 0.000454450555556
170, 0.365678, 0.00609463333333, 0.000101577222222
171, 0.258394, 0.00430656666667, 7.17761111111e-05
172, 0.250208, 0.00417013333333, 6.95022222222e-05
173, 0.218509, 0.00364181666667, 6.06969444444e-05
174, 0.217855, 0.00363091666667, 6.05152777778e-05
175, 0.28498, 0.00474966666667, 7.91611111111e-05
176, 0.323241, 0.00538735, 8.97891666667e-05
177, 0.676062, 0.0112677, 0.000187795
178, 0.274004, 0.00456673333333, 7.61122222222e-05
179, 0.240405, 0.00400675, 6.67791666667e-05
180, 0.463248, 0.0077208, 0.00012868
181, 1.161349, 0.0193558166667, 0.000322596944444
182, 0.300298, 0.00500496666667, 8.34161111111e-05
183, 0.326572, 0.00544286666667, 9.07144444444e-05
184, 0.309414, 0.0051569, 8.59483333333e-05
185, 0.944201, 0.0157366833333, 0.000262278055556
186, 0.686392, 0.0114398666667, 0.000190664444444
187, 0.468401, 0.00780668333333, 0.000130111388889
188, 0.421413, 0.00702355, 0.000117059166667
189, 1.5517, 0.0258616666667, 0.000431027777778
190, 0.527011, 0.00878351666667, 0.000146391944444
191, 0.724856, 0.0120809333333, 0.000201348888889
192, 0.43222, 0.00720366666667, 0.000120061111111
193, 0.209954, 0.00349923333333, 5.83205555556e-05
194, 0.35337, 0.0058895, 9.81583333333e-05
195, 0.228788, 0.00381313333333, 6.35522222222e-05
196, 0.248512, 0.00414186666667, 6.90311111111e-05
197, 0.244989, 0.00408315, 6.80525e-05
198, 0.218945, 0.00364908333333, 6.08180555556e-05
199, 0.436672, 0.00727786666667, 0.000121297777778
200, 0.344375, 0.00573958333333, 9.56597222222e-05
201, 0.256554, 0.0042759, 7.1265e-05
202, 0.223292, 0.00372153333333, 6.20255555556e-05
203, 0.337757, 0.00562928333333, 9.38213888889e-05
204, 0.24081, 0.0040135, 6.68916666667e-05
205, 0.215497, 0.00359161666667, 5.98602777778e-05
206, 0.204133, 0.00340221666667, 5.67036111111e-05
207, 0.202314, 0.0033719, 5.61983333333e-05
208, 0.426131, 0.00710218333333, 0.000118369722222
209, 0.258685, 0.00431141666667, 7.18569444444e-05
210, 0.328542, 0.0054757, 9.12616666667e-05
211, 0.516555, 0.00860925, 0.0001434875
212, 0.332426, 0.00554043333333, 9.23405555556e-05
213, 0.320139, 0.00533565, 8.89275e-05
214, 0.209278, 0.00348796666667, 5.81327777778e-05
215, 0.350224, 0.00583706666667, 9.72844444444e-05
216, 0.392737, 0.00654561666667, 0.000109093611111
217, 0.221192, 0.00368653333333, 6.14422222222e-05
218, 0.505459, 0.00842431666667, 0.000140405277778
219, 0.611177, 0.0101862833333, 0.000169771388889
220, 0.359358, 0.0059893, 9.98216666667e-05
221, 0.586953, 0.00978255, 0.0001630425
222, 0.245814, 0.0040969, 6.82816666667e-05
223, 0.38891, 0.00648183333333, 0.000108030555556
224, 0.31622, 0.00527033333333, 8.78388888889e-05
225, 0.299969, 0.00499948333333, 8.33247222222e-05
226, 0.237462, 0.0039577, 6.59616666667e-05
227, 0.272223, 0.00453705, 7.56175e-05
228, 0.484983, 0.00808305, 0.0001347175
229, 0.365004, 0.0060834, 0.00010139
230, 0.645895, 0.0107649166667, 0.000179415277778
231, 0.293474, 0.00489123333333, 8.15205555556e-05
232, 0.294733, 0.00491221666667, 8.18702777778e-05
233, 0.331764, 0.0055294, 9.21566666667e-05
234, 0.348445, 0.00580741666667, 9.67902777778e-05
235, 0.28203, 0.0047005, 7.83416666667e-05
236, 0.495519, 0.00825865, 0.000137644166667
237, 0.262328, 0.00437213333333, 7.28688888889e-05
238, 0.376401, 0.00627335, 0.000104555833333
239, 0.329412, 0.0054902, 9.15033333333e-05
240, 0.428778, 0.0071463, 0.000119105
241, 0.266906, 0.00444843333333, 7.41405555556e-05
242, 0.216264, 0.0036044, 6.00733333333e-05
243, 0.208263, 0.00347105, 5.78508333333e-05
244, 0.207949, 0.00346581666667, 5.77636111111e-05
245, 0.211275, 0.00352125, 5.86875e-05
246, 0.341978, 0.00569963333333, 9.49938888889e-05
247, 0.278043, 0.00463405, 7.72341666667e-05
248, 0.245284, 0.00408806666667, 6.81344444444e-05
249, 0.237227, 0.00395378333333, 6.58963888889e-05
250, 0.495061, 0.00825101666667, 0.000137516944444
251, 0.282113, 0.00470188333333, 7.83647222222e-05
252, 0.527057, 0.00878428333333, 0.000146404722222
253, 0.830273, 0.0138378833333, 0.000230631388889
254, 0.33007, 0.00550116666667, 9.16861111111e-05
255, 1.26723, 0.0211205, 0.000352008333333
256, 0.715633, 0.0119272166667, 0.000198786944444
257, 0.261426, 0.0043571, 7.26183333333e-05
258, 0.364953, 0.00608255, 0.000101375833333
259, 0.397927, 0.00663211666667, 0.000110535277778
260, 0.752431, 0.0125405166667, 0.000209008611111
261, 0.263652, 0.0043942, 7.32366666667e-05
262, 0.298151, 0.00496918333333, 8.28197222222e-05
263, 0.32808, 0.005468, 9.11333333333e-05
264, 0.2717, 0.00452833333333, 7.54722222222e-05
265, 0.997547, 0.0166257833333, 0.000277096388889
266, 0.310383, 0.00517305, 8.62175e-05
267, 0.248787, 0.00414645, 6.91075e-05
268, 0.661502, 0.0110250333333, 0.000183750555556
269, 0.2118, 0.00353, 5.88333333333e-05
270, 0.304335, 0.00507225, 8.45375e-05
271, 0.260589, 0.00434315, 7.23858333333e-05
272, 0.219975, 0.00366625, 6.11041666667e-05
273, 0.21266, 0.00354433333333, 5.90722222222e-05
274, 0.596807, 0.00994678333333, 0.000165779722222
275, 0.278276, 0.00463793333333, 7.72988888889e-05
276, 1.162941, 0.01938235, 0.000323039166667
277, 0.28098, 0.004683, 7.805e-05
278, 0.342598, 0.00570996666667, 9.51661111111e-05
279, 0.386762, 0.00644603333333, 0.000107433888889
280, 0.434608, 0.00724346666667, 0.000120724444444
281, 0.59723, 0.00995383333333, 0.000165897222222
282, 0.267526, 0.00445876666667, 7.43127777778e-05
283, 0.200699, 0.00334498333333, 5.57497222222e-05
284, 0.54942, 0.009157, 0.000152616666667
285, 0.425883, 0.00709805, 0.000118300833333
286, 0.482927, 0.00804878333333, 0.000134146388889
287, 0.307639, 0.00512731666667, 8.54552777778e-05
288, 0.207891, 0.00346485, 5.77475e-05
289, 0.251313, 0.00418855, 6.98091666667e-05
290, 0.246182, 0.00410303333333, 6.83838888889e-05
291, 0.247794, 0.0041299, 6.88316666667e-05
292, 0.475244, 0.00792073333333, 0.000132012222222
293, 0.271756, 0.00452926666667, 7.54877777778e-05
294, 0.237333, 0.00395555, 6.59258333333e-05
295, 0.36275, 0.00604583333333, 0.000100763888889
296, 0.536772, 0.0089462, 0.000149103333333
297, 0.272599, 0.00454331666667, 7.57219444444e-05
298, 0.639644, 0.0106607333333, 0.000177678888889
299, 0.293612, 0.00489353333333, 8.15588888889e-05
300, 0.2063, 0.00343833333333, 5.73055555556e-05
301, 0.329764, 0.00549606666667, 9.16011111111e-05
302, 0.974533, 0.0162422166667, 0.000270703611111
303, 0.403332, 0.0067222, 0.000112036666667
304, 0.207454, 0.00345756666667, 5.76261111111e-05
305, 0.567856, 0.00946426666667, 0.000157737777778
306, 0.209872, 0.00349786666667, 5.82977777778e-05
307, 0.252895, 0.00421491666667, 7.02486111111e-05
308, 0.204322, 0.00340536666667, 5.67561111111e-05
309, 0.467396, 0.00778993333333, 0.000129832222222
310, 0.259644, 0.0043274, 7.21233333333e-05
311, 0.679659, 0.01132765, 0.000188794166667
312, 0.640682, 0.0106780333333, 0.000177967222222
313, 0.343244, 0.00572073333333, 9.53455555556e-05
314, 0.332465, 0.00554108333333, 9.23513888889e-05
315, 0.46147, 0.00769116666667, 0.000128186111111
316, 0.232156, 0.00386926666667, 6.44877777778e-05
317, 0.217816, 0.00363026666667, 6.05044444444e-05
318, 2.39932, 0.0399886666667, 0.000666477777778
319, 0.325245, 0.00542075, 9.03458333333e-05
320, 0.389699, 0.00649498333333, 0.000108249722222
321, 0.565001, 0.00941668333333, 0.000156944722222
322, 0.207833, 0.00346388333333, 5.77313888889e-05
323, 0.213157, 0.00355261666667, 5.92102777778e-05
324, 0.265859, 0.00443098333333, 7.38497222222e-05
325, 0.22582, 0.00376366666667, 6.27277777778e-05
326, 0.33697, 0.00561616666667, 9.36027777778e-05
327, 0.258998, 0.00431663333333, 7.19438888889e-05
328, 0.218745, 0.00364575, 6.07625e-05
329, 0.237845, 0.00396408333333, 6.60680555556e-05
330, 0.22174, 0.00369566666667, 6.15944444444e-05
331, 0.214207, 0.00357011666667, 5.95019444444e-05
332, 0.881208, 0.0146868, 0.00024478
333, 0.244753, 0.00407921666667, 6.79869444444e-05
334, 0.323764, 0.00539606666667, 8.99344444444e-05
335, 0.20984, 0.00349733333333, 5.82888888889e-05
336, 0.441306, 0.0073551, 0.000122585
337, 0.232605, 0.00387675, 6.46125e-05
338, 0.39958, 0.00665966666667, 0.000110994444444
339, 0.278911, 0.00464851666667, 7.74752777778e-05
340, 0.207525, 0.00345875, 5.76458333333e-05
341, 0.342758, 0.00571263333333, 9.52105555556e-05
342, 0.306084, 0.0051014, 8.50233333333e-05
343, 0.209935, 0.00349891666667, 5.83152777778e-05
344, 0.692063, 0.0115343833333, 0.000192239722222
345, 0.792789, 0.01321315, 0.000220219166667
346, 0.68531, 0.0114218333333, 0.000190363888889
347, 0.330556, 0.00550926666667, 9.18211111111e-05
348, 0.35585, 0.00593083333333, 9.88472222222e-05
349, 0.35212, 0.00586866666667, 9.78111111111e-05
350, 0.228491, 0.00380818333333, 6.34697222222e-05
351, 0.231514, 0.00385856666667, 6.43094444444e-05
352, 0.223912, 0.00373186666667, 6.21977777778e-05
353, 0.225833, 0.00376388333333, 6.27313888889e-05
354, 0.2681, 0.00446833333333, 7.44722222222e-05
355, 0.254352, 0.0042392, 7.06533333333e-05
356, 0.34321, 0.00572016666667, 9.53361111111e-05
357, 0.480438, 0.0080073, 0.000133455
358, 0.280482, 0.0046747, 7.79116666667e-05
359, 0.324447, 0.00540745, 9.01241666667e-05
360, 1.195048, 0.0199174666667, 0.000331957777778
361, 0.229735, 0.00382891666667, 6.38152777778e-05
362, 0.233961, 0.00389935, 6.49891666667e-05
363, 0.290982, 0.0048497, 8.08283333333e-05
364, 0.285267, 0.00475445, 7.92408333333e-05
365, 0.395844, 0.0065974, 0.000109956666667
366, 0.52438, 0.00873966666667, 0.000145661111111
367, 0.240609, 0.00401015, 6.68358333333e-05
368, 0.210838, 0.00351396666667, 5.85661111111e-05
369, 0.65616, 0.010936, 0.000182266666667
370, 0.311981, 0.00519968333333, 8.66613888889e-05
371, 0.210488, 0.00350813333333, 5.84688888889e-05
372, 0.782603, 0.0130433833333, 0.000217389722222
373, 1.07911, 0.0179851666667, 0.000299752777778
374, 0.431416, 0.00719026666667, 0.000119837777778
375, 0.209737, 0.00349561666667, 5.82602777778e-05
376, 0.233072, 0.00388453333333, 6.47422222222e-05
377, 0.284796, 0.0047466, 7.911e-05
378, 0.460747, 0.00767911666667, 0.000127985277778
379, 5.486235, 0.09143725, 0.00152395416667
380, 0.586318, 0.00977196666667, 0.000162866111111
381, 0.480915, 0.00801525, 0.0001335875
382, 0.30045, 0.0050075, 8.34583333333e-05
383, 0.321511, 0.00535851666667, 8.93086111111e-05
384, 0.227808, 0.0037968, 6.328e-05
385, 0.655345, 0.0109224166667, 0.000182040277778
386, 0.500812, 0.00834686666667, 0.000139114444444
387, 0.207367, 0.00345611666667, 5.76019444444e-05
388, 0.223616, 0.00372693333333, 6.21155555556e-05
389, 1.337865, 0.02229775, 0.000371629166667
390, 0.283273, 0.00472121666667, 7.86869444444e-05
391, 0.576342, 0.0096057, 0.000160095
392, 0.204323, 0.00340538333333, 5.67563888889e-05
393, 0.479221, 0.00798701666667, 0.000133116944444
394, 1.227497, 0.0204582833333, 0.000340971388889
395, 0.198723, 0.00331205, 5.52008333333e-05
396, 0.219173, 0.00365288333333, 6.08813888889e-05
397, 0.634926, 0.0105821, 0.000176368333333
398, 0.379477, 0.00632461666667, 0.000105410277778
399, 0.435545, 0.00725908333333, 0.000120984722222
400, 0.25965, 0.0043275, 7.2125e-05
