1, 1
2, 196
3, 181
4, 284
5, 202
6, 169
7, 174
8, 220
9, 142
10, 267
11, 165
12, 158
13, 167
14, 270
15, 176
16, 211
17, 155
18, 560
19, 314
20, 389
21, 678
22, 280
23, 262
24, 335
25, 209
26, 181
27, 310
28, 283
29, 174
30, 284
31, 452
32, 150
33, 271
34, 526
35, 153
36, 223
37, 144
38, 217
39, 168
40, 199
41, 138
42, 264
43, 234
44, 433
45, 237
46, 305
47, 243
48, 148
49, 232
50, 133
51, 175
52, 273
53, 239
54, 144
55, 202
56, 444
57, 315
58, 228
59, 139
60, 241
61, 169
62, 207
63, 183
64, 187
65, 146
66, 154
67, 195
68, 434
69, 193
70, 190
71, 316
72, 377
73, 433
74, 408
75, 260
76, 172
77, 166
78, 376
79, 206
80, 389
81, 158
82, 142
83, 162
84, 207
85, 146
86, 338
87, 222
88, 145
89, 193
90, 270
91, 253
92, 185
93, 132
94, 199
95, 241
96, 753
97, 150
98, 143
99, 291
100, 316
