1, 278
2, 191
3, 204
4, 203
5, 219
6, 221
7, 182
8, 254
9, 183
10, 230
11, 190
12, 191
13, 196
14, 398
15, 184
16, 344
17, 193
18, 247
19, 204
20, 318
21, 220
22, 208
23, 189
24, 298
25, 200
26, 184
27, 205
28, 198
29, 198
30, 270
31, 323
32, 189
33, 219
34, 410
35, 186
36, 204
37, 186
38, 226
39, 187
40, 197
41, 183
42, 238
43, 208
44, 429
45, 191
46, 312
47, 219
48, 194
49, 182
50, 183
51, 287
52, 260
53, 233
54, 183
55, 195
56, 322
57, 300
58, 208
59, 183
60, 232
61, 184
62, 251
63, 198
64, 236
65, 196
66, 187
67, 196
68, 344
69, 289
70, 195
71, 283
72, 198
73, 216
74, 193
75, 251
76, 230
77, 200
78, 190
79, 303
80, 187
81, 191
82, 183
83, 183
84, 236
85, 197
86, 191
87, 305
88, 183
89, 205
90, 264
91, 231
92, 203
93, 181
94, 198
95, 217
96, 562
97, 183
98, 191
99, 194
100, 282
