3, 186
4, 173
5, 205
6, 174
7, 156
8, 264
9, 155
10, 231
11, 168
12, 168
13, 175
14, 223
15, 208
16, 216
17, 170
18, 249
19, 268
20, 333
21, 384
22, 214
23, 213
24, 313
25, 189
26, 159
27, 168
28, 190
29, 181
30, 231
31, 330
32, 169
33, 202
34, 452
35, 156
36, 207
37, 160
38, 207
39, 173
40, 226
41, 155
42, 246
43, 226
44, 286
45, 185
46, 304
47, 202
48, 162
49, 155
50, 153
51, 185
52, 263
53, 215
54, 156
55, 179
56, 383
57, 276
58, 196
59, 154
60, 232
61, 165
62, 201
63, 197
64, 184
65, 162
66, 162
67, 187
68, 361
69, 216
70, 170
71, 292
72, 323
73, 272
74, 525
75, 294
76, 201
77, 174
78, 248
79, 232
80, 184
81, 167
82, 159
83, 160
84, 216
85, 169
86, 281
87, 357
88, 157
89, 247
90, 257
91, 217
92, 189
93, 153
94, 188
95, 220
96, 638
97, 157
98, 173
99, 179
100, 274
