1, 294
2, 177
3, 194
4, 187
5, 211
6, 240
7, 167
8, 244
9, 167
10, 225
11, 176
12, 178
13, 182
14, 417
15, 183
16, 339
17, 182
18, 244
19, 197
20, 321
21, 354
22, 218
23, 189
24, 304
25, 191
26, 169
27, 195
28, 189
29, 183
30, 235
31, 313
32, 178
33, 210
34, 433
35, 172
36, 239
37, 171
38, 217
39, 178
40, 183
41, 168
42, 240
43, 211
44, 470
45, 176
46, 307
47, 208
48, 177
49, 167
50, 167
51, 209
52, 260
53, 230
54, 168
55, 184
56, 353
57, 268
58, 202
59, 167
60, 230
61, 173
62, 266
63, 198
64, 236
65, 184
66, 173
67, 190
68, 337
69, 222
70, 181
71, 287
72, 292
73, 240
74, 214
75, 273
76, 202
77, 186
78, 177
79, 350
80, 174
81, 178
82, 170
83, 169
84, 223
85, 211
86, 211
87, 333
88, 168
89, 241
90, 255
91, 221
92, 194
93, 166
94, 187
95, 223
96, 582
97, 168
98, 179
99, 182
100, 259
