1, 1
2, 194
3, 183
4, 194
5, 202
6, 167
7, 157
8, 235
9, 145
10, 248
11, 165
12, 162
13, 175
14, 287
15, 174
16, 209
17, 161
18, 568
19, 358
20, 361
21, 482
22, 250
23, 239
24, 318
25, 189
26, 161
27, 158
28, 177
29, 176
30, 232
31, 418
32, 165
33, 222
34, 484
35, 156
36, 216
37, 150
38, 205
39, 171
40, 208
41, 145
42, 254
43, 224
44, 289
45, 208
46, 302
47, 221
48, 153
49, 173
50, 142
51, 177
52, 264
53, 223
54, 147
55, 171
56, 414
57, 294
58, 204
59, 146
60, 238
61, 165
62, 201
63, 197
64, 183
65, 153
66, 156
67, 144
68, 390
69, 257
70, 191
71, 304
72, 342
73, 405
74, 323
75, 306
76, 176
77, 172
78, 343
79, 248
80, 201
81, 163
82, 147
83, 158
84, 210
85, 155
86, 315
87, 401
88, 152
89, 258
90, 216
91, 240
92, 186
93, 142
94, 191
95, 232
96, 697
97, 152
98, 152
99, 181
100, 284
