1, 166
2, 119
3, 169
4, 129
5, 236
6, 100
7, 100
8, 215
9, 103
10, 240
11, 158
12, 171
13, 154
14, 108
15, 144
16, 236
17, 109
18, 410
19, 158
20, 220
21, 120
22, 123
23, 159
24, 196
25, 118
26, 106
27, 134
28, 171
29, 309
30, 100
31, 108
32, 115
33, 145
34, 102
35, 99
36, 106
37, 105
38, 113
39, 102
40, 101
41, 257
42, 113
43, 226
44, 116
45, 105
46, 131
47, 117
48, 122
49, 102
50, 387
51, 285
52, 114
53, 100
54, 104
55, 318
56, 122
57, 122
58, 103
59, 102
60, 230
61, 238
62, 234
63, 108
64, 247
65, 115
66, 102
67, 103
68, 121
69, 102
70, 133
71, 145
72, 132
73, 224
74, 215
75, 188
76, 113
77, 693
78, 177
79, 135
80, 101
81, 114
82, 194
83, 103
84, 151
85, 107
86, 101
87, 120
88, 151
89, 135
90, 113
91, 203
92, 200
93, 169
94, 112
95, 113
96, 104
97, 148
98, 137
99, 110
100, 106
101, 107
102, 112
103, 103
104, 182
105, 99
106, 125
107, 99
108, 157
109, 209
110, 101
111, 104
112, 104
113, 145
114, 110
115, 114
116, 163
117, 109
118, 249
119, 112
120, 152
121, 172
122, 113
123, 129
124, 112
125, 104
126, 121
127, 253
128, 163
129, 244
130, 116
131, 233
132, 158
133, 133
134, 146
135, 120
136, 113
137, 99
138, 141
139, 131
140, 102
141, 101
142, 133
143, 100
144, 111
145, 143
146, 143
147, 170
148, 116
149, 105
150, 187
