1, 181
2, 130
3, 257
4, 151
5, 221
6, 288
7, 256
8, 217
9, 255
10, 90
11, 172
12, 125
13, 147
14, 155
15, 147
16, 186
17, 186
18, 159
19, 111
20, 97
21, 89
22, 88
23, 144
24, 802
25, 226
26, 116
27, 233
28, 93
29, 95
30, 90
31, 115
32, 86
33, 96
34, 108
35, 181
36, 127
37, 163
38, 127
39, 138
40, 226
41, 97
42, 254
43, 91
44, 177
45, 253
46, 237
47, 133
48, 161
49, 112
50, 1273
51, 95
52, 92
53, 184
54, 182
55, 98
56, 87
57, 119
58, 202
59, 128
60, 310
61, 378
62, 188
63, 241
64, 107
65, 164
66, 87
67, 190
68, 157
69, 92
70, 202
71, 429
72, 92
73, 91
74, 128
75, 206
76, 121
77, 90
78, 115
79, 100
80, 90
81, 89
82, 87
83, 101
84, 131
85, 148
86, 732
87, 89
88, 146
89, 88
90, 93
91, 102
92, 235
93, 251
94, 161
95, 132
96, 3940
97, 243
98, 246
99, 152
100, 213
101, 320
102, 89
103, 175
104, 184
105, 169
106, 102
107, 214
108, 240
109, 113
110, 1665
111, 166
112, 141
113, 179
114, 189
115, 217
116, 182
117, 405
118, 317
119, 145
120, 88
121, 92
122, 246
123, 91
124, 113
125, 138
126, 144
127, 193
128, 140
129, 277
130, 181
131, 92
132, 136
133, 136
134, 184
135, 141
136, 92
137, 142
138, 96
139, 89
140, 88
141, 93
142, 87
143, 91
144, 94
145, 133
146, 349
147, 127
148, 110
149, 87
150, 167
151, 230
152, 375
153, 285
154, 130
155, 108
156, 115
157, 168
158, 121
159, 98
160, 110
161, 157
162, 130
163, 130
164, 101
165, 111
166, 152
167, 90
168, 345
169, 86
170, 198
171, 115
172, 99
173, 307
174, 133
175, 199
176, 265
177, 131
178, 90
179, 166
180, 127
181, 266
182, 104
183, 89
184, 103
185, 107
186, 181
187, 183
188, 105
189, 101
190, 180
