1, 162
2, 115
3, 165
4, 129
5, 241
6, 95
7, 95
8, 209
9, 99
10, 262
11, 160
12, 166
13, 150
14, 107
15, 159
16, 255
17, 105
18, 413
19, 152
20, 215
21, 118
22, 122
23, 169
24, 198
25, 116
26, 108
27, 136
28, 174
29, 326
30, 95
31, 108
32, 111
33, 144
34, 98
35, 94
36, 102
37, 100
38, 114
39, 100
40, 96
41, 262
42, 111
43, 239
44, 120
45, 111
46, 129
47, 120
48, 124
49, 99
50, 412
51, 312
52, 129
53, 95
54, 99
55, 329
56, 119
57, 119
58, 99
59, 97
60, 253
61, 241
62, 252
63, 120
64, 250
65, 134
66, 97
67, 98
68, 117
69, 98
70, 132
71, 133
72, 143
73, 220
74, 219
75, 190
76, 110
77, 732
78, 189
79, 121
80, 96
81, 110
82, 192
83, 100
84, 154
85, 104
86, 96
87, 116
88, 148
89, 130
90, 109
91, 214
92, 200
93, 172
94, 108
95, 136
96, 99
97, 158
98, 143
99, 111
100, 103
101, 104
102, 111
103, 103
104, 186
105, 94
106, 123
107, 94
108, 156
109, 208
110, 96
111, 99
112, 101
113, 142
114, 108
115, 113
116, 169
117, 105
118, 262
119, 108
120, 154
121, 176
122, 115
123, 123
124, 110
125, 102
126, 118
127, 263
128, 164
129, 251
130, 116
131, 231
132, 171
133, 133
134, 152
135, 117
136, 111
137, 94
138, 145
139, 133
140, 97
141, 96
142, 129
143, 96
144, 108
145, 155
146, 143
147, 181
148, 114
149, 110
150, 199
