1, 160
2, 114
3, 161
4, 129
5, 245
6, 90
7, 90
8, 209
9, 95
10, 282
11, 154
12, 161
13, 155
14, 107
15, 172
16, 272
17, 106
18, 414
19, 164
20, 224
21, 116
22, 117
23, 180
24, 201
25, 112
26, 108
27, 134
28, 176
29, 343
30, 91
31, 112
32, 112
33, 145
34, 94
35, 90
36, 97
37, 97
38, 115
39, 96
40, 92
41, 273
42, 109
43, 252
44, 133
45, 122
46, 129
47, 124
48, 173
49, 95
50, 439
51, 338
52, 141
53, 92
54, 96
55, 327
56, 119
57, 116
58, 95
59, 92
60, 273
61, 242
62, 269
63, 131
64, 254
65, 149
66, 92
67, 94
68, 114
69, 97
70, 130
71, 137
72, 152
73, 214
74, 226
75, 194
76, 107
77, 771
78, 201
79, 118
80, 91
81, 107
82, 200
83, 98
84, 152
85, 101
86, 93
87, 115
88, 142
89, 129
90, 106
91, 225
92, 197
93, 164
94, 103
95, 137
96, 95
97, 168
98, 147
99, 111
100, 98
101, 107
102, 110
103, 101
104, 189
105, 91
106, 126
107, 89
108, 152
109, 210
110, 92
111, 94
112, 100
113, 139
114, 106
115, 112
116, 168
117, 103
118, 275
119, 105
120, 146
121, 181
122, 117
123, 137
124, 108
125, 103
126, 116
127, 271
128, 168
129, 257
130, 118
131, 252
132, 183
133, 138
134, 157
135, 115
136, 110
137, 91
138, 149
139, 133
140, 93
141, 91
142, 126
143, 93
144, 104
145, 167
146, 141
147, 192
148, 114
149, 210
150, 222
