1, 169
2, 123
3, 171
4, 133
5, 248
6, 106
7, 106
8, 219
9, 108
10, 232
11, 155
12, 173
13, 159
14, 112
15, 139
16, 218
17, 110
18, 406
19, 196
20, 230
21, 119
22, 124
23, 151
24, 195
25, 123
26, 113
27, 132
28, 169
29, 138
30, 105
31, 111
32, 119
33, 147
34, 107
35, 104
36, 112
37, 110
38, 120
39, 105
40, 107
41, 252
42, 117
43, 214
44, 115
45, 110
46, 133
47, 120
48, 120
49, 107
50, 362
51, 258
52, 116
53, 105
54, 108
55, 302
56, 126
57, 124
58, 109
59, 107
60, 205
61, 237
62, 214
63, 106
64, 246
65, 125
66, 107
67, 108
68, 126
69, 107
70, 138
71, 141
72, 120
73, 227
74, 209
75, 193
76, 116
77, 655
78, 166
79, 145
80, 106
81, 119
82, 192
83, 107
84, 145
85, 111
86, 106
87, 125
88, 154
89, 136
90, 118
91, 193
92, 199
93, 164
94, 118
95, 112
96, 109
97, 137
98, 132
99, 116
100, 109
101, 115
102, 113
103, 108
104, 178
105, 104
106, 126
107, 105
108, 158
109, 222
110, 107
111, 110
112, 108
113, 146
114, 112
115, 116
116, 165
117, 113
118, 237
119, 116
120, 152
121, 177
122, 113
123, 126
124, 117
125, 107
126, 122
127, 251
128, 160
129, 236
130, 120
131, 221
132, 143
133, 127
134, 142
135, 124
136, 114
137, 104
138, 139
139, 130
140, 108
141, 106
142, 137
143, 105
144, 116
145, 129
146, 146
147, 159
148, 120
149, 117
150, 182
