1, 161
2, 112
3, 159
4, 126
5, 247
6, 86
7, 86
8, 206
9, 93
10, 300
11, 154
12, 162
13, 159
14, 111
15, 183
16, 288
17, 108
18, 415
19, 174
20, 233
21, 115
22, 117
23, 191
24, 204
25, 110
26, 106
27, 132
28, 180
29, 359
30, 88
31, 116
32, 112
33, 144
34, 90
35, 87
36, 94
37, 95
38, 114
39, 98
40, 88
41, 283
42, 106
43, 265
44, 151
45, 132
46, 130
47, 128
48, 173
49, 92
50, 189
51, 363
52, 150
53, 89
54, 94
55, 266
56, 123
57, 115
58, 90
59, 88
60, 293
61, 240
62, 285
63, 141
64, 257
65, 162
66, 88
67, 91
68, 110
69, 98
70, 127
71, 138
72, 162
73, 209
74, 242
75, 197
76, 105
77, 810
78, 213
79, 116
80, 87
81, 105
82, 208
83, 96
84, 164
85, 99
86, 89
87, 112
88, 143
89, 128
90, 105
91, 236
92, 192
93, 170
94, 101
95, 143
96, 92
97, 178
98, 148
99, 110
100, 99
101, 104
102, 111
103, 97
104, 189
105, 88
106, 130
107, 85
108, 151
109, 211
110, 87
111, 90
112, 100
113, 140
114, 105
115, 113
116, 178
117, 102
118, 288
119, 102
120, 139
121, 186
122, 118
123, 149
124, 107
125, 105
126, 117
127, 165
128, 367
129, 263
130, 118
131, 273
132, 196
133, 150
134, 162
135, 112
136, 120
137, 88
138, 154
139, 134
140, 89
141, 87
142, 123
143, 92
144, 102
145, 178
146, 135
147, 203
148, 111
149, 218
150, 401
