1, 182
2, 362
3, 359
4, 764
5, 319
6, 353
7, 183
8, 216
9, 306
10, 238
11, 258
12, 267
13, 711
14, 266
15, 321
16, 480
17, 277
18, 221
19, 445
20, 922
21, 1011
22, 483
23, 214
24, 322
25, 256
26, 183
27, 347
28, 310
29, 185
30, 182
31, 182
32, 225
33, 186
34, 268
35, 427
36, 276
37, 209
38, 213
39, 187
40, 238
41, 876
42, 240
43, 184
44, 276
45, 337
46, 196
47, 183
48, 191
49, 182
50, 309
51, 281
52, 183
53, 188
54, 183
55, 407
56, 182
57, 212
58, 182
59, 239
60, 262
61, 207
62, 273
63, 242
64, 190
65, 186
66, 183
67, 195
68, 198
69, 635
70, 264
71, 201
72, 183
73, 199
74, 188
75, 317
76, 247
77, 352
78, 182
79, 443
80, 183
81, 229
82, 211
83, 206
84, 221
85, 260
86, 193
87, 197
88, 185
89, 232
90, 191
91, 248
92, 320
93, 255
94, 417
95, 185
96, 198
97, 421
98, 338
99, 215
100, 544
101, 500
102, 297
103, 339
104, 186
105, 283
106, 214
107, 388
108, 274
109, 294
110, 247
111, 341
112, 409
113, 264
114, 182
115, 183
116, 184
117, 261
118, 1064
119, 302
120, 198
121, 483
122, 183
123, 201
124, 183
125, 208
126, 234
127, 472
128, 720
129, 541
130, 299
131, 185
132, 191
133, 1496
134, 376
135, 293
136, 217
137, 511
138, 343
139, 214
140, 323
141, 295
142, 185
143, 278
144, 183
145, 420
146, 1574
147, 427
148, 182
149, 320
150, 184
151, 545
152, 579
153, 276
154, 227
155, 464
156, 187
157, 200
158, 192
159, 404
160, 364
161, 267
162, 448
163, 540
164, 285
165, 273
166, 244
167, 372
168, 261
169, 330
170, 340
171, 278
172, 205
173, 284
174, 562
175, 269
176, 366
177, 195
178, 400
179, 184
180, 182
181, 282
182, 184
183, 242
184, 235
185, 182
186, 610
187, 235
188, 183
189, 183
190, 187
191, 182
192, 183
193, 186
194, 183
195, 186
196, 197
197, 661
198, 188
199, 225
200, 216
