1, 374
2, 288
3, 288
4, 287
5, 288
6, 287
7, 289
8, 317
9, 342
10, 288
11, 395
12, 287
13, 463
14, 581
15, 486
16, 495
17, 651
18, 439
19, 288
20, 288
21, 288
22, 288
23, 288
24, 288
25, 288
26, 289
27, 301
28, 288
29, 288
30, 287
31, 295
32, 289
33, 301
34, 290
35, 287
36, 429
37, 288
38, 288
39, 288
40, 325
41, 337
42, 459
43, 835
44, 447
45, 288
46, 295
47, 356
48, 359
49, 419
50, 288
51, 626
52, 1204
53, 618
54, 296
55, 520
56, 288
57, 287
58, 342
59, 372
60, 347
61, 1054
62, 300
63, 311
64, 307
65, 342
66, 324
67, 435
68, 407
69, 288
70, 1475
71, 306
72, 638
73, 496
74, 300
75, 334
76, 881
77, 1257
78, 480
79, 414
80, 451
81, 591
82, 725
83, 436
84, 291
85, 1677
86, 290
87, 289
88, 389
89, 505
90, 431
91, 392
92, 363
93, 414
94, 288
95, 288
96, 379
97, 359
98, 289
99, 304
100, 343
